nuts3_id;date;cases_daily;cases
DK011;26-Feb-20;0;0
DK011;27-Feb-20;1;1
DK011;28-Feb-20;0;1
DK011;01-Mar-20;1;2
DK011;02-Mar-20;2;4
DK011;03-Mar-20;4;8
DK011;04-Mar-20;1;9
DK011;05-Mar-20;5;14
DK011;06-Mar-20;0;14
DK011;07-Mar-20;2;16
DK011;08-Mar-20;5;21
DK011;09-Mar-20;29;50
DK011;10-Mar-20;63;113
DK011;11-Mar-20;43;156
DK011;12-Mar-20;9;165
DK011;13-Mar-20;11;176
DK011;14-Mar-20;6;182
DK011;15-Mar-20;11;193
DK011;16-Mar-20;27;220
DK011;17-Mar-20;24;244
DK011;18-Mar-20;24;268
DK011;19-Mar-20;27;295
DK011;20-Mar-20;26;321
DK011;21-Mar-20;8;329
DK011;22-Mar-20;17;346
DK011;23-Mar-20;33;379
DK011;24-Mar-20;36;415
DK011;25-Mar-20;35;450
DK011;26-Mar-20;38;488
DK011;27-Mar-20;60;548
DK011;28-Mar-20;62;610
DK011;29-Mar-20;46;656
DK011;30-Mar-20;68;724
DK011;31-Mar-20;59;783
DK011;01-Apr-20;53;836
DK011;02-Apr-20;83;919
DK011;03-Apr-20;115;1034
DK011;04-Apr-20;114;1148
DK011;05-Apr-20;48;1196
DK011;06-Apr-20;121;1317
DK011;07-Apr-20;81;1398
DK011;08-Apr-20;78;1476
DK011;09-Apr-20;33;1509
DK011;10-Apr-20;39;1548
DK011;11-Apr-20;30;1578
DK011;12-Apr-20;31;1609
DK011;13-Apr-20;38;1647
DK011;14-Apr-20;48;1695
DK011;15-Apr-20;47;1742
DK011;16-Apr-20;40;1782
DK011;17-Apr-20;32;1814
DK011;18-Apr-20;30;1844
DK011;19-Apr-20;30;1874
DK011;20-Apr-20;55;1929
DK011;21-Apr-20;50;1979
DK011;22-Apr-20;51;2030
DK011;23-Apr-20;44;2074
DK011;24-Apr-20;49;2123
DK011;25-Apr-20;35;2158
DK011;26-Apr-20;37;2195
DK011;27-Apr-20;53;2248
DK011;28-Apr-20;38;2286
DK011;29-Apr-20;32;2318
DK011;30-Apr-20;41;2359
DK011;01-May-20;32;2391
DK011;02-May-20;27;2418
DK011;03-May-20;30;2448
DK011;04-May-20;32;2480
DK011;05-May-20;35;2515
DK011;06-May-20;38;2553
DK011;07-May-20;24;2577
DK011;08-May-20;18;2595
DK011;09-May-20;16;2611
DK011;10-May-20;14;2625
DK011;11-May-20;15;2640
DK011;12-May-20;15;2655
DK011;13-May-20;13;2668
DK011;14-May-20;12;2680
DK011;15-May-20;21;2701
DK011;16-May-20;8;2709
DK011;17-May-20;13;2722
DK011;18-May-20;27;2749
DK011;19-May-20;19;2768
DK011;20-May-20;14;2782
DK011;21-May-20;10;2792
DK011;22-May-20;14;2806
DK011;23-May-20;7;2813
DK011;24-May-20;7;2820
DK011;25-May-20;5;2825
DK011;26-May-20;21;2846
DK011;27-May-20;8;2854
DK011;28-May-20;7;2861
DK011;29-May-20;6;2867
DK011;30-May-20;8;2875
DK011;31-May-20;8;2883
DK011;01-Jun-20;8;2891
DK011;02-Jun-20;6;2897
DK011;03-Jun-20;10;2907
DK011;04-Jun-20;8;2915
DK011;05-Jun-20;8;2923
DK011;06-Jun-20;2;2925
DK011;07-Jun-20;5;2930
DK011;08-Jun-20;9;2939
DK011;09-Jun-20;10;2949
DK011;10-Jun-20;11;2960
DK011;11-Jun-20;12;2972
DK011;12-Jun-20;7;2979
DK011;13-Jun-20;4;2983
DK011;14-Jun-20;4;2987
DK011;15-Jun-20;11;2998
DK011;16-Jun-20;7;3005
DK011;17-Jun-20;15;3020
DK011;18-Jun-20;11;3031
DK011;19-Jun-20;7;3038
DK011;20-Jun-20;9;3047
DK011;21-Jun-20;16;3063
DK011;22-Jun-20;16;3079
DK011;23-Jun-20;3;3082
DK011;24-Jun-20;6;3088
DK011;25-Jun-20;9;3097
DK011;26-Jun-20;3;3100
DK011;27-Jun-20;3;3103
DK011;28-Jun-20;3;3106
DK011;29-Jun-20;10;3116
DK011;30-Jun-20;5;3121
DK011;01-Jul-20;3;3124
DK011;02-Jul-20;10;3134
DK011;03-Jul-20;4;3138
DK011;04-Jul-20;5;3143
DK011;05-Jul-20;6;3149
DK011;06-Jul-20;4;3153
DK011;07-Jul-20;5;3158
DK011;08-Jul-20;15;3173
DK011;09-Jul-20;9;3182
DK011;10-Jul-20;16;3198
DK011;11-Jul-20;17;3215
DK011;12-Jul-20;5;3220
DK011;13-Jul-20;8;3228
DK011;14-Jul-20;14;3242
DK011;15-Jul-20;13;3255
DK011;16-Jul-20;9;3264
DK011;17-Jul-20;9;3273
DK011;18-Jul-20;12;3285
DK011;19-Jul-20;12;3297
DK011;20-Jul-20;9;3306
DK011;21-Jul-20;16;3322
DK011;22-Jul-20;10;3332
DK011;23-Jul-20;16;3348
DK011;24-Jul-20;11;3359
DK011;25-Jul-20;2;3361
DK011;26-Jul-20;4;3365
DK011;27-Jul-20;9;3374
DK011;28-Jul-20;16;3390
DK011;29-Jul-20;13;3403
DK011;30-Jul-20;15;3418
DK011;31-Jul-20;8;3426
DK011;01-Aug-20;5;3431
DK011;02-Aug-20;11;3442
DK011;03-Aug-20;12;3454
DK011;04-Aug-20;8;3462
DK011;05-Aug-20;18;3480
DK011;06-Aug-20;13;3493
DK011;07-Aug-20;9;3502
DK011;08-Aug-20;12;3514
DK011;09-Aug-20;15;3529
DK011;10-Aug-20;19;3548
DK011;11-Aug-20;19;3567
DK011;12-Aug-20;23;3590
DK011;13-Aug-20;22;3612
DK011;14-Aug-20;22;3634
DK011;15-Aug-20;14;3648
DK011;16-Aug-20;18;3666
DK011;17-Aug-20;14;3680
DK011;18-Aug-20;21;3701
DK011;19-Aug-20;18;3719
DK011;20-Aug-20;14;3733
DK011;21-Aug-20;13;3746
DK011;22-Aug-20;23;3769
DK011;23-Aug-20;12;3781
DK011;24-Aug-20;14;3795
DK011;25-Aug-20;19;3814
DK011;26-Aug-20;18;3832
DK011;27-Aug-20;17;3849
DK011;28-Aug-20;28;3877
DK011;29-Aug-20;26;3903
DK011;30-Aug-20;28;3931
DK011;31-Aug-20;34;3965
DK011;01-Sep-20;41;4006
DK011;02-Sep-20;42;4048
DK011;03-Sep-20;62;4110
DK011;04-Sep-20;60;4170
DK011;05-Sep-20;51;4221
DK011;06-Sep-20;79;4300
DK011;07-Sep-20;93;4393
DK011;08-Sep-20;80;4473
DK011;09-Sep-20;82;4555
DK011;10-Sep-20;100;4655
DK011;11-Sep-20;96;4751
DK011;12-Sep-20;78;4829
DK011;13-Sep-20;81;4910
DK011;14-Sep-20;110;5020
DK011;15-Sep-20;132;5152
DK011;16-Sep-20;172;5324
DK011;17-Sep-20;156;5480
DK011;18-Sep-20;129;5609
DK011;19-Sep-20;118;5727
DK011;20-Sep-20;116;5843
DK011;21-Sep-20;141;5984
DK011;22-Sep-20;172;6156
DK011;23-Sep-20;161;6317
DK011;24-Sep-20;126;6443
DK011;25-Sep-20;91;6534
DK011;26-Sep-20;86;6620
DK011;27-Sep-20;67;6687
DK011;28-Sep-20;92;6779
DK011;29-Sep-20;82;6861
DK011;30-Sep-20;80;6941
DK011;01-Oct-20;69;7010
DK011;02-Oct-20;57;7067
DK011;03-Oct-20;70;7137
DK011;04-Oct-20;63;7200
DK011;05-Oct-20;76;7276
DK011;06-Oct-20;115;7391
DK011;07-Oct-20;69;7460
DK011;08-Oct-20;72;7532
DK011;09-Oct-20;70;7602
DK011;10-Oct-20;51;7653
DK011;11-Oct-20;51;7704
DK011;12-Oct-20;67;7771
DK011;13-Oct-20;72;7843
DK011;14-Oct-20;95;7938
DK011;15-Oct-20;97;8035
DK011;16-Oct-20;90;8125
DK011;17-Oct-20;117;8242
DK011;18-Oct-20;112;8354
DK011;19-Oct-20;137;8491
DK011;20-Oct-20;124;8615
DK011;21-Oct-20;151;8766
DK011;22-Oct-20;203;8969
DK011;23-Oct-20;173;9142
DK011;24-Oct-20;157;9299
DK011;25-Oct-20;193;9492
DK011;26-Oct-20;185;9677
DK011;27-Oct-20;248;9925
DK011;28-Oct-20;245;10170
DK011;29-Oct-20;218;10388
DK011;30-Oct-20;207;10595
DK011;31-Oct-20;257;10852
DK011;01-Nov-20;191;11043
DK011;02-Nov-20;299;11342
DK011;03-Nov-20;274;11616
DK011;04-Nov-20;272;11888
DK011;05-Nov-20;213;12101
DK011;06-Nov-20;203;12304
DK011;07-Nov-20;179;12483
DK011;08-Nov-20;172;12655
DK011;09-Nov-20;227;12882
DK011;10-Nov-20;232;13114
DK011;11-Nov-20;205;13319
DK011;12-Nov-20;226;13545
DK011;13-Nov-20;222;13767
DK011;14-Nov-20;240;14007
DK011;15-Nov-20;194;14201
DK011;16-Nov-20;270;14471
DK011;17-Nov-20;297;14768
DK011;18-Nov-20;296;15064
DK011;19-Nov-20;306;15370
DK011;20-Nov-20;284;15654
DK011;21-Nov-20;263;15917
DK011;22-Nov-20;259;16176
DK011;23-Nov-20;283;16459
DK011;24-Nov-20;323;16782
DK011;25-Nov-20;351;17133
DK011;26-Nov-20;321;17454
DK011;27-Nov-20;355;17809
DK011;28-Nov-20;348;18157
DK011;29-Nov-20;325;18482
DK011;30-Nov-20;338;18820
DK011;01-Dec-20;494;19314
DK011;02-Dec-20;500;19814
DK011;03-Dec-20;513;20327
DK011;04-Dec-20;533;20860
DK011;05-Dec-20;527;21387
DK011;06-Dec-20;584;21971
DK011;07-Dec-20;841;22812
DK011;08-Dec-20;945;23757
DK011;09-Dec-20;954;24711
DK011;10-Dec-20;1020;25731
DK011;11-Dec-20;901;26632
DK011;12-Dec-20;920;27552
DK011;13-Dec-20;974;28526
DK011;14-Dec-20;1055;29581
DK011;15-Dec-20;1083;30664
DK011;16-Dec-20;1115;31779
DK011;17-Dec-20;861;32640
DK011;18-Dec-20;749;33389
DK011;19-Dec-20;585;33974
DK011;20-Dec-20;526;34500
DK011;21-Dec-20;645;35145
DK011;22-Dec-20;575;35720
DK011;23-Dec-20;669;36389
DK011;24-Dec-20;273;36662
DK011;25-Dec-20;340;37002
DK011;26-Dec-20;530;37532
DK011;27-Dec-20;425;37957
DK011;28-Dec-20;561;38518
DK011;29-Dec-20;376;38894
DK011;30-Dec-20;467;39361
DK011;31-Dec-20;219;39580
DK011;01-Jan-21;232;39812
DK011;02-Jan-21;336;40148
DK011;03-Jan-21;336;40484
DK011;04-Jan-21;434;40918
DK011;05-Jan-21;331;41249
DK011;06-Jan-21;294;41543
DK011;07-Jan-21;257;41800
DK011;08-Jan-21;253;42053
DK011;09-Jan-21;182;42235
DK011;10-Jan-21;158;42393
DK011;11-Jan-21;230;42623
DK011;12-Jan-21;272;42895
DK011;13-Jan-21;225;43120
DK011;14-Jan-21;185;43305
DK011;15-Jan-21;175;43480
DK011;16-Jan-21;140;43620
DK011;17-Jan-21;130;43750
DK011;18-Jan-21;171;43921
DK011;19-Jan-21;151;44072
DK011;20-Jan-21;144;44216
DK011;21-Jan-21;159;44375
DK011;22-Jan-21;128;44503
DK011;23-Jan-21;126;44629
DK011;24-Jan-21;102;44731
DK011;25-Jan-21;141;44872
DK011;26-Jan-21;117;44989
DK011;27-Jan-21;108;45097
DK011;28-Jan-21;88;45185
DK011;29-Jan-21;84;45269
DK011;30-Jan-21;81;45350
DK011;31-Jan-21;70;45420
DK011;01-Feb-21;81;45501
DK011;02-Feb-21;106;45607
DK011;03-Feb-21;61;45668
DK011;04-Feb-21;89;45757
DK011;05-Feb-21;66;45823
DK011;06-Feb-21;74;45897
DK011;07-Feb-21;55;45952
DK011;08-Feb-21;71;46023
DK011;09-Feb-21;77;46100
DK011;10-Feb-21;70;46170
DK011;11-Feb-21;67;46237
DK011;12-Feb-21;55;46292
DK011;13-Feb-21;61;46353
DK011;14-Feb-21;58;46411
DK011;15-Feb-21;81;46492
DK011;16-Feb-21;78;46570
DK011;17-Feb-21;87;46657
DK011;18-Feb-21;54;46711
DK011;19-Feb-21;86;46797
DK011;20-Feb-21;74;46871
DK011;21-Feb-21;59;46930
DK011;22-Feb-21;74;47004
DK011;23-Feb-21;108;47112
DK011;24-Feb-21;98;47210
DK011;25-Feb-21;89;47299
DK011;26-Feb-21;101;47400
DK011;27-Feb-21;73;47473
DK011;28-Feb-21;107;47580
DK011;01-Mar-21;134;47714
DK011;02-Mar-21;108;47822
DK011;03-Mar-21;87;47909
DK011;04-Mar-21;103;48012
DK011;05-Mar-21;93;48105
DK011;06-Mar-21;92;48197
DK011;07-Mar-21;74;48271
DK011;08-Mar-21;91;48362
DK011;09-Mar-21;103;48465
DK011;10-Mar-21;68;48533
DK011;11-Mar-21;96;48629
DK011;12-Mar-21;89;48718
DK011;13-Mar-21;66;48784
DK011;14-Mar-21;80;48864
DK011;15-Mar-21;105;48969
DK011;16-Mar-21;126;49095
DK011;17-Mar-21;96;49191
DK011;18-Mar-21;112;49303
DK011;19-Mar-21;121;49424
DK011;20-Mar-21;114;49538
DK011;21-Mar-21;126;49664
DK011;22-Mar-21;134;49798
DK011;23-Mar-21;169;49967
DK011;24-Mar-21;173;50140
DK011;25-Mar-21;137;50277
DK011;26-Mar-21;160;50437
DK011;27-Mar-21;137;50574
DK011;28-Mar-21;130;50704
DK011;29-Mar-21;168;50872
DK011;30-Mar-21;172;51044
DK011;31-Mar-21;166;51210
DK011;01-Apr-21;149;51359
DK011;02-Apr-21;113;51472
DK011;03-Apr-21;112;51584
DK011;04-Apr-21;115;51699
DK011;05-Apr-21;101;51800
DK011;06-Apr-21;161;51961
DK011;07-Apr-21;160;52121
DK011;08-Apr-21;152;52273
DK011;09-Apr-21;177;52450
DK011;10-Apr-21;100;52550
DK011;11-Apr-21;116;52666
DK011;12-Apr-21;144;52810
DK011;13-Apr-21;148;52958
DK011;14-Apr-21;150;53108
DK011;15-Apr-21;162;53270
DK011;16-Apr-21;143;53413
DK011;17-Apr-21;107;53520
DK011;18-Apr-21;133;53653
DK011;19-Apr-21;167;53820
DK011;20-Apr-21;166;53986
DK011;21-Apr-21;128;54114
DK011;22-Apr-21;131;54245
DK011;23-Apr-21;112;54357
DK011;24-Apr-21;109;54466
DK011;25-Apr-21;139;54605
DK011;26-Apr-21;170;54775
DK011;27-Apr-21;212;54987
DK011;28-Apr-21;223;55210
DK011;29-Apr-21;202;55412
DK011;30-Apr-21;195;55607
DK011;01-May-21;154;55761
DK011;02-May-21;170;55931
DK011;03-May-21;258;56189
DK011;04-May-21;232;56421
DK011;05-May-21;246;56667
DK011;06-May-21;245;56912
DK011;07-May-21;221;57133
DK011;08-May-21;240;57373
DK011;09-May-21;181;57554
DK011;10-May-21;230;57784
DK011;11-May-21;316;58100
DK011;12-May-21;296;58396
DK011;13-May-21;246;58642
DK011;14-May-21;213;58855
DK011;15-May-21;205;59060
DK011;16-May-21;221;59281
DK011;17-May-21;272;59553
DK011;18-May-21;281;59834
DK011;19-May-21;292;60126
DK011;20-May-21;244;60370
DK011;21-May-21;186;60556
DK011;22-May-21;177;60733
DK011;23-May-21;148;60881
DK011;24-May-21;175;61056
DK011;25-May-21;246;61302
DK011;26-May-21;314;61616
DK011;27-May-21;239;61855
DK011;28-May-21;184;62039
DK011;29-May-21;179;62218
DK011;30-May-21;174;62392
DK011;31-May-21;227;62619
DK011;01-Jun-21;254;62873
DK011;02-Jun-21;223;63096
DK011;03-Jun-21;185;63281
DK011;04-Jun-21;166;63447
DK011;05-Jun-21;132;63579
DK011;06-Jun-21;124;63703
DK011;07-Jun-21;148;63851
DK011;08-Jun-21;127;63978
DK011;09-Jun-21;100;64078
DK011;10-Jun-21;99;64177
DK011;11-Jun-21;76;64253
DK011;12-Jun-21;45;64298
DK011;13-Jun-21;47;64345
DK011;14-Jun-21;56;64401
DK011;15-Jun-21;68;64469
DK011;16-Jun-21;70;64539
DK011;17-Jun-21;50;64589
DK011;18-Jun-21;53;64642
DK011;19-Jun-21;58;64700
DK011;20-Jun-21;40;64740
DK011;21-Jun-21;70;64810
DK011;22-Jun-21;68;64878
DK011;23-Jun-21;60;64938
DK011;24-Jun-21;80;65018
DK011;25-Jun-21;60;65078
DK011;26-Jun-21;59;65137
DK011;27-Jun-21;80;65217
DK011;28-Jun-21;119;65336
DK011;29-Jun-21;174;65510
DK011;30-Jun-21;228;65738
DK011;01-Jul-21;156;65894
DK011;02-Jul-21;155;66049
DK011;03-Jul-21;118;66167
DK011;04-Jul-21;153;66320
DK011;05-Jul-21;188;66508
DK011;06-Jul-21;220;66728
DK011;07-Jul-21;180;66908
DK011;08-Jul-21;156;67064
DK011;09-Jul-21;186;67250
DK011;10-Jul-21;226;67476
DK011;11-Jul-21;327;67803
DK011;12-Jul-21;382;68185
DK011;13-Jul-21;449;68634
DK011;14-Jul-21;417;69051
DK011;15-Jul-21;365;69416
DK011;16-Jul-21;251;69667
DK011;17-Jul-21;209;69876
DK011;18-Jul-21;206;70082
DK011;19-Jul-21;225;70307
DK011;20-Jul-21;246;70553
DK011;21-Jul-21;215;70768
DK011;22-Jul-21;176;70944
DK011;23-Jul-21;180;71124
DK011;24-Jul-21;167;71291
DK011;25-Jul-21;196;71487
DK011;26-Jul-21;255;71742
DK011;27-Jul-21;239;71981
DK011;28-Jul-21;194;72175
DK011;29-Jul-21;171;72346
DK011;30-Jul-21;182;72528
DK011;31-Jul-21;135;72663
DK011;01-Aug-21;177;72840
DK011;02-Aug-21;167;73007
DK011;03-Aug-21;134;73141
DK011;04-Aug-21;179;73320
DK011;05-Aug-21;160;73480
DK011;06-Aug-21;135;73615
DK011;07-Aug-21;153;73768
DK011;08-Aug-21;173;73941
DK011;09-Aug-21;222;74163
DK011;10-Aug-21;215;74378
DK011;11-Aug-21;164;74542
DK011;12-Aug-21;168;74710
DK011;13-Aug-21;168;74878
DK011;14-Aug-21;143;75021
DK011;15-Aug-21;182;75203
DK011;16-Aug-21;198;75401
DK011;17-Aug-21;197;75598
DK011;18-Aug-21;228;75826
DK011;19-Aug-21;211;76037
DK011;20-Aug-21;232;76269
DK011;21-Aug-21;235;76504
DK011;22-Aug-21;291;76795
DK011;23-Aug-21;263;77058
DK011;24-Aug-21;295;77353
DK011;25-Aug-21;265;77618
DK011;26-Aug-21;227;77845
DK011;27-Aug-21;177;78022
DK011;28-Aug-21;179;78201
DK011;29-Aug-21;198;78399
DK011;30-Aug-21;217;78616
DK011;31-Aug-21;196;78812
DK011;01-Sep-21;191;79003
DK011;02-Sep-21;158;79161
DK011;03-Sep-21;146;79307
DK011;04-Sep-21;132;79439
DK011;05-Sep-21;139;79578
DK011;06-Sep-21;192;79770
DK011;07-Sep-21;164;79934
DK011;08-Sep-21;159;80093
DK011;09-Sep-21;128;80221
DK011;10-Sep-21;102;80323
DK011;11-Sep-21;81;80404
DK011;12-Sep-21;106;80510
DK011;13-Sep-21;96;80606
DK011;14-Sep-21;87;80693
DK011;15-Sep-21;82;80775
DK011;16-Sep-21;71;80846
DK011;17-Sep-21;68;80914
DK011;18-Sep-21;41;80955
DK011;19-Sep-21;62;81017
DK011;20-Sep-21;65;81082
DK011;21-Sep-21;54;81136
DK011;22-Sep-21;66;81202
DK011;23-Sep-21;78;81280
DK011;24-Sep-21;60;81340
DK011;25-Sep-21;68;81408
DK011;26-Sep-21;64;81472
DK011;27-Sep-21;80;81552
DK011;28-Sep-21;110;81662
DK011;29-Sep-21;89;81751
DK011;30-Sep-21;71;81822
DK011;01-Oct-21;81;81903
DK011;02-Oct-21;73;81976
DK011;03-Oct-21;102;82078
DK011;04-Oct-21;103;82181
DK011;05-Oct-21;116;82297
DK011;06-Oct-21;166;82463
DK011;07-Oct-21;156;82619
DK011;08-Oct-21;132;82751
DK011;09-Oct-21;117;82868
DK011;10-Oct-21;141;83009
DK011;11-Oct-21;178;83187
DK011;12-Oct-21;194;83381
DK011;13-Oct-21;184;83565
DK011;14-Oct-21;189;83754
DK011;15-Oct-21;184;83938
DK011;16-Oct-21;161;84099
DK011;17-Oct-21;214;84313
DK011;18-Oct-21;245;84558
DK011;19-Oct-21;313;84871
DK011;20-Oct-21;314;85185
DK011;21-Oct-21;385;85570
DK011;22-Oct-21;344;85914
DK011;23-Oct-21;345;86259
DK011;24-Oct-21;389;86648
DK011;25-Oct-21;409;87057
DK011;26-Oct-21;531;87588
DK011;27-Oct-21;495;88083
DK011;28-Oct-21;419;88502
DK011;29-Oct-21;396;88898
DK011;30-Oct-21;372;89270
DK011;31-Oct-21;417;89687
DK011;01-Nov-21;472;90159
DK011;02-Nov-21;536;90695
DK011;03-Nov-21;510;91205
DK011;04-Nov-21;465;91670
DK011;05-Nov-21;451;92121
DK011;06-Nov-21;488;92609
DK011;07-Nov-21;581;93190
DK011;08-Nov-21;689;93879
DK011;09-Nov-21;817;94696
DK011;10-Nov-21;867;95563
DK011;11-Nov-21;754;96317
DK011;12-Nov-21;662;96979
DK011;13-Nov-21;660;97639
DK011;14-Nov-21;724;98363
DK011;15-Nov-21;868;99231
DK011;16-Nov-21;884;100115
DK011;17-Nov-21;851;100966
DK011;18-Nov-21;911;101877
DK011;19-Nov-21;881;102758
DK011;20-Nov-21;827;103585
DK011;21-Nov-21;775;104360
DK011;22-Nov-21;919;105279
DK011;23-Nov-21;905;106184
DK011;24-Nov-21;869;107053
DK011;25-Nov-21;781;107834
DK011;26-Nov-21;854;108688
DK011;27-Nov-21;812;109500
DK011;28-Nov-21;890;110390
DK011;29-Nov-21;919;111309
DK011;30-Nov-21;1079;112388
DK011;01-Dec-21;993;113381
DK011;02-Dec-21;912;114293
DK011;03-Dec-21;1025;115318
DK011;04-Dec-21;1058;116376
DK011;05-Dec-21;983;117359
DK011;06-Dec-21;1237;118596
DK011;07-Dec-21;1454;120050
DK011;08-Dec-21;1436;121486
DK011;09-Dec-21;1373;122859
DK011;10-Dec-21;1404;124263
DK011;11-Dec-21;1476;125739
DK011;12-Dec-21;1592;127331
DK011;13-Dec-21;2391;129722
DK011;14-Dec-21;2912;132634
DK011;15-Dec-21;3073;135707
DK011;16-Dec-21;2615;138322
DK011;17-Dec-21;2756;141078
DK011;18-Dec-21;2532;143610
DK011;19-Dec-21;2657;146267
DK011;20-Dec-21;3398;149665
DK011;21-Dec-21;3500;153165
DK011;22-Dec-21;3157;156322
DK011;23-Dec-21;3078;159400
DK011;24-Dec-21;1372;160772
DK011;25-Dec-21;1703;162475
DK011;26-Dec-21;2234;164709
DK011;27-Dec-21;4737;169446
DK011;28-Dec-21;4487;173933
DK011;29-Dec-21;3391;177324
DK011;30-Dec-21;3453;180777
DK011;31-Dec-21;1467;182244
DK011;01-Jan-22;1575;183819
DK011;02-Jan-22;4012;187831
DK011;03-Jan-22;4976;192807
DK011;04-Jan-22;4403;197210
DK011;05-Jan-22;3174;200384
DK011;06-Jan-22;2720;203104
DK011;07-Jan-22;2392;205496
DK011;08-Jan-22;2441;207937
DK011;09-Jan-22;2920;210857
DK011;10-Jan-22;3857;214714
DK011;11-Jan-22;3880;218594
DK011;12-Jan-22;3854;222448
DK011;13-Jan-22;3703;226151
DK011;14-Jan-22;4088;230239
DK011;15-Jan-22;4189;234428
DK011;16-Jan-22;4464;238892
DK011;17-Jan-22;5981;244873
DK011;18-Jan-22;5900;250773
DK011;19-Jan-22;5704;256477
DK011;20-Jan-22;4987;261464
DK011;21-Jan-22;4905;266369
DK011;22-Jan-22;5017;271386
DK011;23-Jan-22;5482;276868
DK011;24-Jan-22;6671;283539
DK011;25-Jan-22;5805;289344
DK011;26-Jan-22;4721;294065
DK011;27-Jan-22;4158;298223
DK011;28-Jan-22;3720;301943
DK011;29-Jan-22;3251;305194
DK011;30-Jan-22;3073;308267
DK011;31-Jan-22;5848;314115
DK011;01-Feb-22;4228;318343
DK011;02-Feb-22;3767;322110
DK011;03-Feb-22;3463;325573
DK011;04-Feb-22;3082;328655
DK011;05-Feb-22;2881;331536
DK011;06-Feb-22;4237;335773
DK011;07-Feb-22;5346;341119
DK011;08-Feb-22;5395;346514
DK011;09-Feb-22;4533;351047
DK011;10-Feb-22;3703;354750
DK011;11-Feb-22;2961;357711
DK011;12-Feb-22;2590;360301
DK011;13-Feb-22;2853;363154
DK011;14-Feb-22;4007;367161
DK011;15-Feb-22;3999;371160
DK011;16-Feb-22;3361;374521
DK011;17-Feb-22;2876;377397
DK011;18-Feb-22;2130;379527
DK011;19-Feb-22;2174;381701
DK011;20-Feb-22;2463;384164
DK011;21-Feb-22;2808;386972
DK011;22-Feb-22;2539;389511
DK011;23-Feb-22;2179;391690
DK011;24-Feb-22;1818;393508
DK011;25-Feb-22;1344;394852
DK011;26-Feb-22;1144;395996
DK011;27-Feb-22;1399;397395
DK011;28-Feb-22;1824;399219
DK011;01-Mar-22;1515;400734
DK011;02-Mar-22;1451;402185
DK011;03-Mar-22;1264;403449
DK011;04-Mar-22;1073;404522
DK011;05-Mar-22;869;405391
DK011;06-Mar-22;1089;406480
DK011;07-Mar-22;1402;407882
DK011;08-Mar-22;1306;409188
DK011;09-Mar-22;1259;410447
DK011;10-Mar-22;1014;411461
DK011;11-Mar-22;649;412110
DK011;12-Mar-22;537;412647
DK011;13-Mar-22;710;413357
DK011;14-Mar-22;651;414008
DK011;15-Mar-22;1;414009
DK012;26-Feb-20;0;0
DK012;27-Feb-20;0;0
DK012;28-Feb-20;0;0
DK012;01-Mar-20;0;0
DK012;02-Mar-20;0;0
DK012;03-Mar-20;0;0
DK012;04-Mar-20;1;1
DK012;05-Mar-20;0;1
DK012;06-Mar-20;0;1
DK012;07-Mar-20;1;2
DK012;08-Mar-20;1;3
DK012;09-Mar-20;20;23
DK012;10-Mar-20;24;47
DK012;11-Mar-20;27;74
DK012;12-Mar-20;6;80
DK012;13-Mar-20;4;84
DK012;14-Mar-20;10;94
DK012;15-Mar-20;9;103
DK012;16-Mar-20;15;118
DK012;17-Mar-20;19;137
DK012;18-Mar-20;15;152
DK012;19-Mar-20;16;168
DK012;20-Mar-20;17;185
DK012;21-Mar-20;7;192
DK012;22-Mar-20;8;200
DK012;23-Mar-20;27;227
DK012;24-Mar-20;21;248
DK012;25-Mar-20;24;272
DK012;26-Mar-20;28;300
DK012;27-Mar-20;36;336
DK012;28-Mar-20;39;375
DK012;29-Mar-20;27;402
DK012;30-Mar-20;57;459
DK012;31-Mar-20;47;506
DK012;01-Apr-20;57;563
DK012;02-Apr-20;60;623
DK012;03-Apr-20;95;718
DK012;04-Apr-20;64;782
DK012;05-Apr-20;35;817
DK012;06-Apr-20;67;884
DK012;07-Apr-20;74;958
DK012;08-Apr-20;59;1017
DK012;09-Apr-20;36;1053
DK012;10-Apr-20;38;1091
DK012;11-Apr-20;30;1121
DK012;12-Apr-20;48;1169
DK012;13-Apr-20;50;1219
DK012;14-Apr-20;67;1286
DK012;15-Apr-20;56;1342
DK012;16-Apr-20;38;1380
DK012;17-Apr-20;39;1419
DK012;18-Apr-20;16;1435
DK012;19-Apr-20;21;1456
DK012;20-Apr-20;64;1520
DK012;21-Apr-20;46;1566
DK012;22-Apr-20;63;1629
DK012;23-Apr-20;62;1691
DK012;24-Apr-20;28;1719
DK012;25-Apr-20;21;1740
DK012;26-Apr-20;16;1756
DK012;27-Apr-20;53;1809
DK012;28-Apr-20;34;1843
DK012;29-Apr-20;38;1881
DK012;30-Apr-20;33;1914
DK012;01-May-20;38;1952
DK012;02-May-20;15;1967
DK012;03-May-20;16;1983
DK012;04-May-20;33;2016
DK012;05-May-20;27;2043
DK012;06-May-20;27;2070
DK012;07-May-20;34;2104
DK012;08-May-20;19;2123
DK012;09-May-20;21;2144
DK012;10-May-20;14;2158
DK012;11-May-20;16;2174
DK012;12-May-20;7;2181
DK012;13-May-20;14;2195
DK012;14-May-20;15;2210
DK012;15-May-20;24;2234
DK012;16-May-20;7;2241
DK012;17-May-20;8;2249
DK012;18-May-20;13;2262
DK012;19-May-20;11;2273
DK012;20-May-20;12;2285
DK012;21-May-20;6;2291
DK012;22-May-20;21;2312
DK012;23-May-20;9;2321
DK012;24-May-20;11;2332
DK012;25-May-20;15;2347
DK012;26-May-20;16;2363
DK012;27-May-20;21;2384
DK012;28-May-20;10;2394
DK012;29-May-20;8;2402
DK012;30-May-20;8;2410
DK012;31-May-20;3;2413
DK012;01-Jun-20;7;2420
DK012;02-Jun-20;16;2436
DK012;03-Jun-20;17;2453
DK012;04-Jun-20;13;2466
DK012;05-Jun-20;13;2479
DK012;06-Jun-20;5;2484
DK012;07-Jun-20;7;2491
DK012;08-Jun-20;13;2504
DK012;09-Jun-20;6;2510
DK012;10-Jun-20;7;2517
DK012;11-Jun-20;8;2525
DK012;12-Jun-20;8;2533
DK012;13-Jun-20;8;2541
DK012;14-Jun-20;4;2545
DK012;15-Jun-20;8;2553
DK012;16-Jun-20;7;2560
DK012;17-Jun-20;17;2577
DK012;18-Jun-20;6;2583
DK012;19-Jun-20;12;2595
DK012;20-Jun-20;9;2604
DK012;21-Jun-20;6;2610
DK012;22-Jun-20;15;2625
DK012;23-Jun-20;2;2627
DK012;24-Jun-20;5;2632
DK012;25-Jun-20;6;2638
DK012;26-Jun-20;7;2645
DK012;27-Jun-20;0;2645
DK012;28-Jun-20;2;2647
DK012;29-Jun-20;5;2652
DK012;30-Jun-20;4;2656
DK012;01-Jul-20;2;2658
DK012;02-Jul-20;1;2659
DK012;03-Jul-20;5;2664
DK012;04-Jul-20;2;2666
DK012;05-Jul-20;1;2667
DK012;06-Jul-20;1;2668
DK012;07-Jul-20;4;2672
DK012;08-Jul-20;3;2675
DK012;09-Jul-20;7;2682
DK012;10-Jul-20;5;2687
DK012;11-Jul-20;1;2688
DK012;12-Jul-20;3;2691
DK012;13-Jul-20;5;2696
DK012;14-Jul-20;4;2700
DK012;15-Jul-20;14;2714
DK012;16-Jul-20;19;2733
DK012;17-Jul-20;7;2740
DK012;18-Jul-20;15;2755
DK012;19-Jul-20;3;2758
DK012;20-Jul-20;10;2768
DK012;21-Jul-20;8;2776
DK012;22-Jul-20;10;2786
DK012;23-Jul-20;17;2803
DK012;24-Jul-20;6;2809
DK012;25-Jul-20;4;2813
DK012;26-Jul-20;7;2820
DK012;27-Jul-20;6;2826
DK012;28-Jul-20;8;2834
DK012;29-Jul-20;8;2842
DK012;30-Jul-20;8;2850
DK012;31-Jul-20;3;2853
DK012;01-Aug-20;3;2856
DK012;02-Aug-20;9;2865
DK012;03-Aug-20;8;2873
DK012;04-Aug-20;7;2880
DK012;05-Aug-20;8;2888
DK012;06-Aug-20;14;2902
DK012;07-Aug-20;7;2909
DK012;08-Aug-20;6;2915
DK012;09-Aug-20;21;2936
DK012;10-Aug-20;19;2955
DK012;11-Aug-20;16;2971
DK012;12-Aug-20;21;2992
DK012;13-Aug-20;11;3003
DK012;14-Aug-20;18;3021
DK012;15-Aug-20;8;3029
DK012;16-Aug-20;10;3039
DK012;17-Aug-20;9;3048
DK012;18-Aug-20;14;3062
DK012;19-Aug-20;12;3074
DK012;20-Aug-20;7;3081
DK012;21-Aug-20;12;3093
DK012;22-Aug-20;4;3097
DK012;23-Aug-20;7;3104
DK012;24-Aug-20;6;3110
DK012;25-Aug-20;16;3126
DK012;26-Aug-20;11;3137
DK012;27-Aug-20;5;3142
DK012;28-Aug-20;10;3152
DK012;29-Aug-20;7;3159
DK012;30-Aug-20;21;3180
DK012;31-Aug-20;30;3210
DK012;01-Sep-20;42;3252
DK012;02-Sep-20;36;3288
DK012;03-Sep-20;41;3329
DK012;04-Sep-20;33;3362
DK012;05-Sep-20;35;3397
DK012;06-Sep-20;57;3454
DK012;07-Sep-20;49;3503
DK012;08-Sep-20;59;3562
DK012;09-Sep-20;55;3617
DK012;10-Sep-20;69;3686
DK012;11-Sep-20;58;3744
DK012;12-Sep-20;73;3817
DK012;13-Sep-20;70;3887
DK012;14-Sep-20;77;3964
DK012;15-Sep-20;80;4044
DK012;16-Sep-20;101;4145
DK012;17-Sep-20;108;4253
DK012;18-Sep-20;103;4356
DK012;19-Sep-20;76;4432
DK012;20-Sep-20;79;4511
DK012;21-Sep-20;117;4628
DK012;22-Sep-20;100;4728
DK012;23-Sep-20;101;4829
DK012;24-Sep-20;126;4955
DK012;25-Sep-20;86;5041
DK012;26-Sep-20;71;5112
DK012;27-Sep-20;79;5191
DK012;28-Sep-20;81;5272
DK012;29-Sep-20;77;5349
DK012;30-Sep-20;62;5411
DK012;01-Oct-20;70;5481
DK012;02-Oct-20;59;5540
DK012;03-Oct-20;60;5600
DK012;04-Oct-20;62;5662
DK012;05-Oct-20;53;5715
DK012;06-Oct-20;44;5759
DK012;07-Oct-20;62;5821
DK012;08-Oct-20;55;5876
DK012;09-Oct-20;56;5932
DK012;10-Oct-20;40;5972
DK012;11-Oct-20;29;6001
DK012;12-Oct-20;44;6045
DK012;13-Oct-20;57;6102
DK012;14-Oct-20;62;6164
DK012;15-Oct-20;52;6216
DK012;16-Oct-20;60;6276
DK012;17-Oct-20;55;6331
DK012;18-Oct-20;77;6408
DK012;19-Oct-20;105;6513
DK012;20-Oct-20;123;6636
DK012;21-Oct-20;131;6767
DK012;22-Oct-20;141;6908
DK012;23-Oct-20;141;7049
DK012;24-Oct-20;145;7194
DK012;25-Oct-20;166;7360
DK012;26-Oct-20;200;7560
DK012;27-Oct-20;236;7796
DK012;28-Oct-20;198;7994
DK012;29-Oct-20;188;8182
DK012;30-Oct-20;221;8403
DK012;31-Oct-20;179;8582
DK012;01-Nov-20;189;8771
DK012;02-Nov-20;232;9003
DK012;03-Nov-20;223;9226
DK012;04-Nov-20;222;9448
DK012;05-Nov-20;182;9630
DK012;06-Nov-20;192;9822
DK012;07-Nov-20;145;9967
DK012;08-Nov-20;122;10089
DK012;09-Nov-20;163;10252
DK012;10-Nov-20;188;10440
DK012;11-Nov-20;173;10613
DK012;12-Nov-20;174;10787
DK012;13-Nov-20;211;10998
DK012;14-Nov-20;158;11156
DK012;15-Nov-20;182;11338
DK012;16-Nov-20;195;11533
DK012;17-Nov-20;214;11747
DK012;18-Nov-20;188;11935
DK012;19-Nov-20;187;12122
DK012;20-Nov-20;184;12306
DK012;21-Nov-20;148;12454
DK012;22-Nov-20;165;12619
DK012;23-Nov-20;188;12807
DK012;24-Nov-20;231;13038
DK012;25-Nov-20;186;13224
DK012;26-Nov-20;180;13404
DK012;27-Nov-20;204;13608
DK012;28-Nov-20;170;13778
DK012;29-Nov-20;214;13992
DK012;30-Nov-20;254;14246
DK012;01-Dec-20;292;14538
DK012;02-Dec-20;331;14869
DK012;03-Dec-20;338;15207
DK012;04-Dec-20;347;15554
DK012;05-Dec-20;302;15856
DK012;06-Dec-20;348;16204
DK012;07-Dec-20;455;16659
DK012;08-Dec-20;445;17104
DK012;09-Dec-20;491;17595
DK012;10-Dec-20;506;18101
DK012;11-Dec-20;535;18636
DK012;12-Dec-20;476;19112
DK012;13-Dec-20;584;19696
DK012;14-Dec-20;614;20310
DK012;15-Dec-20;654;20964
DK012;16-Dec-20;671;21635
DK012;17-Dec-20;522;22157
DK012;18-Dec-20;457;22614
DK012;19-Dec-20;400;23014
DK012;20-Dec-20;396;23410
DK012;21-Dec-20;478;23888
DK012;22-Dec-20;499;24387
DK012;23-Dec-20;496;24883
DK012;24-Dec-20;237;25120
DK012;25-Dec-20;280;25400
DK012;26-Dec-20;466;25866
DK012;27-Dec-20;362;26228
DK012;28-Dec-20;412;26640
DK012;29-Dec-20;357;26997
DK012;30-Dec-20;410;27407
DK012;31-Dec-20;186;27593
DK012;01-Jan-21;200;27793
DK012;02-Jan-21;320;28113
DK012;03-Jan-21;229;28342
DK012;04-Jan-21;389;28731
DK012;05-Jan-21;291;29022
DK012;06-Jan-21;244;29266
DK012;07-Jan-21;188;29454
DK012;08-Jan-21;214;29668
DK012;09-Jan-21;176;29844
DK012;10-Jan-21;159;30003
DK012;11-Jan-21;231;30234
DK012;12-Jan-21;178;30412
DK012;13-Jan-21;189;30601
DK012;14-Jan-21;120;30721
DK012;15-Jan-21;138;30859
DK012;16-Jan-21;123;30982
DK012;17-Jan-21;107;31089
DK012;18-Jan-21;163;31252
DK012;19-Jan-21;131;31383
DK012;20-Jan-21;119;31502
DK012;21-Jan-21;136;31638
DK012;22-Jan-21;113;31751
DK012;23-Jan-21;79;31830
DK012;24-Jan-21;91;31921
DK012;25-Jan-21;124;32045
DK012;26-Jan-21;101;32146
DK012;27-Jan-21;98;32244
DK012;28-Jan-21;93;32337
DK012;29-Jan-21;60;32397
DK012;30-Jan-21;47;32444
DK012;31-Jan-21;68;32512
DK012;01-Feb-21;84;32596
DK012;02-Feb-21;66;32662
DK012;03-Feb-21;57;32719
DK012;04-Feb-21;74;32793
DK012;05-Feb-21;63;32856
DK012;06-Feb-21;65;32921
DK012;07-Feb-21;77;32998
DK012;08-Feb-21;58;33056
DK012;09-Feb-21;59;33115
DK012;10-Feb-21;59;33174
DK012;11-Feb-21;62;33236
DK012;12-Feb-21;49;33285
DK012;13-Feb-21;43;33328
DK012;14-Feb-21;44;33372
DK012;15-Feb-21;48;33420
DK012;16-Feb-21;56;33476
DK012;17-Feb-21;65;33541
DK012;18-Feb-21;56;33597
DK012;19-Feb-21;68;33665
DK012;20-Feb-21;49;33714
DK012;21-Feb-21;69;33783
DK012;22-Feb-21;85;33868
DK012;23-Feb-21;95;33963
DK012;24-Feb-21;79;34042
DK012;25-Feb-21;88;34130
DK012;26-Feb-21;86;34216
DK012;27-Feb-21;87;34303
DK012;28-Feb-21;76;34379
DK012;01-Mar-21;85;34464
DK012;02-Mar-21;90;34554
DK012;03-Mar-21;62;34616
DK012;04-Mar-21;83;34699
DK012;05-Mar-21;69;34768
DK012;06-Mar-21;72;34840
DK012;07-Mar-21;69;34909
DK012;08-Mar-21;113;35022
DK012;09-Mar-21;106;35128
DK012;10-Mar-21;97;35225
DK012;11-Mar-21;112;35337
DK012;12-Mar-21;87;35424
DK012;13-Mar-21;85;35509
DK012;14-Mar-21;91;35600
DK012;15-Mar-21;110;35710
DK012;16-Mar-21;94;35804
DK012;17-Mar-21;101;35905
DK012;18-Mar-21;118;36023
DK012;19-Mar-21;142;36165
DK012;20-Mar-21;103;36268
DK012;21-Mar-21;85;36353
DK012;22-Mar-21;142;36495
DK012;23-Mar-21;138;36633
DK012;24-Mar-21;133;36766
DK012;25-Mar-21;118;36884
DK012;26-Mar-21;129;37013
DK012;27-Mar-21;120;37133
DK012;28-Mar-21;121;37254
DK012;29-Mar-21;150;37404
DK012;30-Mar-21;110;37514
DK012;31-Mar-21;127;37641
DK012;01-Apr-21;138;37779
DK012;02-Apr-21;108;37887
DK012;03-Apr-21;72;37959
DK012;04-Apr-21;77;38036
DK012;05-Apr-21;110;38146
DK012;06-Apr-21;148;38294
DK012;07-Apr-21;105;38399
DK012;08-Apr-21;129;38528
DK012;09-Apr-21;123;38651
DK012;10-Apr-21;99;38750
DK012;11-Apr-21;79;38829
DK012;12-Apr-21;157;38986
DK012;13-Apr-21;127;39113
DK012;14-Apr-21;106;39219
DK012;15-Apr-21;101;39320
DK012;16-Apr-21;115;39435
DK012;17-Apr-21;119;39554
DK012;18-Apr-21;145;39699
DK012;19-Apr-21;146;39845
DK012;20-Apr-21;115;39960
DK012;21-Apr-21;127;40087
DK012;22-Apr-21;86;40173
DK012;23-Apr-21;101;40274
DK012;24-Apr-21;74;40348
DK012;25-Apr-21;77;40425
DK012;26-Apr-21;113;40538
DK012;27-Apr-21;143;40681
DK012;28-Apr-21;118;40799
DK012;29-Apr-21;119;40918
DK012;30-Apr-21;102;41020
DK012;01-May-21;100;41120
DK012;02-May-21;119;41239
DK012;03-May-21;135;41374
DK012;04-May-21;118;41492
DK012;05-May-21;129;41621
DK012;06-May-21;113;41734
DK012;07-May-21;114;41848
DK012;08-May-21;112;41960
DK012;09-May-21;128;42088
DK012;10-May-21;132;42220
DK012;11-May-21;174;42394
DK012;12-May-21;145;42539
DK012;13-May-21;114;42653
DK012;14-May-21;115;42768
DK012;15-May-21;121;42889
DK012;16-May-21;124;43013
DK012;17-May-21;124;43137
DK012;18-May-21;160;43297
DK012;19-May-21;123;43420
DK012;20-May-21;128;43548
DK012;21-May-21;107;43655
DK012;22-May-21;88;43743
DK012;23-May-21;81;43824
DK012;24-May-21;110;43934
DK012;25-May-21;99;44033
DK012;26-May-21;135;44168
DK012;27-May-21;119;44287
DK012;28-May-21;107;44394
DK012;29-May-21;100;44494
DK012;30-May-21;100;44594
DK012;31-May-21;121;44715
DK012;01-Jun-21;150;44865
DK012;02-Jun-21;113;44978
DK012;03-Jun-21;90;45068
DK012;04-Jun-21;79;45147
DK012;05-Jun-21;68;45215
DK012;06-Jun-21;67;45282
DK012;07-Jun-21;71;45353
DK012;08-Jun-21;50;45403
DK012;09-Jun-21;52;45455
DK012;10-Jun-21;47;45502
DK012;11-Jun-21;24;45526
DK012;12-Jun-21;34;45560
DK012;13-Jun-21;24;45584
DK012;14-Jun-21;38;45622
DK012;15-Jun-21;27;45649
DK012;16-Jun-21;37;45686
DK012;17-Jun-21;36;45722
DK012;18-Jun-21;30;45752
DK012;19-Jun-21;21;45773
DK012;20-Jun-21;21;45794
DK012;21-Jun-21;30;45824
DK012;22-Jun-21;22;45846
DK012;23-Jun-21;29;45875
DK012;24-Jun-21;17;45892
DK012;25-Jun-21;24;45916
DK012;26-Jun-21;25;45941
DK012;27-Jun-21;23;45964
DK012;28-Jun-21;32;45996
DK012;29-Jun-21;55;46051
DK012;30-Jun-21;46;46097
DK012;01-Jul-21;28;46125
DK012;02-Jul-21;39;46164
DK012;03-Jul-21;35;46199
DK012;04-Jul-21;48;46247
DK012;05-Jul-21;65;46312
DK012;06-Jul-21;69;46381
DK012;07-Jul-21;60;46441
DK012;08-Jul-21;63;46504
DK012;09-Jul-21;57;46561
DK012;10-Jul-21;72;46633
DK012;11-Jul-21;78;46711
DK012;12-Jul-21;98;46809
DK012;13-Jul-21;91;46900
DK012;14-Jul-21;109;47009
DK012;15-Jul-21;114;47123
DK012;16-Jul-21;88;47211
DK012;17-Jul-21;97;47308
DK012;18-Jul-21;67;47375
DK012;19-Jul-21;101;47476
DK012;20-Jul-21;87;47563
DK012;21-Jul-21;105;47668
DK012;22-Jul-21;76;47744
DK012;23-Jul-21;76;47820
DK012;24-Jul-21;68;47888
DK012;25-Jul-21;98;47986
DK012;26-Jul-21;82;48068
DK012;27-Jul-21;101;48169
DK012;28-Jul-21;126;48295
DK012;29-Jul-21;90;48385
DK012;30-Jul-21;99;48484
DK012;31-Jul-21;92;48576
DK012;01-Aug-21;92;48668
DK012;02-Aug-21;122;48790
DK012;03-Aug-21;117;48907
DK012;04-Aug-21;95;49002
DK012;05-Aug-21;136;49138
DK012;06-Aug-21;164;49302
DK012;07-Aug-21;163;49465
DK012;08-Aug-21;155;49620
DK012;09-Aug-21;173;49793
DK012;10-Aug-21;140;49933
DK012;11-Aug-21;162;50095
DK012;12-Aug-21;148;50243
DK012;13-Aug-21;159;50402
DK012;14-Aug-21;120;50522
DK012;15-Aug-21;142;50664
DK012;16-Aug-21;155;50819
DK012;17-Aug-21;113;50932
DK012;18-Aug-21;136;51068
DK012;19-Aug-21;135;51203
DK012;20-Aug-21;177;51380
DK012;21-Aug-21;135;51515
DK012;22-Aug-21;175;51690
DK012;23-Aug-21;180;51870
DK012;24-Aug-21;189;52059
DK012;25-Aug-21;167;52226
DK012;26-Aug-21;178;52404
DK012;27-Aug-21;127;52531
DK012;28-Aug-21;128;52659
DK012;29-Aug-21;180;52839
DK012;30-Aug-21;169;53008
DK012;31-Aug-21;163;53171
DK012;01-Sep-21;155;53326
DK012;02-Sep-21;112;53438
DK012;03-Sep-21;100;53538
DK012;04-Sep-21;71;53609
DK012;05-Sep-21;110;53719
DK012;06-Sep-21;100;53819
DK012;07-Sep-21;112;53931
DK012;08-Sep-21;86;54017
DK012;09-Sep-21;61;54078
DK012;10-Sep-21;51;54129
DK012;11-Sep-21;65;54194
DK012;12-Sep-21;64;54258
DK012;13-Sep-21;69;54327
DK012;14-Sep-21;69;54396
DK012;15-Sep-21;52;54448
DK012;16-Sep-21;51;54499
DK012;17-Sep-21;54;54553
DK012;18-Sep-21;36;54589
DK012;19-Sep-21;38;54627
DK012;20-Sep-21;57;54684
DK012;21-Sep-21;54;54738
DK012;22-Sep-21;49;54787
DK012;23-Sep-21;45;54832
DK012;24-Sep-21;61;54893
DK012;25-Sep-21;72;54965
DK012;26-Sep-21;84;55049
DK012;27-Sep-21;112;55161
DK012;28-Sep-21;125;55286
DK012;29-Sep-21;100;55386
DK012;30-Sep-21;99;55485
DK012;01-Oct-21;103;55588
DK012;02-Oct-21;60;55648
DK012;03-Oct-21;88;55736
DK012;04-Oct-21;103;55839
DK012;05-Oct-21;111;55950
DK012;06-Oct-21;115;56065
DK012;07-Oct-21;105;56170
DK012;08-Oct-21;109;56279
DK012;09-Oct-21;78;56357
DK012;10-Oct-21;128;56485
DK012;11-Oct-21;121;56606
DK012;12-Oct-21;153;56759
DK012;13-Oct-21;182;56941
DK012;14-Oct-21;134;57075
DK012;15-Oct-21;118;57193
DK012;16-Oct-21;113;57306
DK012;17-Oct-21;145;57451
DK012;18-Oct-21;167;57618
DK012;19-Oct-21;218;57836
DK012;20-Oct-21;269;58105
DK012;21-Oct-21;243;58348
DK012;22-Oct-21;241;58589
DK012;23-Oct-21;211;58800
DK012;24-Oct-21;248;59048
DK012;25-Oct-21;258;59306
DK012;26-Oct-21;338;59644
DK012;27-Oct-21;314;59958
DK012;28-Oct-21;297;60255
DK012;29-Oct-21;246;60501
DK012;30-Oct-21;235;60736
DK012;31-Oct-21;264;61000
DK012;01-Nov-21;361;61361
DK012;02-Nov-21;395;61756
DK012;03-Nov-21;372;62128
DK012;04-Nov-21;365;62493
DK012;05-Nov-21;313;62806
DK012;06-Nov-21;334;63140
DK012;07-Nov-21;396;63536
DK012;08-Nov-21;412;63948
DK012;09-Nov-21;480;64428
DK012;10-Nov-21;489;64917
DK012;11-Nov-21;455;65372
DK012;12-Nov-21;369;65741
DK012;13-Nov-21;430;66171
DK012;14-Nov-21;494;66665
DK012;15-Nov-21;610;67275
DK012;16-Nov-21;543;67818
DK012;17-Nov-21;583;68401
DK012;18-Nov-21;552;68953
DK012;19-Nov-21;592;69545
DK012;20-Nov-21;575;70120
DK012;21-Nov-21;573;70693
DK012;22-Nov-21;579;71272
DK012;23-Nov-21;621;71893
DK012;24-Nov-21;547;72440
DK012;25-Nov-21;563;73003
DK012;26-Nov-21;583;73586
DK012;27-Nov-21;572;74158
DK012;28-Nov-21;551;74709
DK012;29-Nov-21;671;75380
DK012;30-Nov-21;701;76081
DK012;01-Dec-21;605;76686
DK012;02-Dec-21;588;77274
DK012;03-Dec-21;763;78037
DK012;04-Dec-21;702;78739
DK012;05-Dec-21;677;79416
DK012;06-Dec-21;945;80361
DK012;07-Dec-21;925;81286
DK012;08-Dec-21;818;82104
DK012;09-Dec-21;884;82988
DK012;10-Dec-21;864;83852
DK012;11-Dec-21;917;84769
DK012;12-Dec-21;987;85756
DK012;13-Dec-21;1265;87021
DK012;14-Dec-21;1412;88433
DK012;15-Dec-21;1410;89843
DK012;16-Dec-21;1320;91163
DK012;17-Dec-21;1445;92608
DK012;18-Dec-21;1325;93933
DK012;19-Dec-21;1339;95272
DK012;20-Dec-21;1704;96976
DK012;21-Dec-21;1718;98694
DK012;22-Dec-21;1566;100260
DK012;23-Dec-21;1760;102020
DK012;24-Dec-21;790;102810
DK012;25-Dec-21;884;103694
DK012;26-Dec-21;1146;104840
DK012;27-Dec-21;2809;107649
DK012;28-Dec-21;2763;110412
DK012;29-Dec-21;2148;112560
DK012;30-Dec-21;2383;114943
DK012;31-Dec-21;863;115806
DK012;01-Jan-22;850;116656
DK012;02-Jan-22;2733;119389
DK012;03-Jan-22;2776;122165
DK012;04-Jan-22;2578;124743
DK012;05-Jan-22;2113;126856
DK012;06-Jan-22;1859;128715
DK012;07-Jan-22;1677;130392
DK012;08-Jan-22;1890;132282
DK012;09-Jan-22;2176;134458
DK012;10-Jan-22;2763;137221
DK012;11-Jan-22;2866;140087
DK012;12-Jan-22;2773;142860
DK012;13-Jan-22;2900;145760
DK012;14-Jan-22;3264;149024
DK012;15-Jan-22;3417;152441
DK012;16-Jan-22;3567;156008
DK012;17-Jan-22;4803;160811
DK012;18-Jan-22;4706;165517
DK012;19-Jan-22;4236;169753
DK012;20-Jan-22;4306;174059
DK012;21-Jan-22;4083;178142
DK012;22-Jan-22;4114;182256
DK012;23-Jan-22;4351;186607
DK012;24-Jan-22;5033;191640
DK012;25-Jan-22;4459;196099
DK012;26-Jan-22;3884;199983
DK012;27-Jan-22;3339;203322
DK012;28-Jan-22;2962;206284
DK012;29-Jan-22;2604;208888
DK012;30-Jan-22;2595;211483
DK012;31-Jan-22;3925;215408
DK012;01-Feb-22;2963;218371
DK012;02-Feb-22;2795;221166
DK012;03-Feb-22;2511;223677
DK012;04-Feb-22;2260;225937
DK012;05-Feb-22;2043;227980
DK012;06-Feb-22;2665;230645
DK012;07-Feb-22;3164;233809
DK012;08-Feb-22;2903;236712
DK012;09-Feb-22;2819;239531
DK012;10-Feb-22;2369;241900
DK012;11-Feb-22;2024;243924
DK012;12-Feb-22;1746;245670
DK012;13-Feb-22;1948;247618
DK012;14-Feb-22;2407;250025
DK012;15-Feb-22;2285;252310
DK012;16-Feb-22;1984;254294
DK012;17-Feb-22;1885;256179
DK012;18-Feb-22;1452;257631
DK012;19-Feb-22;1351;258982
DK012;20-Feb-22;1810;260792
DK012;21-Feb-22;1881;262673
DK012;22-Feb-22;1548;264221
DK012;23-Feb-22;1430;265651
DK012;24-Feb-22;1221;266872
DK012;25-Feb-22;924;267796
DK012;26-Feb-22;861;268657
DK012;27-Feb-22;1099;269756
DK012;28-Feb-22;1192;270948
DK012;01-Mar-22;1138;272086
DK012;02-Mar-22;1095;273181
DK012;03-Mar-22;866;274047
DK012;04-Mar-22;843;274890
DK012;05-Mar-22;702;275592
DK012;06-Mar-22;852;276444
DK012;07-Mar-22;945;277389
DK012;08-Mar-22;950;278339
DK012;09-Mar-22;875;279214
DK012;10-Mar-22;705;279919
DK012;11-Mar-22;481;280400
DK012;12-Mar-22;403;280803
DK012;13-Mar-22;509;281312
DK012;14-Mar-22;401;281713
DK012;15-Mar-22;0;281713
DK013;26-Feb-20;0;0
DK013;27-Feb-20;0;0
DK013;28-Feb-20;0;0
DK013;01-Mar-20;0;0
DK013;02-Mar-20;0;0
DK013;03-Mar-20;0;0
DK013;04-Mar-20;0;0
DK013;05-Mar-20;5;5
DK013;06-Mar-20;0;5
DK013;07-Mar-20;5;10
DK013;08-Mar-20;6;16
DK013;09-Mar-20;22;38
DK013;10-Mar-20;29;67
DK013;11-Mar-20;18;85
DK013;12-Mar-20;3;88
DK013;13-Mar-20;6;94
DK013;14-Mar-20;0;94
DK013;15-Mar-20;4;98
DK013;16-Mar-20;8;106
DK013;17-Mar-20;6;112
DK013;18-Mar-20;9;121
DK013;19-Mar-20;10;131
DK013;20-Mar-20;10;141
DK013;21-Mar-20;13;154
DK013;22-Mar-20;10;164
DK013;23-Mar-20;12;176
DK013;24-Mar-20;15;191
DK013;25-Mar-20;13;204
DK013;26-Mar-20;19;223
DK013;27-Mar-20;22;245
DK013;28-Mar-20;19;264
DK013;29-Mar-20;10;274
DK013;30-Mar-20;31;305
DK013;31-Mar-20;18;323
DK013;01-Apr-20;26;349
DK013;02-Apr-20;41;390
DK013;03-Apr-20;40;430
DK013;04-Apr-20;27;457
DK013;05-Apr-20;18;475
DK013;06-Apr-20;31;506
DK013;07-Apr-20;26;532
DK013;08-Apr-20;26;558
DK013;09-Apr-20;5;563
DK013;10-Apr-20;9;572
DK013;11-Apr-20;13;585
DK013;12-Apr-20;16;601
DK013;13-Apr-20;8;609
DK013;14-Apr-20;19;628
DK013;15-Apr-20;15;643
DK013;16-Apr-20;12;655
DK013;17-Apr-20;15;670
DK013;18-Apr-20;14;684
DK013;19-Apr-20;10;694
DK013;20-Apr-20;18;712
DK013;21-Apr-20;22;734
DK013;22-Apr-20;37;771
DK013;23-Apr-20;31;802
DK013;24-Apr-20;18;820
DK013;25-Apr-20;11;831
DK013;26-Apr-20;22;853
DK013;27-Apr-20;20;873
DK013;28-Apr-20;11;884
DK013;29-Apr-20;19;903
DK013;30-Apr-20;21;924
DK013;01-May-20;13;937
DK013;02-May-20;16;953
DK013;03-May-20;4;957
DK013;04-May-20;14;971
DK013;05-May-20;10;981
DK013;06-May-20;17;998
DK013;07-May-20;18;1016
DK013;08-May-20;15;1031
DK013;09-May-20;11;1042
DK013;10-May-20;10;1052
DK013;11-May-20;19;1071
DK013;12-May-20;12;1083
DK013;13-May-20;14;1097
DK013;14-May-20;8;1105
DK013;15-May-20;13;1118
DK013;16-May-20;3;1121
DK013;17-May-20;10;1131
DK013;18-May-20;14;1145
DK013;19-May-20;11;1156
DK013;20-May-20;26;1182
DK013;21-May-20;8;1190
DK013;22-May-20;13;1203
DK013;23-May-20;13;1216
DK013;24-May-20;10;1226
DK013;25-May-20;23;1249
DK013;26-May-20;9;1258
DK013;27-May-20;13;1271
DK013;28-May-20;11;1282
DK013;29-May-20;13;1295
DK013;30-May-20;7;1302
DK013;31-May-20;5;1307
DK013;01-Jun-20;7;1314
DK013;02-Jun-20;9;1323
DK013;03-Jun-20;6;1329
DK013;04-Jun-20;5;1334
DK013;05-Jun-20;7;1341
DK013;06-Jun-20;4;1345
DK013;07-Jun-20;2;1347
DK013;08-Jun-20;7;1354
DK013;09-Jun-20;4;1358
DK013;10-Jun-20;1;1359
DK013;11-Jun-20;14;1373
DK013;12-Jun-20;11;1384
DK013;13-Jun-20;7;1391
DK013;14-Jun-20;0;1391
DK013;15-Jun-20;12;1403
DK013;16-Jun-20;11;1414
DK013;17-Jun-20;9;1423
DK013;18-Jun-20;18;1441
DK013;19-Jun-20;4;1445
DK013;20-Jun-20;12;1457
DK013;21-Jun-20;2;1459
DK013;22-Jun-20;8;1467
DK013;23-Jun-20;3;1470
DK013;24-Jun-20;4;1474
DK013;25-Jun-20;3;1477
DK013;26-Jun-20;2;1479
DK013;27-Jun-20;1;1480
DK013;28-Jun-20;0;1480
DK013;29-Jun-20;4;1484
DK013;30-Jun-20;1;1485
DK013;01-Jul-20;1;1486
DK013;02-Jul-20;3;1489
DK013;03-Jul-20;2;1491
DK013;04-Jul-20;3;1494
DK013;05-Jul-20;1;1495
DK013;06-Jul-20;0;1495
DK013;07-Jul-20;0;1495
DK013;08-Jul-20;1;1496
DK013;09-Jul-20;6;1502
DK013;10-Jul-20;2;1504
DK013;11-Jul-20;2;1506
DK013;12-Jul-20;6;1512
DK013;13-Jul-20;2;1514
DK013;14-Jul-20;1;1515
DK013;15-Jul-20;4;1519
DK013;16-Jul-20;5;1524
DK013;17-Jul-20;3;1527
DK013;18-Jul-20;3;1530
DK013;19-Jul-20;3;1533
DK013;20-Jul-20;2;1535
DK013;21-Jul-20;2;1537
DK013;22-Jul-20;2;1539
DK013;23-Jul-20;3;1542
DK013;24-Jul-20;4;1546
DK013;25-Jul-20;3;1549
DK013;26-Jul-20;1;1550
DK013;27-Jul-20;8;1558
DK013;28-Jul-20;6;1564
DK013;29-Jul-20;1;1565
DK013;30-Jul-20;3;1568
DK013;31-Jul-20;2;1570
DK013;01-Aug-20;2;1572
DK013;02-Aug-20;1;1573
DK013;03-Aug-20;1;1574
DK013;04-Aug-20;10;1584
DK013;05-Aug-20;3;1587
DK013;06-Aug-20;8;1595
DK013;07-Aug-20;4;1599
DK013;08-Aug-20;1;1600
DK013;09-Aug-20;5;1605
DK013;10-Aug-20;5;1610
DK013;11-Aug-20;5;1615
DK013;12-Aug-20;4;1619
DK013;13-Aug-20;1;1620
DK013;14-Aug-20;8;1628
DK013;15-Aug-20;3;1631
DK013;16-Aug-20;2;1633
DK013;17-Aug-20;6;1639
DK013;18-Aug-20;5;1644
DK013;19-Aug-20;4;1648
DK013;20-Aug-20;3;1651
DK013;21-Aug-20;4;1655
DK013;22-Aug-20;2;1657
DK013;23-Aug-20;4;1661
DK013;24-Aug-20;5;1666
DK013;25-Aug-20;1;1667
DK013;26-Aug-20;7;1674
DK013;27-Aug-20;1;1675
DK013;28-Aug-20;4;1679
DK013;29-Aug-20;4;1683
DK013;30-Aug-20;1;1684
DK013;31-Aug-20;1;1685
DK013;01-Sep-20;8;1693
DK013;02-Sep-20;6;1699
DK013;03-Sep-20;12;1711
DK013;04-Sep-20;18;1729
DK013;05-Sep-20;15;1744
DK013;06-Sep-20;14;1758
DK013;07-Sep-20;16;1774
DK013;08-Sep-20;15;1789
DK013;09-Sep-20;20;1809
DK013;10-Sep-20;27;1836
DK013;11-Sep-20;15;1851
DK013;12-Sep-20;23;1874
DK013;13-Sep-20;18;1892
DK013;14-Sep-20;35;1927
DK013;15-Sep-20;28;1955
DK013;16-Sep-20;32;1987
DK013;17-Sep-20;46;2033
DK013;18-Sep-20;28;2061
DK013;19-Sep-20;32;2093
DK013;20-Sep-20;32;2125
DK013;21-Sep-20;38;2163
DK013;22-Sep-20;29;2192
DK013;23-Sep-20;37;2229
DK013;24-Sep-20;33;2262
DK013;25-Sep-20;30;2292
DK013;26-Sep-20;19;2311
DK013;27-Sep-20;36;2347
DK013;28-Sep-20;37;2384
DK013;29-Sep-20;31;2415
DK013;30-Sep-20;33;2448
DK013;01-Oct-20;25;2473
DK013;02-Oct-20;24;2497
DK013;03-Oct-20;16;2513
DK013;04-Oct-20;21;2534
DK013;05-Oct-20;31;2565
DK013;06-Oct-20;34;2599
DK013;07-Oct-20;27;2626
DK013;08-Oct-20;25;2651
DK013;09-Oct-20;23;2674
DK013;10-Oct-20;17;2691
DK013;11-Oct-20;18;2709
DK013;12-Oct-20;29;2738
DK013;13-Oct-20;27;2765
DK013;14-Oct-20;43;2808
DK013;15-Oct-20;32;2840
DK013;16-Oct-20;34;2874
DK013;17-Oct-20;45;2919
DK013;18-Oct-20;33;2952
DK013;19-Oct-20;51;3003
DK013;20-Oct-20;71;3074
DK013;21-Oct-20;47;3121
DK013;22-Oct-20;63;3184
DK013;23-Oct-20;55;3239
DK013;24-Oct-20;83;3322
DK013;25-Oct-20;80;3402
DK013;26-Oct-20;61;3463
DK013;27-Oct-20;89;3552
DK013;28-Oct-20;84;3636
DK013;29-Oct-20;52;3688
DK013;30-Oct-20;64;3752
DK013;31-Oct-20;67;3819
DK013;01-Nov-20;78;3897
DK013;02-Nov-20;73;3970
DK013;03-Nov-20;78;4048
DK013;04-Nov-20;84;4132
DK013;05-Nov-20;75;4207
DK013;06-Nov-20;66;4273
DK013;07-Nov-20;56;4329
DK013;08-Nov-20;57;4386
DK013;09-Nov-20;89;4475
DK013;10-Nov-20;65;4540
DK013;11-Nov-20;58;4598
DK013;12-Nov-20;70;4668
DK013;13-Nov-20;77;4745
DK013;14-Nov-20;63;4808
DK013;15-Nov-20;68;4876
DK013;16-Nov-20;79;4955
DK013;17-Nov-20;65;5020
DK013;18-Nov-20;98;5118
DK013;19-Nov-20;72;5190
DK013;20-Nov-20;75;5265
DK013;21-Nov-20;95;5360
DK013;22-Nov-20;82;5442
DK013;23-Nov-20;114;5556
DK013;24-Nov-20;108;5664
DK013;25-Nov-20;121;5785
DK013;26-Nov-20;115;5900
DK013;27-Nov-20;131;6031
DK013;28-Nov-20;107;6138
DK013;29-Nov-20;131;6269
DK013;30-Nov-20;167;6436
DK013;01-Dec-20;168;6604
DK013;02-Dec-20;186;6790
DK013;03-Dec-20;170;6960
DK013;04-Dec-20;170;7130
DK013;05-Dec-20;142;7272
DK013;06-Dec-20;177;7449
DK013;07-Dec-20;209;7658
DK013;08-Dec-20;270;7928
DK013;09-Dec-20;241;8169
DK013;10-Dec-20;274;8443
DK013;11-Dec-20;293;8736
DK013;12-Dec-20;285;9021
DK013;13-Dec-20;327;9348
DK013;14-Dec-20;334;9682
DK013;15-Dec-20;381;10063
DK013;16-Dec-20;412;10475
DK013;17-Dec-20;338;10813
DK013;18-Dec-20;305;11118
DK013;19-Dec-20;283;11401
DK013;20-Dec-20;247;11648
DK013;21-Dec-20;320;11968
DK013;22-Dec-20;262;12230
DK013;23-Dec-20;247;12477
DK013;24-Dec-20;214;12691
DK013;25-Dec-20;182;12873
DK013;26-Dec-20;275;13148
DK013;27-Dec-20;220;13368
DK013;28-Dec-20;307;13675
DK013;29-Dec-20;242;13917
DK013;30-Dec-20;298;14215
DK013;31-Dec-20;156;14371
DK013;01-Jan-21;140;14511
DK013;02-Jan-21;179;14690
DK013;03-Jan-21;146;14836
DK013;04-Jan-21;230;15066
DK013;05-Jan-21;200;15266
DK013;06-Jan-21;175;15441
DK013;07-Jan-21;139;15580
DK013;08-Jan-21;137;15717
DK013;09-Jan-21;123;15840
DK013;10-Jan-21;90;15930
DK013;11-Jan-21;151;16081
DK013;12-Jan-21;134;16215
DK013;13-Jan-21;98;16313
DK013;14-Jan-21;117;16430
DK013;15-Jan-21;75;16505
DK013;16-Jan-21;76;16581
DK013;17-Jan-21;80;16661
DK013;18-Jan-21;105;16766
DK013;19-Jan-21;80;16846
DK013;20-Jan-21;51;16897
DK013;21-Jan-21;80;16977
DK013;22-Jan-21;45;17022
DK013;23-Jan-21;52;17074
DK013;24-Jan-21;52;17126
DK013;25-Jan-21;66;17192
DK013;26-Jan-21;55;17247
DK013;27-Jan-21;44;17291
DK013;28-Jan-21;55;17346
DK013;29-Jan-21;38;17384
DK013;30-Jan-21;37;17421
DK013;31-Jan-21;38;17459
DK013;01-Feb-21;41;17500
DK013;02-Feb-21;34;17534
DK013;03-Feb-21;38;17572
DK013;04-Feb-21;34;17606
DK013;05-Feb-21;39;17645
DK013;06-Feb-21;28;17673
DK013;07-Feb-21;38;17711
DK013;08-Feb-21;31;17742
DK013;09-Feb-21;42;17784
DK013;10-Feb-21;46;17830
DK013;11-Feb-21;19;17849
DK013;12-Feb-21;41;17890
DK013;13-Feb-21;21;17911
DK013;14-Feb-21;20;17931
DK013;15-Feb-21;30;17961
DK013;16-Feb-21;30;17991
DK013;17-Feb-21;31;18022
DK013;18-Feb-21;34;18056
DK013;19-Feb-21;27;18083
DK013;20-Feb-21;29;18112
DK013;21-Feb-21;34;18146
DK013;22-Feb-21;36;18182
DK013;23-Feb-21;51;18233
DK013;24-Feb-21;53;18286
DK013;25-Feb-21;50;18336
DK013;26-Feb-21;44;18380
DK013;27-Feb-21;40;18420
DK013;28-Feb-21;52;18472
DK013;01-Mar-21;45;18517
DK013;02-Mar-21;52;18569
DK013;03-Mar-21;63;18632
DK013;04-Mar-21;38;18670
DK013;05-Mar-21;44;18714
DK013;06-Mar-21;39;18753
DK013;07-Mar-21;45;18798
DK013;08-Mar-21;50;18848
DK013;09-Mar-21;56;18904
DK013;10-Mar-21;46;18950
DK013;11-Mar-21;39;18989
DK013;12-Mar-21;39;19028
DK013;13-Mar-21;41;19069
DK013;14-Mar-21;45;19114
DK013;15-Mar-21;40;19154
DK013;16-Mar-21;54;19208
DK013;17-Mar-21;52;19260
DK013;18-Mar-21;57;19317
DK013;19-Mar-21;64;19381
DK013;20-Mar-21;69;19450
DK013;21-Mar-21;64;19514
DK013;22-Mar-21;84;19598
DK013;23-Mar-21;83;19681
DK013;24-Mar-21;82;19763
DK013;25-Mar-21;94;19857
DK013;26-Mar-21;83;19940
DK013;27-Mar-21;79;20019
DK013;28-Mar-21;71;20090
DK013;29-Mar-21;86;20176
DK013;30-Mar-21;83;20259
DK013;31-Mar-21;77;20336
DK013;01-Apr-21;68;20404
DK013;02-Apr-21;52;20456
DK013;03-Apr-21;54;20510
DK013;04-Apr-21;48;20558
DK013;05-Apr-21;58;20616
DK013;06-Apr-21;64;20680
DK013;07-Apr-21;59;20739
DK013;08-Apr-21;75;20814
DK013;09-Apr-21;67;20881
DK013;10-Apr-21;60;20941
DK013;11-Apr-21;42;20983
DK013;12-Apr-21;59;21042
DK013;13-Apr-21;57;21099
DK013;14-Apr-21;74;21173
DK013;15-Apr-21;60;21233
DK013;16-Apr-21;72;21305
DK013;17-Apr-21;81;21386
DK013;18-Apr-21;72;21458
DK013;19-Apr-21;64;21522
DK013;20-Apr-21;77;21599
DK013;21-Apr-21;60;21659
DK013;22-Apr-21;70;21729
DK013;23-Apr-21;44;21773
DK013;24-Apr-21;46;21819
DK013;25-Apr-21;56;21875
DK013;26-Apr-21;62;21937
DK013;27-Apr-21;76;22013
DK013;28-Apr-21;51;22064
DK013;29-Apr-21;55;22119
DK013;30-Apr-21;66;22185
DK013;01-May-21;46;22231
DK013;02-May-21;65;22296
DK013;03-May-21;94;22390
DK013;04-May-21;104;22494
DK013;05-May-21;128;22622
DK013;06-May-21;76;22698
DK013;07-May-21;82;22780
DK013;08-May-21;81;22861
DK013;09-May-21;76;22937
DK013;10-May-21;104;23041
DK013;11-May-21;122;23163
DK013;12-May-21;114;23277
DK013;13-May-21;77;23354
DK013;14-May-21;65;23419
DK013;15-May-21;88;23507
DK013;16-May-21;94;23601
DK013;17-May-21;95;23696
DK013;18-May-21;98;23794
DK013;19-May-21;79;23873
DK013;20-May-21;76;23949
DK013;21-May-21;76;24025
DK013;22-May-21;58;24083
DK013;23-May-21;73;24156
DK013;24-May-21;67;24223
DK013;25-May-21;74;24297
DK013;26-May-21;92;24389
DK013;27-May-21;70;24459
DK013;28-May-21;79;24538
DK013;29-May-21;68;24606
DK013;30-May-21;60;24666
DK013;31-May-21;76;24742
DK013;01-Jun-21;93;24835
DK013;02-Jun-21;72;24907
DK013;03-Jun-21;68;24975
DK013;04-Jun-21;54;25029
DK013;05-Jun-21;37;25066
DK013;06-Jun-21;44;25110
DK013;07-Jun-21;38;25148
DK013;08-Jun-21;40;25188
DK013;09-Jun-21;37;25225
DK013;10-Jun-21;26;25251
DK013;11-Jun-21;20;25271
DK013;12-Jun-21;28;25299
DK013;13-Jun-21;14;25313
DK013;14-Jun-21;22;25335
DK013;15-Jun-21;29;25364
DK013;16-Jun-21;34;25398
DK013;17-Jun-21;14;25412
DK013;18-Jun-21;13;25425
DK013;19-Jun-21;13;25438
DK013;20-Jun-21;13;25451
DK013;21-Jun-21;6;25457
DK013;22-Jun-21;10;25467
DK013;23-Jun-21;7;25474
DK013;24-Jun-21;9;25483
DK013;25-Jun-21;12;25495
DK013;26-Jun-21;8;25503
DK013;27-Jun-21;13;25516
DK013;28-Jun-21;18;25534
DK013;29-Jun-21;18;25552
DK013;30-Jun-21;28;25580
DK013;01-Jul-21;21;25601
DK013;02-Jul-21;26;25627
DK013;03-Jul-21;28;25655
DK013;04-Jul-21;25;25680
DK013;05-Jul-21;53;25733
DK013;06-Jul-21;51;25784
DK013;07-Jul-21;51;25835
DK013;08-Jul-21;41;25876
DK013;09-Jul-21;53;25929
DK013;10-Jul-21;49;25978
DK013;11-Jul-21;63;26041
DK013;12-Jul-21;78;26119
DK013;13-Jul-21;70;26189
DK013;14-Jul-21;71;26260
DK013;15-Jul-21;67;26327
DK013;16-Jul-21;57;26384
DK013;17-Jul-21;73;26457
DK013;18-Jul-21;45;26502
DK013;19-Jul-21;52;26554
DK013;20-Jul-21;49;26603
DK013;21-Jul-21;43;26646
DK013;22-Jul-21;40;26686
DK013;23-Jul-21;37;26723
DK013;24-Jul-21;26;26749
DK013;25-Jul-21;42;26791
DK013;26-Jul-21;52;26843
DK013;27-Jul-21;42;26885
DK013;28-Jul-21;52;26937
DK013;29-Jul-21;47;26984
DK013;30-Jul-21;47;27031
DK013;31-Jul-21;55;27086
DK013;01-Aug-21;56;27142
DK013;02-Aug-21;42;27184
DK013;03-Aug-21;48;27232
DK013;04-Aug-21;65;27297
DK013;05-Aug-21;54;27351
DK013;06-Aug-21;68;27419
DK013;07-Aug-21;53;27472
DK013;08-Aug-21;56;27528
DK013;09-Aug-21;70;27598
DK013;10-Aug-21;52;27650
DK013;11-Aug-21;60;27710
DK013;12-Aug-21;57;27767
DK013;13-Aug-21;61;27828
DK013;14-Aug-21;55;27883
DK013;15-Aug-21;64;27947
DK013;16-Aug-21;62;28009
DK013;17-Aug-21;54;28063
DK013;18-Aug-21;53;28116
DK013;19-Aug-21;80;28196
DK013;20-Aug-21;58;28254
DK013;21-Aug-21;61;28315
DK013;22-Aug-21;60;28375
DK013;23-Aug-21;54;28429
DK013;24-Aug-21;68;28497
DK013;25-Aug-21;66;28563
DK013;26-Aug-21;80;28643
DK013;27-Aug-21;49;28692
DK013;28-Aug-21;61;28753
DK013;29-Aug-21;42;28795
DK013;30-Aug-21;52;28847
DK013;31-Aug-21;45;28892
DK013;01-Sep-21;44;28936
DK013;02-Sep-21;36;28972
DK013;03-Sep-21;26;28998
DK013;04-Sep-21;30;29028
DK013;05-Sep-21;27;29055
DK013;06-Sep-21;24;29079
DK013;07-Sep-21;41;29120
DK013;08-Sep-21;22;29142
DK013;09-Sep-21;20;29162
DK013;10-Sep-21;20;29182
DK013;11-Sep-21;19;29201
DK013;12-Sep-21;20;29221
DK013;13-Sep-21;28;29249
DK013;14-Sep-21;24;29273
DK013;15-Sep-21;18;29291
DK013;16-Sep-21;19;29310
DK013;17-Sep-21;20;29330
DK013;18-Sep-21;12;29342
DK013;19-Sep-21;20;29362
DK013;20-Sep-21;20;29382
DK013;21-Sep-21;15;29397
DK013;22-Sep-21;21;29418
DK013;23-Sep-21;20;29438
DK013;24-Sep-21;18;29456
DK013;25-Sep-21;28;29484
DK013;26-Sep-21;15;29499
DK013;27-Sep-21;28;29527
DK013;28-Sep-21;32;29559
DK013;29-Sep-21;35;29594
DK013;30-Sep-21;39;29633
DK013;01-Oct-21;33;29666
DK013;02-Oct-21;30;29696
DK013;03-Oct-21;44;29740
DK013;04-Oct-21;49;29789
DK013;05-Oct-21;52;29841
DK013;06-Oct-21;58;29899
DK013;07-Oct-21;54;29953
DK013;08-Oct-21;53;30006
DK013;09-Oct-21;41;30047
DK013;10-Oct-21;44;30091
DK013;11-Oct-21;56;30147
DK013;12-Oct-21;62;30209
DK013;13-Oct-21;51;30260
DK013;14-Oct-21;60;30320
DK013;15-Oct-21;50;30370
DK013;16-Oct-21;50;30420
DK013;17-Oct-21;48;30468
DK013;18-Oct-21;78;30546
DK013;19-Oct-21;94;30640
DK013;20-Oct-21;134;30774
DK013;21-Oct-21;128;30902
DK013;22-Oct-21;115;31017
DK013;23-Oct-21;123;31140
DK013;24-Oct-21;137;31277
DK013;25-Oct-21;156;31433
DK013;26-Oct-21;180;31613
DK013;27-Oct-21;200;31813
DK013;28-Oct-21;215;32028
DK013;29-Oct-21;168;32196
DK013;30-Oct-21;163;32359
DK013;31-Oct-21;177;32536
DK013;01-Nov-21;221;32757
DK013;02-Nov-21;236;32993
DK013;03-Nov-21;229;33222
DK013;04-Nov-21;243;33465
DK013;05-Nov-21;238;33703
DK013;06-Nov-21;192;33895
DK013;07-Nov-21;262;34157
DK013;08-Nov-21;318;34475
DK013;09-Nov-21;303;34778
DK013;10-Nov-21;310;35088
DK013;11-Nov-21;330;35418
DK013;12-Nov-21;280;35698
DK013;13-Nov-21;315;36013
DK013;14-Nov-21;301;36314
DK013;15-Nov-21;394;36708
DK013;16-Nov-21;359;37067
DK013;17-Nov-21;362;37429
DK013;18-Nov-21;405;37834
DK013;19-Nov-21;406;38240
DK013;20-Nov-21;397;38637
DK013;21-Nov-21;386;39023
DK013;22-Nov-21;492;39515
DK013;23-Nov-21;489;40004
DK013;24-Nov-21;447;40451
DK013;25-Nov-21;405;40856
DK013;26-Nov-21;453;41309
DK013;27-Nov-21;426;41735
DK013;28-Nov-21;427;42162
DK013;29-Nov-21;532;42694
DK013;30-Nov-21;513;43207
DK013;01-Dec-21;435;43642
DK013;02-Dec-21;424;44066
DK013;03-Dec-21;468;44534
DK013;04-Dec-21;575;45109
DK013;05-Dec-21;512;45621
DK013;06-Dec-21;725;46346
DK013;07-Dec-21;686;47032
DK013;08-Dec-21;642;47674
DK013;09-Dec-21;658;48332
DK013;10-Dec-21;722;49054
DK013;11-Dec-21;756;49810
DK013;12-Dec-21;751;50561
DK013;13-Dec-21;1026;51587
DK013;14-Dec-21;1012;52599
DK013;15-Dec-21;1064;53663
DK013;16-Dec-21;929;54592
DK013;17-Dec-21;1092;55684
DK013;18-Dec-21;1072;56756
DK013;19-Dec-21;1116;57872
DK013;20-Dec-21;1343;59215
DK013;21-Dec-21;1312;60527
DK013;22-Dec-21;1266;61793
DK013;23-Dec-21;1424;63217
DK013;24-Dec-21;624;63841
DK013;25-Dec-21;683;64524
DK013;26-Dec-21;911;65435
DK013;27-Dec-21;2275;67710
DK013;28-Dec-21;2149;69859
DK013;29-Dec-21;1729;71588
DK013;30-Dec-21;1855;73443
DK013;31-Dec-21;841;74284
DK013;01-Jan-22;613;74897
DK013;02-Jan-22;1877;76774
DK013;03-Jan-22;2161;78935
DK013;04-Jan-22;1894;80829
DK013;05-Jan-22;1490;82319
DK013;06-Jan-22;1249;83568
DK013;07-Jan-22;1165;84733
DK013;08-Jan-22;1208;85941
DK013;09-Jan-22;1421;87362
DK013;10-Jan-22;2088;89450
DK013;11-Jan-22;1956;91406
DK013;12-Jan-22;1923;93329
DK013;13-Jan-22;1924;95253
DK013;14-Jan-22;2239;97492
DK013;15-Jan-22;2314;99806
DK013;16-Jan-22;2453;102259
DK013;17-Jan-22;3330;105589
DK013;18-Jan-22;3512;109101
DK013;19-Jan-22;3243;112344
DK013;20-Jan-22;3047;115391
DK013;21-Jan-22;3212;118603
DK013;22-Jan-22;3255;121858
DK013;23-Jan-22;3561;125419
DK013;24-Jan-22;4374;129793
DK013;25-Jan-22;4043;133836
DK013;26-Jan-22;3505;137341
DK013;27-Jan-22;3321;140662
DK013;28-Jan-22;2849;143511
DK013;29-Jan-22;2765;146276
DK013;30-Jan-22;2580;148856
DK013;31-Jan-22;4165;153021
DK013;01-Feb-22;3172;156193
DK013;02-Feb-22;2633;158826
DK013;03-Feb-22;2586;161412
DK013;04-Feb-22;2323;163735
DK013;05-Feb-22;2355;166090
DK013;06-Feb-22;2764;168854
DK013;07-Feb-22;3318;172172
DK013;08-Feb-22;3097;175269
DK013;09-Feb-22;2698;177967
DK013;10-Feb-22;2498;180465
DK013;11-Feb-22;1962;182427
DK013;12-Feb-22;1832;184259
DK013;13-Feb-22;1990;186249
DK013;14-Feb-22;2304;188553
DK013;15-Feb-22;2177;190730
DK013;16-Feb-22;1932;192662
DK013;17-Feb-22;1843;194505
DK013;18-Feb-22;1410;195915
DK013;19-Feb-22;1559;197474
DK013;20-Feb-22;1924;199398
DK013;21-Feb-22;2031;201429
DK013;22-Feb-22;1645;203074
DK013;23-Feb-22;1273;204347
DK013;24-Feb-22;1142;205489
DK013;25-Feb-22;973;206462
DK013;26-Feb-22;882;207344
DK013;27-Feb-22;961;208305
DK013;28-Feb-22;1322;209627
DK013;01-Mar-22;1119;210746
DK013;02-Mar-22;1021;211767
DK013;03-Mar-22;1029;212796
DK013;04-Mar-22;818;213614
DK013;05-Mar-22;737;214351
DK013;06-Mar-22;846;215197
DK013;07-Mar-22;1027;216224
DK013;08-Mar-22;1061;217285
DK013;09-Mar-22;833;218118
DK013;10-Mar-22;771;218889
DK013;11-Mar-22;489;219378
DK013;12-Mar-22;436;219814
DK013;13-Mar-22;551;220365
DK013;14-Mar-22;357;220722
DK013;15-Mar-22;0;220722
DK014;26-Feb-20;0;0
DK014;27-Feb-20;0;0
DK014;28-Feb-20;0;0
DK014;01-Mar-20;0;0
DK014;02-Mar-20;0;0
DK014;03-Mar-20;0;0
DK014;04-Mar-20;0;0
DK014;05-Mar-20;0;0
DK014;06-Mar-20;0;0
DK014;07-Mar-20;0;0
DK014;08-Mar-20;0;0
DK014;09-Mar-20;0;0
DK014;10-Mar-20;0;0
DK014;11-Mar-20;0;0
DK014;12-Mar-20;0;0
DK014;13-Mar-20;0;0
DK014;14-Mar-20;0;0
DK014;15-Mar-20;1;1
DK014;16-Mar-20;0;1
DK014;17-Mar-20;0;1
DK014;18-Mar-20;0;1
DK014;19-Mar-20;2;3
DK014;20-Mar-20;2;5
DK014;21-Mar-20;0;5
DK014;22-Mar-20;0;5
DK014;23-Mar-20;0;5
DK014;24-Mar-20;2;7
DK014;25-Mar-20;1;8
DK014;26-Mar-20;4;12
DK014;27-Mar-20;3;15
DK014;28-Mar-20;1;16
DK014;29-Mar-20;0;16
DK014;30-Mar-20;5;21
DK014;31-Mar-20;0;21
DK014;01-Apr-20;4;25
DK014;02-Apr-20;2;27
DK014;03-Apr-20;8;35
DK014;04-Apr-20;8;43
DK014;05-Apr-20;1;44
DK014;06-Apr-20;2;46
DK014;07-Apr-20;1;47
DK014;08-Apr-20;3;50
DK014;09-Apr-20;0;50
DK014;10-Apr-20;2;52
DK014;11-Apr-20;1;53
DK014;12-Apr-20;0;53
DK014;13-Apr-20;0;53
DK014;14-Apr-20;0;53
DK014;15-Apr-20;1;54
DK014;16-Apr-20;0;54
DK014;17-Apr-20;2;56
DK014;18-Apr-20;0;56
DK014;19-Apr-20;0;56
DK014;20-Apr-20;2;58
DK014;21-Apr-20;1;59
DK014;22-Apr-20;2;61
DK014;23-Apr-20;1;62
DK014;24-Apr-20;0;62
DK014;25-Apr-20;2;64
DK014;26-Apr-20;0;64
DK014;27-Apr-20;3;67
DK014;28-Apr-20;0;67
DK014;29-Apr-20;3;70
DK014;30-Apr-20;0;70
DK014;01-May-20;0;70
DK014;02-May-20;0;70
DK014;03-May-20;0;70
DK014;04-May-20;0;70
DK014;05-May-20;0;70
DK014;06-May-20;0;70
DK014;07-May-20;0;70
DK014;08-May-20;0;70
DK014;09-May-20;0;70
DK014;10-May-20;0;70
DK014;11-May-20;0;70
DK014;12-May-20;1;71
DK014;13-May-20;0;71
DK014;14-May-20;0;71
DK014;15-May-20;0;71
DK014;16-May-20;0;71
DK014;17-May-20;0;71
DK014;18-May-20;0;71
DK014;19-May-20;0;71
DK014;20-May-20;0;71
DK014;21-May-20;0;71
DK014;22-May-20;0;71
DK014;23-May-20;0;71
DK014;24-May-20;0;71
DK014;25-May-20;0;71
DK014;26-May-20;0;71
DK014;27-May-20;0;71
DK014;28-May-20;0;71
DK014;29-May-20;1;72
DK014;30-May-20;0;72
DK014;31-May-20;0;72
DK014;01-Jun-20;0;72
DK014;02-Jun-20;1;73
DK014;03-Jun-20;0;73
DK014;04-Jun-20;0;73
DK014;05-Jun-20;0;73
DK014;06-Jun-20;0;73
DK014;07-Jun-20;0;73
DK014;08-Jun-20;0;73
DK014;09-Jun-20;1;74
DK014;10-Jun-20;0;74
DK014;11-Jun-20;2;76
DK014;12-Jun-20;0;76
DK014;13-Jun-20;0;76
DK014;14-Jun-20;1;77
DK014;15-Jun-20;0;77
DK014;16-Jun-20;0;77
DK014;17-Jun-20;0;77
DK014;18-Jun-20;0;77
DK014;19-Jun-20;1;78
DK014;20-Jun-20;0;78
DK014;21-Jun-20;1;79
DK014;22-Jun-20;0;79
DK014;23-Jun-20;0;79
DK014;24-Jun-20;0;79
DK014;25-Jun-20;0;79
DK014;26-Jun-20;0;79
DK014;27-Jun-20;2;81
DK014;28-Jun-20;0;81
DK014;29-Jun-20;1;82
DK014;30-Jun-20;0;82
DK014;01-Jul-20;0;82
DK014;02-Jul-20;0;82
DK014;03-Jul-20;0;82
DK014;04-Jul-20;0;82
DK014;05-Jul-20;0;82
DK014;06-Jul-20;0;82
DK014;07-Jul-20;0;82
DK014;08-Jul-20;0;82
DK014;09-Jul-20;0;82
DK014;10-Jul-20;0;82
DK014;11-Jul-20;0;82
DK014;12-Jul-20;0;82
DK014;13-Jul-20;0;82
DK014;14-Jul-20;0;82
DK014;15-Jul-20;0;82
DK014;16-Jul-20;0;82
DK014;17-Jul-20;0;82
DK014;18-Jul-20;0;82
DK014;19-Jul-20;0;82
DK014;20-Jul-20;0;82
DK014;21-Jul-20;1;83
DK014;22-Jul-20;0;83
DK014;23-Jul-20;0;83
DK014;24-Jul-20;0;83
DK014;25-Jul-20;0;83
DK014;26-Jul-20;0;83
DK014;27-Jul-20;0;83
DK014;28-Jul-20;0;83
DK014;29-Jul-20;0;83
DK014;30-Jul-20;0;83
DK014;31-Jul-20;0;83
DK014;01-Aug-20;0;83
DK014;02-Aug-20;0;83
DK014;03-Aug-20;0;83
DK014;04-Aug-20;0;83
DK014;05-Aug-20;0;83
DK014;06-Aug-20;0;83
DK014;07-Aug-20;0;83
DK014;08-Aug-20;0;83
DK014;09-Aug-20;0;83
DK014;10-Aug-20;0;83
DK014;11-Aug-20;0;83
DK014;12-Aug-20;0;83
DK014;13-Aug-20;0;83
DK014;14-Aug-20;0;83
DK014;15-Aug-20;0;83
DK014;16-Aug-20;0;83
DK014;17-Aug-20;0;83
DK014;18-Aug-20;0;83
DK014;19-Aug-20;0;83
DK014;20-Aug-20;0;83
DK014;21-Aug-20;0;83
DK014;22-Aug-20;0;83
DK014;23-Aug-20;0;83
DK014;24-Aug-20;0;83
DK014;25-Aug-20;0;83
DK014;26-Aug-20;0;83
DK014;27-Aug-20;0;83
DK014;28-Aug-20;0;83
DK014;29-Aug-20;0;83
DK014;30-Aug-20;0;83
DK014;31-Aug-20;1;84
DK014;01-Sep-20;0;84
DK014;02-Sep-20;1;85
DK014;03-Sep-20;0;85
DK014;04-Sep-20;3;88
DK014;05-Sep-20;2;90
DK014;06-Sep-20;1;91
DK014;07-Sep-20;0;91
DK014;08-Sep-20;3;94
DK014;09-Sep-20;0;94
DK014;10-Sep-20;1;95
DK014;11-Sep-20;0;95
DK014;12-Sep-20;0;95
DK014;13-Sep-20;0;95
DK014;14-Sep-20;0;95
DK014;15-Sep-20;0;95
DK014;16-Sep-20;1;96
DK014;17-Sep-20;2;98
DK014;18-Sep-20;0;98
DK014;19-Sep-20;2;100
DK014;20-Sep-20;0;100
DK014;21-Sep-20;2;102
DK014;22-Sep-20;0;102
DK014;23-Sep-20;0;102
DK014;24-Sep-20;1;103
DK014;25-Sep-20;0;103
DK014;26-Sep-20;2;105
DK014;27-Sep-20;0;105
DK014;28-Sep-20;2;107
DK014;29-Sep-20;0;107
DK014;30-Sep-20;0;107
DK014;01-Oct-20;0;107
DK014;02-Oct-20;1;108
DK014;03-Oct-20;0;108
DK014;04-Oct-20;0;108
DK014;05-Oct-20;1;109
DK014;06-Oct-20;1;110
DK014;07-Oct-20;0;110
DK014;08-Oct-20;1;111
DK014;09-Oct-20;2;113
DK014;10-Oct-20;0;113
DK014;11-Oct-20;0;113
DK014;12-Oct-20;1;114
DK014;13-Oct-20;1;115
DK014;14-Oct-20;1;116
DK014;15-Oct-20;0;116
DK014;16-Oct-20;2;118
DK014;17-Oct-20;0;118
DK014;18-Oct-20;4;122
DK014;19-Oct-20;0;122
DK014;20-Oct-20;0;122
DK014;21-Oct-20;1;123
DK014;22-Oct-20;0;123
DK014;23-Oct-20;1;124
DK014;24-Oct-20;0;124
DK014;25-Oct-20;0;124
DK014;26-Oct-20;0;124
DK014;27-Oct-20;0;124
DK014;28-Oct-20;2;126
DK014;29-Oct-20;1;127
DK014;30-Oct-20;2;129
DK014;31-Oct-20;1;130
DK014;01-Nov-20;6;136
DK014;02-Nov-20;0;136
DK014;03-Nov-20;4;140
DK014;04-Nov-20;2;142
DK014;05-Nov-20;2;144
DK014;06-Nov-20;2;146
DK014;07-Nov-20;5;151
DK014;08-Nov-20;1;152
DK014;09-Nov-20;5;157
DK014;10-Nov-20;9;166
DK014;11-Nov-20;5;171
DK014;12-Nov-20;5;176
DK014;13-Nov-20;9;185
DK014;14-Nov-20;8;193
DK014;15-Nov-20;8;201
DK014;16-Nov-20;6;207
DK014;17-Nov-20;12;219
DK014;18-Nov-20;9;228
DK014;19-Nov-20;8;236
DK014;20-Nov-20;7;243
DK014;21-Nov-20;8;251
DK014;22-Nov-20;9;260
DK014;23-Nov-20;6;266
DK014;24-Nov-20;11;277
DK014;25-Nov-20;10;287
DK014;26-Nov-20;3;290
DK014;27-Nov-20;3;293
DK014;28-Nov-20;3;296
DK014;29-Nov-20;4;300
DK014;30-Nov-20;2;302
DK014;01-Dec-20;4;306
DK014;02-Dec-20;9;315
DK014;03-Dec-20;3;318
DK014;04-Dec-20;8;326
DK014;05-Dec-20;3;329
DK014;06-Dec-20;4;333
DK014;07-Dec-20;8;341
DK014;08-Dec-20;9;350
DK014;09-Dec-20;9;359
DK014;10-Dec-20;6;365
DK014;11-Dec-20;10;375
DK014;12-Dec-20;3;378
DK014;13-Dec-20;7;385
DK014;14-Dec-20;10;395
DK014;15-Dec-20;6;401
DK014;16-Dec-20;8;409
DK014;17-Dec-20;16;425
DK014;18-Dec-20;8;433
DK014;19-Dec-20;8;441
DK014;20-Dec-20;4;445
DK014;21-Dec-20;6;451
DK014;22-Dec-20;6;457
DK014;23-Dec-20;14;471
DK014;24-Dec-20;4;475
DK014;25-Dec-20;3;478
DK014;26-Dec-20;7;485
DK014;27-Dec-20;5;490
DK014;28-Dec-20;9;499
DK014;29-Dec-20;10;509
DK014;30-Dec-20;6;515
DK014;31-Dec-20;1;516
DK014;01-Jan-21;0;516
DK014;02-Jan-21;2;518
DK014;03-Jan-21;3;521
DK014;04-Jan-21;7;528
DK014;05-Jan-21;3;531
DK014;06-Jan-21;2;533
DK014;07-Jan-21;0;533
DK014;08-Jan-21;3;536
DK014;09-Jan-21;1;537
DK014;10-Jan-21;1;538
DK014;11-Jan-21;2;540
DK014;12-Jan-21;2;542
DK014;13-Jan-21;1;543
DK014;14-Jan-21;0;543
DK014;15-Jan-21;2;545
DK014;16-Jan-21;0;545
DK014;17-Jan-21;2;547
DK014;18-Jan-21;1;548
DK014;19-Jan-21;0;548
DK014;20-Jan-21;2;550
DK014;21-Jan-21;1;551
DK014;22-Jan-21;0;551
DK014;23-Jan-21;0;551
DK014;24-Jan-21;0;551
DK014;25-Jan-21;0;551
DK014;26-Jan-21;2;553
DK014;27-Jan-21;0;553
DK014;28-Jan-21;0;553
DK014;29-Jan-21;1;554
DK014;30-Jan-21;0;554
DK014;31-Jan-21;0;554
DK014;01-Feb-21;1;555
DK014;02-Feb-21;0;555
DK014;03-Feb-21;0;555
DK014;04-Feb-21;0;555
DK014;05-Feb-21;0;555
DK014;06-Feb-21;0;555
DK014;07-Feb-21;0;555
DK014;08-Feb-21;0;555
DK014;09-Feb-21;0;555
DK014;10-Feb-21;1;556
DK014;11-Feb-21;0;556
DK014;12-Feb-21;0;556
DK014;13-Feb-21;0;556
DK014;14-Feb-21;1;557
DK014;15-Feb-21;1;558
DK014;16-Feb-21;0;558
DK014;17-Feb-21;1;559
DK014;18-Feb-21;1;560
DK014;19-Feb-21;0;560
DK014;20-Feb-21;2;562
DK014;21-Feb-21;0;562
DK014;22-Feb-21;1;563
DK014;23-Feb-21;0;563
DK014;24-Feb-21;0;563
DK014;25-Feb-21;1;564
DK014;26-Feb-21;0;564
DK014;27-Feb-21;1;565
DK014;28-Feb-21;0;565
DK014;01-Mar-21;0;565
DK014;02-Mar-21;1;566
DK014;03-Mar-21;1;567
DK014;04-Mar-21;1;568
DK014;05-Mar-21;1;569
DK014;06-Mar-21;0;569
DK014;07-Mar-21;1;570
DK014;08-Mar-21;0;570
DK014;09-Mar-21;1;571
DK014;10-Mar-21;0;571
DK014;11-Mar-21;1;572
DK014;12-Mar-21;0;572
DK014;13-Mar-21;0;572
DK014;14-Mar-21;0;572
DK014;15-Mar-21;0;572
DK014;16-Mar-21;0;572
DK014;17-Mar-21;1;573
DK014;18-Mar-21;0;573
DK014;19-Mar-21;0;573
DK014;20-Mar-21;0;573
DK014;21-Mar-21;1;574
DK014;22-Mar-21;1;575
DK014;23-Mar-21;0;575
DK014;24-Mar-21;0;575
DK014;25-Mar-21;1;576
DK014;26-Mar-21;0;576
DK014;27-Mar-21;0;576
DK014;28-Mar-21;0;576
DK014;29-Mar-21;0;576
DK014;30-Mar-21;1;577
DK014;31-Mar-21;1;578
DK014;01-Apr-21;0;578
DK014;02-Apr-21;0;578
DK014;03-Apr-21;1;579
DK014;04-Apr-21;0;579
DK014;05-Apr-21;0;579
DK014;06-Apr-21;0;579
DK014;07-Apr-21;1;580
DK014;08-Apr-21;0;580
DK014;09-Apr-21;2;582
DK014;10-Apr-21;0;582
DK014;11-Apr-21;0;582
DK014;12-Apr-21;0;582
DK014;13-Apr-21;0;582
DK014;14-Apr-21;3;585
DK014;15-Apr-21;2;587
DK014;16-Apr-21;1;588
DK014;17-Apr-21;0;588
DK014;18-Apr-21;1;589
DK014;19-Apr-21;1;590
DK014;20-Apr-21;0;590
DK014;21-Apr-21;0;590
DK014;22-Apr-21;1;591
DK014;23-Apr-21;2;593
DK014;24-Apr-21;0;593
DK014;25-Apr-21;0;593
DK014;26-Apr-21;1;594
DK014;27-Apr-21;0;594
DK014;28-Apr-21;1;595
DK014;29-Apr-21;1;596
DK014;30-Apr-21;4;600
DK014;01-May-21;1;601
DK014;02-May-21;0;601
DK014;03-May-21;2;603
DK014;04-May-21;6;609
DK014;05-May-21;4;613
DK014;06-May-21;5;618
DK014;07-May-21;2;620
DK014;08-May-21;5;625
DK014;09-May-21;5;630
DK014;10-May-21;2;632
DK014;11-May-21;2;634
DK014;12-May-21;1;635
DK014;13-May-21;1;636
DK014;14-May-21;1;637
DK014;15-May-21;1;638
DK014;16-May-21;2;640
DK014;17-May-21;3;643
DK014;18-May-21;3;646
DK014;19-May-21;2;648
DK014;20-May-21;3;651
DK014;21-May-21;1;652
DK014;22-May-21;3;655
DK014;23-May-21;2;657
DK014;24-May-21;4;661
DK014;25-May-21;1;662
DK014;26-May-21;2;664
DK014;27-May-21;6;670
DK014;28-May-21;0;670
DK014;29-May-21;6;676
DK014;30-May-21;1;677
DK014;31-May-21;5;682
DK014;01-Jun-21;0;682
DK014;02-Jun-21;3;685
DK014;03-Jun-21;4;689
DK014;04-Jun-21;3;692
DK014;05-Jun-21;0;692
DK014;06-Jun-21;2;694
DK014;07-Jun-21;11;705
DK014;08-Jun-21;2;707
DK014;09-Jun-21;1;708
DK014;10-Jun-21;2;710
DK014;11-Jun-21;1;711
DK014;12-Jun-21;1;712
DK014;13-Jun-21;0;712
DK014;14-Jun-21;0;712
DK014;15-Jun-21;1;713
DK014;16-Jun-21;0;713
DK014;17-Jun-21;0;713
DK014;18-Jun-21;1;714
DK014;19-Jun-21;0;714
DK014;20-Jun-21;1;715
DK014;21-Jun-21;1;716
DK014;22-Jun-21;0;716
DK014;23-Jun-21;1;717
DK014;24-Jun-21;2;719
DK014;25-Jun-21;0;719
DK014;26-Jun-21;0;719
DK014;27-Jun-21;0;719
DK014;28-Jun-21;0;719
DK014;29-Jun-21;0;719
DK014;30-Jun-21;1;720
DK014;01-Jul-21;3;723
DK014;02-Jul-21;1;724
DK014;03-Jul-21;3;727
DK014;04-Jul-21;0;727
DK014;05-Jul-21;1;728
DK014;06-Jul-21;6;734
DK014;07-Jul-21;2;736
DK014;08-Jul-21;5;741
DK014;09-Jul-21;1;742
DK014;10-Jul-21;2;744
DK014;11-Jul-21;8;752
DK014;12-Jul-21;10;762
DK014;13-Jul-21;12;774
DK014;14-Jul-21;10;784
DK014;15-Jul-21;3;787
DK014;16-Jul-21;5;792
DK014;17-Jul-21;4;796
DK014;18-Jul-21;2;798
DK014;19-Jul-21;7;805
DK014;20-Jul-21;7;812
DK014;21-Jul-21;4;816
DK014;22-Jul-21;3;819
DK014;23-Jul-21;3;822
DK014;24-Jul-21;2;824
DK014;25-Jul-21;6;830
DK014;26-Jul-21;10;840
DK014;27-Jul-21;10;850
DK014;28-Jul-21;1;851
DK014;29-Jul-21;0;851
DK014;30-Jul-21;2;853
DK014;31-Jul-21;0;853
DK014;01-Aug-21;1;854
DK014;02-Aug-21;2;856
DK014;03-Aug-21;2;858
DK014;04-Aug-21;7;865
DK014;05-Aug-21;1;866
DK014;06-Aug-21;0;866
DK014;07-Aug-21;2;868
DK014;08-Aug-21;2;870
DK014;09-Aug-21;1;871
DK014;10-Aug-21;1;872
DK014;11-Aug-21;0;872
DK014;12-Aug-21;1;873
DK014;13-Aug-21;3;876
DK014;14-Aug-21;2;878
DK014;15-Aug-21;0;878
DK014;16-Aug-21;1;879
DK014;17-Aug-21;0;879
DK014;18-Aug-21;0;879
DK014;19-Aug-21;0;879
DK014;20-Aug-21;0;879
DK014;21-Aug-21;2;881
DK014;22-Aug-21;1;882
DK014;23-Aug-21;1;883
DK014;24-Aug-21;1;884
DK014;25-Aug-21;2;886
DK014;26-Aug-21;1;887
DK014;27-Aug-21;1;888
DK014;28-Aug-21;1;889
DK014;29-Aug-21;5;894
DK014;30-Aug-21;1;895
DK014;31-Aug-21;1;896
DK014;01-Sep-21;4;900
DK014;02-Sep-21;2;902
DK014;03-Sep-21;2;904
DK014;04-Sep-21;2;906
DK014;05-Sep-21;0;906
DK014;06-Sep-21;0;906
DK014;07-Sep-21;2;908
DK014;08-Sep-21;0;908
DK014;09-Sep-21;0;908
DK014;10-Sep-21;0;908
DK014;11-Sep-21;1;909
DK014;12-Sep-21;0;909
DK014;13-Sep-21;0;909
DK014;14-Sep-21;0;909
DK014;15-Sep-21;2;911
DK014;16-Sep-21;0;911
DK014;17-Sep-21;3;914
DK014;18-Sep-21;1;915
DK014;19-Sep-21;2;917
DK014;20-Sep-21;0;917
DK014;21-Sep-21;0;917
DK014;22-Sep-21;2;919
DK014;23-Sep-21;0;919
DK014;24-Sep-21;3;922
DK014;25-Sep-21;5;927
DK014;26-Sep-21;7;934
DK014;27-Sep-21;17;951
DK014;28-Sep-21;6;957
DK014;29-Sep-21;7;964
DK014;30-Sep-21;8;972
DK014;01-Oct-21;2;974
DK014;02-Oct-21;2;976
DK014;03-Oct-21;5;981
DK014;04-Oct-21;1;982
DK014;05-Oct-21;3;985
DK014;06-Oct-21;6;991
DK014;07-Oct-21;4;995
DK014;08-Oct-21;1;996
DK014;09-Oct-21;2;998
DK014;10-Oct-21;2;1000
DK014;11-Oct-21;1;1001
DK014;12-Oct-21;1;1002
DK014;13-Oct-21;3;1005
DK014;14-Oct-21;2;1007
DK014;15-Oct-21;2;1009
DK014;16-Oct-21;5;1014
DK014;17-Oct-21;1;1015
DK014;18-Oct-21;3;1018
DK014;19-Oct-21;6;1024
DK014;20-Oct-21;1;1025
DK014;21-Oct-21;1;1026
DK014;22-Oct-21;2;1028
DK014;23-Oct-21;2;1030
DK014;24-Oct-21;4;1034
DK014;25-Oct-21;2;1036
DK014;26-Oct-21;2;1038
DK014;27-Oct-21;5;1043
DK014;28-Oct-21;1;1044
DK014;29-Oct-21;4;1048
DK014;30-Oct-21;4;1052
DK014;31-Oct-21;6;1058
DK014;01-Nov-21;8;1066
DK014;02-Nov-21;13;1079
DK014;03-Nov-21;4;1083
DK014;04-Nov-21;11;1094
DK014;05-Nov-21;4;1098
DK014;06-Nov-21;11;1109
DK014;07-Nov-21;10;1119
DK014;08-Nov-21;8;1127
DK014;09-Nov-21;22;1149
DK014;10-Nov-21;18;1167
DK014;11-Nov-21;26;1193
DK014;12-Nov-21;12;1205
DK014;13-Nov-21;31;1236
DK014;14-Nov-21;23;1259
DK014;15-Nov-21;32;1291
DK014;16-Nov-21;29;1320
DK014;17-Nov-21;19;1339
DK014;18-Nov-21;30;1369
DK014;19-Nov-21;21;1390
DK014;20-Nov-21;13;1403
DK014;21-Nov-21;15;1418
DK014;22-Nov-21;22;1440
DK014;23-Nov-21;18;1458
DK014;24-Nov-21;19;1477
DK014;25-Nov-21;41;1518
DK014;26-Nov-21;22;1540
DK014;27-Nov-21;20;1560
DK014;28-Nov-21;20;1580
DK014;29-Nov-21;27;1607
DK014;30-Nov-21;29;1636
DK014;01-Dec-21;21;1657
DK014;02-Dec-21;32;1689
DK014;03-Dec-21;28;1717
DK014;04-Dec-21;32;1749
DK014;05-Dec-21;34;1783
DK014;06-Dec-21;51;1834
DK014;07-Dec-21;47;1881
DK014;08-Dec-21;52;1933
DK014;09-Dec-21;22;1955
DK014;10-Dec-21;27;1982
DK014;11-Dec-21;39;2021
DK014;12-Dec-21;26;2047
DK014;13-Dec-21;67;2114
DK014;14-Dec-21;54;2168
DK014;15-Dec-21;74;2242
DK014;16-Dec-21;74;2316
DK014;17-Dec-21;44;2360
DK014;18-Dec-21;65;2425
DK014;19-Dec-21;55;2480
DK014;20-Dec-21;65;2545
DK014;21-Dec-21;60;2605
DK014;22-Dec-21;50;2655
DK014;23-Dec-21;63;2718
DK014;24-Dec-21;33;2751
DK014;25-Dec-21;41;2792
DK014;26-Dec-21;37;2829
DK014;27-Dec-21;82;2911
DK014;28-Dec-21;118;3029
DK014;29-Dec-21;99;3128
DK014;30-Dec-21;97;3225
DK014;31-Dec-21;54;3279
DK014;01-Jan-22;32;3311
DK014;02-Jan-22;101;3412
DK014;03-Jan-22;110;3522
DK014;04-Jan-22;97;3619
DK014;05-Jan-22;78;3697
DK014;06-Jan-22;81;3778
DK014;07-Jan-22;58;3836
DK014;08-Jan-22;69;3905
DK014;09-Jan-22;79;3984
DK014;10-Jan-22;101;4085
DK014;11-Jan-22;97;4182
DK014;12-Jan-22;101;4283
DK014;13-Jan-22;96;4379
DK014;14-Jan-22;78;4457
DK014;15-Jan-22;102;4559
DK014;16-Jan-22;119;4678
DK014;17-Jan-22;191;4869
DK014;18-Jan-22;185;5054
DK014;19-Jan-22;198;5252
DK014;20-Jan-22;202;5454
DK014;21-Jan-22;231;5685
DK014;22-Jan-22;258;5943
DK014;23-Jan-22;261;6204
DK014;24-Jan-22;365;6569
DK014;25-Jan-22;299;6868
DK014;26-Jan-22;285;7153
DK014;27-Jan-22;199;7352
DK014;28-Jan-22;208;7560
DK014;29-Jan-22;262;7822
DK014;30-Jan-22;182;8004
DK014;31-Jan-22;379;8383
DK014;01-Feb-22;319;8702
DK014;02-Feb-22;293;8995
DK014;03-Feb-22;309;9304
DK014;04-Feb-22;333;9637
DK014;05-Feb-22;339;9976
DK014;06-Feb-22;324;10300
DK014;07-Feb-22;477;10777
DK014;08-Feb-22;403;11180
DK014;09-Feb-22;388;11568
DK014;10-Feb-22;294;11862
DK014;11-Feb-22;328;12190
DK014;12-Feb-22;225;12415
DK014;13-Feb-22;273;12688
DK014;14-Feb-22;372;13060
DK014;15-Feb-22;257;13317
DK014;16-Feb-22;225;13542
DK014;17-Feb-22;273;13815
DK014;18-Feb-22;177;13992
DK014;19-Feb-22;193;14185
DK014;20-Feb-22;220;14405
DK014;21-Feb-22;233;14638
DK014;22-Feb-22;207;14845
DK014;23-Feb-22;229;15074
DK014;24-Feb-22;134;15208
DK014;25-Feb-22;144;15352
DK014;26-Feb-22;115;15467
DK014;27-Feb-22;109;15576
DK014;28-Feb-22;187;15763
DK014;01-Mar-22;145;15908
DK014;02-Mar-22;172;16080
DK014;03-Mar-22;109;16189
DK014;04-Mar-22;122;16311
DK014;05-Mar-22;113;16424
DK014;06-Mar-22;112;16536
DK014;07-Mar-22;132;16668
DK014;08-Mar-22;127;16795
DK014;09-Mar-22;102;16897
DK014;10-Mar-22;122;17019
DK014;11-Mar-22;56;17075
DK014;12-Mar-22;61;17136
DK014;13-Mar-22;88;17224
DK014;14-Mar-22;49;17273
DK014;15-Mar-22;0;17273
DK021;26-Feb-20;1;1
DK021;27-Feb-20;0;1
DK021;28-Feb-20;0;1
DK021;01-Mar-20;0;1
DK021;02-Mar-20;0;1
DK021;03-Mar-20;0;1
DK021;04-Mar-20;1;2
DK021;05-Mar-20;0;2
DK021;06-Mar-20;0;2
DK021;07-Mar-20;0;2
DK021;08-Mar-20;2;4
DK021;09-Mar-20;12;16
DK021;10-Mar-20;18;34
DK021;11-Mar-20;13;47
DK021;12-Mar-20;3;50
DK021;13-Mar-20;2;52
DK021;14-Mar-20;3;55
DK021;15-Mar-20;4;59
DK021;16-Mar-20;3;62
DK021;17-Mar-20;4;66
DK021;18-Mar-20;1;67
DK021;19-Mar-20;3;70
DK021;20-Mar-20;2;72
DK021;21-Mar-20;2;74
DK021;22-Mar-20;1;75
DK021;23-Mar-20;9;84
DK021;24-Mar-20;7;91
DK021;25-Mar-20;14;105
DK021;26-Mar-20;6;111
DK021;27-Mar-20;14;125
DK021;28-Mar-20;4;129
DK021;29-Mar-20;5;134
DK021;30-Mar-20;26;160
DK021;31-Mar-20;12;172
DK021;01-Apr-20;4;176
DK021;02-Apr-20;20;196
DK021;03-Apr-20;11;207
DK021;04-Apr-20;11;218
DK021;05-Apr-20;7;225
DK021;06-Apr-20;21;246
DK021;07-Apr-20;19;265
DK021;08-Apr-20;16;281
DK021;09-Apr-20;5;286
DK021;10-Apr-20;3;289
DK021;11-Apr-20;1;290
DK021;12-Apr-20;7;297
DK021;13-Apr-20;5;302
DK021;14-Apr-20;11;313
DK021;15-Apr-20;9;322
DK021;16-Apr-20;10;332
DK021;17-Apr-20;8;340
DK021;18-Apr-20;3;343
DK021;19-Apr-20;6;349
DK021;20-Apr-20;3;352
DK021;21-Apr-20;7;359
DK021;22-Apr-20;7;366
DK021;23-Apr-20;11;377
DK021;24-Apr-20;9;386
DK021;25-Apr-20;8;394
DK021;26-Apr-20;11;405
DK021;27-Apr-20;8;413
DK021;28-Apr-20;5;418
DK021;29-Apr-20;1;419
DK021;30-Apr-20;7;426
DK021;01-May-20;9;435
DK021;02-May-20;3;438
DK021;03-May-20;4;442
DK021;04-May-20;9;451
DK021;05-May-20;6;457
DK021;06-May-20;6;463
DK021;07-May-20;8;471
DK021;08-May-20;4;475
DK021;09-May-20;3;478
DK021;10-May-20;4;482
DK021;11-May-20;3;485
DK021;12-May-20;9;494
DK021;13-May-20;3;497
DK021;14-May-20;3;500
DK021;15-May-20;4;504
DK021;16-May-20;2;506
DK021;17-May-20;2;508
DK021;18-May-20;4;512
DK021;19-May-20;2;514
DK021;20-May-20;5;519
DK021;21-May-20;2;521
DK021;22-May-20;4;525
DK021;23-May-20;2;527
DK021;24-May-20;2;529
DK021;25-May-20;2;531
DK021;26-May-20;2;533
DK021;27-May-20;4;537
DK021;28-May-20;3;540
DK021;29-May-20;7;547
DK021;30-May-20;4;551
DK021;31-May-20;4;555
DK021;01-Jun-20;5;560
DK021;02-Jun-20;11;571
DK021;03-Jun-20;13;584
DK021;04-Jun-20;4;588
DK021;05-Jun-20;4;592
DK021;06-Jun-20;2;594
DK021;07-Jun-20;0;594
DK021;08-Jun-20;2;596
DK021;09-Jun-20;3;599
DK021;10-Jun-20;4;603
DK021;11-Jun-20;8;611
DK021;12-Jun-20;3;614
DK021;13-Jun-20;1;615
DK021;14-Jun-20;0;615
DK021;15-Jun-20;4;619
DK021;16-Jun-20;3;622
DK021;17-Jun-20;12;634
DK021;18-Jun-20;4;638
DK021;19-Jun-20;9;647
DK021;20-Jun-20;2;649
DK021;21-Jun-20;0;649
DK021;22-Jun-20;2;651
DK021;23-Jun-20;1;652
DK021;24-Jun-20;1;653
DK021;25-Jun-20;0;653
DK021;26-Jun-20;1;654
DK021;27-Jun-20;0;654
DK021;28-Jun-20;0;654
DK021;29-Jun-20;0;654
DK021;30-Jun-20;1;655
DK021;01-Jul-20;0;655
DK021;02-Jul-20;0;655
DK021;03-Jul-20;0;655
DK021;04-Jul-20;0;655
DK021;05-Jul-20;0;655
DK021;06-Jul-20;1;656
DK021;07-Jul-20;0;656
DK021;08-Jul-20;1;657
DK021;09-Jul-20;5;662
DK021;10-Jul-20;3;665
DK021;11-Jul-20;0;665
DK021;12-Jul-20;0;665
DK021;13-Jul-20;3;668
DK021;14-Jul-20;4;672
DK021;15-Jul-20;1;673
DK021;16-Jul-20;3;676
DK021;17-Jul-20;1;677
DK021;18-Jul-20;8;685
DK021;19-Jul-20;3;688
DK021;20-Jul-20;4;692
DK021;21-Jul-20;3;695
DK021;22-Jul-20;5;700
DK021;23-Jul-20;3;703
DK021;24-Jul-20;1;704
DK021;25-Jul-20;7;711
DK021;26-Jul-20;1;712
DK021;27-Jul-20;4;716
DK021;28-Jul-20;1;717
DK021;29-Jul-20;3;720
DK021;30-Jul-20;1;721
DK021;31-Jul-20;4;725
DK021;01-Aug-20;1;726
DK021;02-Aug-20;3;729
DK021;03-Aug-20;2;731
DK021;04-Aug-20;8;739
DK021;05-Aug-20;1;740
DK021;06-Aug-20;2;742
DK021;07-Aug-20;3;745
DK021;08-Aug-20;3;748
DK021;09-Aug-20;2;750
DK021;10-Aug-20;5;755
DK021;11-Aug-20;9;764
DK021;12-Aug-20;0;764
DK021;13-Aug-20;0;764
DK021;14-Aug-20;2;766
DK021;15-Aug-20;1;767
DK021;16-Aug-20;5;772
DK021;17-Aug-20;1;773
DK021;18-Aug-20;6;779
DK021;19-Aug-20;1;780
DK021;20-Aug-20;4;784
DK021;21-Aug-20;3;787
DK021;22-Aug-20;2;789
DK021;23-Aug-20;2;791
DK021;24-Aug-20;3;794
DK021;25-Aug-20;1;795
DK021;26-Aug-20;5;800
DK021;27-Aug-20;1;801
DK021;28-Aug-20;5;806
DK021;29-Aug-20;1;807
DK021;30-Aug-20;2;809
DK021;31-Aug-20;6;815
DK021;01-Sep-20;11;826
DK021;02-Sep-20;12;838
DK021;03-Sep-20;10;848
DK021;04-Sep-20;15;863
DK021;05-Sep-20;8;871
DK021;06-Sep-20;11;882
DK021;07-Sep-20;25;907
DK021;08-Sep-20;16;923
DK021;09-Sep-20;11;934
DK021;10-Sep-20;10;944
DK021;11-Sep-20;9;953
DK021;12-Sep-20;14;967
DK021;13-Sep-20;7;974
DK021;14-Sep-20;14;988
DK021;15-Sep-20;19;1007
DK021;16-Sep-20;19;1026
DK021;17-Sep-20;20;1046
DK021;18-Sep-20;23;1069
DK021;19-Sep-20;26;1095
DK021;20-Sep-20;23;1118
DK021;21-Sep-20;28;1146
DK021;22-Sep-20;33;1179
DK021;23-Sep-20;57;1236
DK021;24-Sep-20;39;1275
DK021;25-Sep-20;46;1321
DK021;26-Sep-20;23;1344
DK021;27-Sep-20;20;1364
DK021;28-Sep-20;34;1398
DK021;29-Sep-20;28;1426
DK021;30-Sep-20;32;1458
DK021;01-Oct-20;24;1482
DK021;02-Oct-20;23;1505
DK021;03-Oct-20;15;1520
DK021;04-Oct-20;13;1533
DK021;05-Oct-20;18;1551
DK021;06-Oct-20;16;1567
DK021;07-Oct-20;16;1583
DK021;08-Oct-20;10;1593
DK021;09-Oct-20;10;1603
DK021;10-Oct-20;11;1614
DK021;11-Oct-20;15;1629
DK021;12-Oct-20;14;1643
DK021;13-Oct-20;9;1652
DK021;14-Oct-20;10;1662
DK021;15-Oct-20;15;1677
DK021;16-Oct-20;23;1700
DK021;17-Oct-20;13;1713
DK021;18-Oct-20;21;1734
DK021;19-Oct-20;32;1766
DK021;20-Oct-20;33;1799
DK021;21-Oct-20;49;1848
DK021;22-Oct-20;32;1880
DK021;23-Oct-20;43;1923
DK021;24-Oct-20;37;1960
DK021;25-Oct-20;36;1996
DK021;26-Oct-20;45;2041
DK021;27-Oct-20;57;2098
DK021;28-Oct-20;80;2178
DK021;29-Oct-20;49;2227
DK021;30-Oct-20;79;2306
DK021;31-Oct-20;45;2351
DK021;01-Nov-20;35;2386
DK021;02-Nov-20;68;2454
DK021;03-Nov-20;59;2513
DK021;04-Nov-20;85;2598
DK021;05-Nov-20;47;2645
DK021;06-Nov-20;68;2713
DK021;07-Nov-20;47;2760
DK021;08-Nov-20;30;2790
DK021;09-Nov-20;38;2828
DK021;10-Nov-20;55;2883
DK021;11-Nov-20;58;2941
DK021;12-Nov-20;43;2984
DK021;13-Nov-20;63;3047
DK021;14-Nov-20;46;3093
DK021;15-Nov-20;53;3146
DK021;16-Nov-20;70;3216
DK021;17-Nov-20;59;3275
DK021;18-Nov-20;76;3351
DK021;19-Nov-20;63;3414
DK021;20-Nov-20;91;3505
DK021;21-Nov-20;59;3564
DK021;22-Nov-20;40;3604
DK021;23-Nov-20;57;3661
DK021;24-Nov-20;67;3728
DK021;25-Nov-20;85;3813
DK021;26-Nov-20;61;3874
DK021;27-Nov-20;60;3934
DK021;28-Nov-20;65;3999
DK021;29-Nov-20;57;4056
DK021;30-Nov-20;76;4132
DK021;01-Dec-20;71;4203
DK021;02-Dec-20;91;4294
DK021;03-Dec-20;98;4392
DK021;04-Dec-20;95;4487
DK021;05-Dec-20;105;4592
DK021;06-Dec-20;96;4688
DK021;07-Dec-20;141;4829
DK021;08-Dec-20;159;4988
DK021;09-Dec-20;152;5140
DK021;10-Dec-20;135;5275
DK021;11-Dec-20;184;5459
DK021;12-Dec-20;141;5600
DK021;13-Dec-20;130;5730
DK021;14-Dec-20;185;5915
DK021;15-Dec-20;221;6136
DK021;16-Dec-20;256;6392
DK021;17-Dec-20;192;6584
DK021;18-Dec-20;163;6747
DK021;19-Dec-20;137;6884
DK021;20-Dec-20;139;7023
DK021;21-Dec-20;184;7207
DK021;22-Dec-20;167;7374
DK021;23-Dec-20;135;7509
DK021;24-Dec-20;68;7577
DK021;25-Dec-20;88;7665
DK021;26-Dec-20;139;7804
DK021;27-Dec-20;121;7925
DK021;28-Dec-20;201;8126
DK021;29-Dec-20;149;8275
DK021;30-Dec-20;151;8426
DK021;31-Dec-20;57;8483
DK021;01-Jan-21;37;8520
DK021;02-Jan-21;97;8617
DK021;03-Jan-21;69;8686
DK021;04-Jan-21;135;8821
DK021;05-Jan-21;114;8935
DK021;06-Jan-21;92;9027
DK021;07-Jan-21;68;9095
DK021;08-Jan-21;70;9165
DK021;09-Jan-21;73;9238
DK021;10-Jan-21;56;9294
DK021;11-Jan-21;88;9382
DK021;12-Jan-21;59;9441
DK021;13-Jan-21;59;9500
DK021;14-Jan-21;59;9559
DK021;15-Jan-21;45;9604
DK021;16-Jan-21;34;9638
DK021;17-Jan-21;54;9692
DK021;18-Jan-21;60;9752
DK021;19-Jan-21;52;9804
DK021;20-Jan-21;56;9860
DK021;21-Jan-21;55;9915
DK021;22-Jan-21;46;9961
DK021;23-Jan-21;45;10006
DK021;24-Jan-21;41;10047
DK021;25-Jan-21;59;10106
DK021;26-Jan-21;59;10165
DK021;27-Jan-21;44;10209
DK021;28-Jan-21;42;10251
DK021;29-Jan-21;33;10284
DK021;30-Jan-21;32;10316
DK021;31-Jan-21;23;10339
DK021;01-Feb-21;49;10388
DK021;02-Feb-21;33;10421
DK021;03-Feb-21;35;10456
DK021;04-Feb-21;35;10491
DK021;05-Feb-21;32;10523
DK021;06-Feb-21;20;10543
DK021;07-Feb-21;25;10568
DK021;08-Feb-21;49;10617
DK021;09-Feb-21;29;10646
DK021;10-Feb-21;25;10671
DK021;11-Feb-21;33;10704
DK021;12-Feb-21;23;10727
DK021;13-Feb-21;16;10743
DK021;14-Feb-21;20;10763
DK021;15-Feb-21;27;10790
DK021;16-Feb-21;18;10808
DK021;17-Feb-21;17;10825
DK021;18-Feb-21;23;10848
DK021;19-Feb-21;26;10874
DK021;20-Feb-21;19;10893
DK021;21-Feb-21;23;10916
DK021;22-Feb-21;35;10951
DK021;23-Feb-21;33;10984
DK021;24-Feb-21;39;11023
DK021;25-Feb-21;42;11065
DK021;26-Feb-21;27;11092
DK021;27-Feb-21;25;11117
DK021;28-Feb-21;15;11132
DK021;01-Mar-21;50;11182
DK021;02-Mar-21;26;11208
DK021;03-Mar-21;20;11228
DK021;04-Mar-21;29;11257
DK021;05-Mar-21;19;11276
DK021;06-Mar-21;27;11303
DK021;07-Mar-21;18;11321
DK021;08-Mar-21;37;11358
DK021;09-Mar-21;24;11382
DK021;10-Mar-21;21;11403
DK021;11-Mar-21;33;11436
DK021;12-Mar-21;19;11455
DK021;13-Mar-21;15;11470
DK021;14-Mar-21;15;11485
DK021;15-Mar-21;28;11513
DK021;16-Mar-21;30;11543
DK021;17-Mar-21;34;11577
DK021;18-Mar-21;25;11602
DK021;19-Mar-21;31;11633
DK021;20-Mar-21;22;11655
DK021;21-Mar-21;26;11681
DK021;22-Mar-21;32;11713
DK021;23-Mar-21;32;11745
DK021;24-Mar-21;41;11786
DK021;25-Mar-21;23;11809
DK021;26-Mar-21;28;11837
DK021;27-Mar-21;25;11862
DK021;28-Mar-21;29;11891
DK021;29-Mar-21;45;11936
DK021;30-Mar-21;33;11969
DK021;31-Mar-21;24;11993
DK021;01-Apr-21;44;12037
DK021;02-Apr-21;21;12058
DK021;03-Apr-21;28;12086
DK021;04-Apr-21;21;12107
DK021;05-Apr-21;23;12130
DK021;06-Apr-21;20;12150
DK021;07-Apr-21;27;12177
DK021;08-Apr-21;43;12220
DK021;09-Apr-21;34;12254
DK021;10-Apr-21;32;12286
DK021;11-Apr-21;41;12327
DK021;12-Apr-21;37;12364
DK021;13-Apr-21;42;12406
DK021;14-Apr-21;28;12434
DK021;15-Apr-21;36;12470
DK021;16-Apr-21;36;12506
DK021;17-Apr-21;27;12533
DK021;18-Apr-21;28;12561
DK021;19-Apr-21;40;12601
DK021;20-Apr-21;42;12643
DK021;21-Apr-21;32;12675
DK021;22-Apr-21;29;12704
DK021;23-Apr-21;29;12733
DK021;24-Apr-21;26;12759
DK021;25-Apr-21;31;12790
DK021;26-Apr-21;36;12826
DK021;27-Apr-21;35;12861
DK021;28-Apr-21;25;12886
DK021;29-Apr-21;39;12925
DK021;30-Apr-21;28;12953
DK021;01-May-21;34;12987
DK021;02-May-21;22;13009
DK021;03-May-21;57;13066
DK021;04-May-21;37;13103
DK021;05-May-21;40;13143
DK021;06-May-21;51;13194
DK021;07-May-21;36;13230
DK021;08-May-21;38;13268
DK021;09-May-21;39;13307
DK021;10-May-21;60;13367
DK021;11-May-21;76;13443
DK021;12-May-21;63;13506
DK021;13-May-21;52;13558
DK021;14-May-21;51;13609
DK021;15-May-21;68;13677
DK021;16-May-21;56;13733
DK021;17-May-21;66;13799
DK021;18-May-21;55;13854
DK021;19-May-21;80;13934
DK021;20-May-21;47;13981
DK021;21-May-21;41;14022
DK021;22-May-21;43;14065
DK021;23-May-21;34;14099
DK021;24-May-21;36;14135
DK021;25-May-21;46;14181
DK021;26-May-21;43;14224
DK021;27-May-21;52;14276
DK021;28-May-21;48;14324
DK021;29-May-21;35;14359
DK021;30-May-21;42;14401
DK021;31-May-21;36;14437
DK021;01-Jun-21;41;14478
DK021;02-Jun-21;37;14515
DK021;03-Jun-21;48;14563
DK021;04-Jun-21;40;14603
DK021;05-Jun-21;64;14667
DK021;06-Jun-21;32;14699
DK021;07-Jun-21;32;14731
DK021;08-Jun-21;28;14759
DK021;09-Jun-21;38;14797
DK021;10-Jun-21;17;14814
DK021;11-Jun-21;14;14828
DK021;12-Jun-21;15;14843
DK021;13-Jun-21;8;14851
DK021;14-Jun-21;20;14871
DK021;15-Jun-21;10;14881
DK021;16-Jun-21;19;14900
DK021;17-Jun-21;15;14915
DK021;18-Jun-21;9;14924
DK021;19-Jun-21;10;14934
DK021;20-Jun-21;5;14939
DK021;21-Jun-21;4;14943
DK021;22-Jun-21;11;14954
DK021;23-Jun-21;8;14962
DK021;24-Jun-21;5;14967
DK021;25-Jun-21;7;14974
DK021;26-Jun-21;3;14977
DK021;27-Jun-21;8;14985
DK021;28-Jun-21;11;14996
DK021;29-Jun-21;34;15030
DK021;30-Jun-21;27;15057
DK021;01-Jul-21;39;15096
DK021;02-Jul-21;26;15122
DK021;03-Jul-21;26;15148
DK021;04-Jul-21;24;15172
DK021;05-Jul-21;36;15208
DK021;06-Jul-21;25;15233
DK021;07-Jul-21;29;15262
DK021;08-Jul-21;28;15290
DK021;09-Jul-21;15;15305
DK021;10-Jul-21;18;15323
DK021;11-Jul-21;23;15346
DK021;12-Jul-21;34;15380
DK021;13-Jul-21;45;15425
DK021;14-Jul-21;41;15466
DK021;15-Jul-21;24;15490
DK021;16-Jul-21;25;15515
DK021;17-Jul-21;30;15545
DK021;18-Jul-21;35;15580
DK021;19-Jul-21;32;15612
DK021;20-Jul-21;28;15640
DK021;21-Jul-21;32;15672
DK021;22-Jul-21;27;15699
DK021;23-Jul-21;24;15723
DK021;24-Jul-21;16;15739
DK021;25-Jul-21;16;15755
DK021;26-Jul-21;39;15794
DK021;27-Jul-21;31;15825
DK021;28-Jul-21;26;15851
DK021;29-Jul-21;21;15872
DK021;30-Jul-21;32;15904
DK021;31-Jul-21;18;15922
DK021;01-Aug-21;32;15954
DK021;02-Aug-21;18;15972
DK021;03-Aug-21;30;16002
DK021;04-Aug-21;25;16027
DK021;05-Aug-21;32;16059
DK021;06-Aug-21;28;16087
DK021;07-Aug-21;31;16118
DK021;08-Aug-21;42;16160
DK021;09-Aug-21;42;16202
DK021;10-Aug-21;42;16244
DK021;11-Aug-21;44;16288
DK021;12-Aug-21;30;16318
DK021;13-Aug-21;31;16349
DK021;14-Aug-21;26;16375
DK021;15-Aug-21;27;16402
DK021;16-Aug-21;36;16438
DK021;17-Aug-21;26;16464
DK021;18-Aug-21;34;16498
DK021;19-Aug-21;32;16530
DK021;20-Aug-21;38;16568
DK021;21-Aug-21;24;16592
DK021;22-Aug-21;26;16618
DK021;23-Aug-21;37;16655
DK021;24-Aug-21;36;16691
DK021;25-Aug-21;35;16726
DK021;26-Aug-21;26;16752
DK021;27-Aug-21;25;16777
DK021;28-Aug-21;31;16808
DK021;29-Aug-21;28;16836
DK021;30-Aug-21;38;16874
DK021;31-Aug-21;29;16903
DK021;01-Sep-21;36;16939
DK021;02-Sep-21;28;16967
DK021;03-Sep-21;19;16986
DK021;04-Sep-21;16;17002
DK021;05-Sep-21;20;17022
DK021;06-Sep-21;43;17065
DK021;07-Sep-21;41;17106
DK021;08-Sep-21;23;17129
DK021;09-Sep-21;35;17164
DK021;10-Sep-21;23;17187
DK021;11-Sep-21;16;17203
DK021;12-Sep-21;21;17224
DK021;13-Sep-21;22;17246
DK021;14-Sep-21;12;17258
DK021;15-Sep-21;20;17278
DK021;16-Sep-21;16;17294
DK021;17-Sep-21;16;17310
DK021;18-Sep-21;20;17330
DK021;19-Sep-21;5;17335
DK021;20-Sep-21;26;17361
DK021;21-Sep-21;23;17384
DK021;22-Sep-21;24;17408
DK021;23-Sep-21;28;17436
DK021;24-Sep-21;36;17472
DK021;25-Sep-21;25;17497
DK021;26-Sep-21;28;17525
DK021;27-Sep-21;35;17560
DK021;28-Sep-21;23;17583
DK021;29-Sep-21;18;17601
DK021;30-Sep-21;28;17629
DK021;01-Oct-21;36;17665
DK021;02-Oct-21;24;17689
DK021;03-Oct-21;23;17712
DK021;04-Oct-21;35;17747
DK021;05-Oct-21;25;17772
DK021;06-Oct-21;17;17789
DK021;07-Oct-21;36;17825
DK021;08-Oct-21;41;17866
DK021;09-Oct-21;22;17888
DK021;10-Oct-21;27;17915
DK021;11-Oct-21;38;17953
DK021;12-Oct-21;51;18004
DK021;13-Oct-21;34;18038
DK021;14-Oct-21;49;18087
DK021;15-Oct-21;37;18124
DK021;16-Oct-21;32;18156
DK021;17-Oct-21;49;18205
DK021;18-Oct-21;70;18275
DK021;19-Oct-21;59;18334
DK021;20-Oct-21;64;18398
DK021;21-Oct-21;100;18498
DK021;22-Oct-21;52;18550
DK021;23-Oct-21;49;18599
DK021;24-Oct-21;93;18692
DK021;25-Oct-21;85;18777
DK021;26-Oct-21;108;18885
DK021;27-Oct-21;82;18967
DK021;28-Oct-21;101;19068
DK021;29-Oct-21;103;19171
DK021;30-Oct-21;73;19244
DK021;31-Oct-21;104;19348
DK021;01-Nov-21;156;19504
DK021;02-Nov-21;142;19646
DK021;03-Nov-21;114;19760
DK021;04-Nov-21;141;19901
DK021;05-Nov-21;110;20011
DK021;06-Nov-21;85;20096
DK021;07-Nov-21;121;20217
DK021;08-Nov-21;227;20444
DK021;09-Nov-21;204;20648
DK021;10-Nov-21;150;20798
DK021;11-Nov-21;199;20997
DK021;12-Nov-21;161;21158
DK021;13-Nov-21;116;21274
DK021;14-Nov-21;139;21413
DK021;15-Nov-21;273;21686
DK021;16-Nov-21;229;21915
DK021;17-Nov-21;159;22074
DK021;18-Nov-21;251;22325
DK021;19-Nov-21;248;22573
DK021;20-Nov-21;161;22734
DK021;21-Nov-21;193;22927
DK021;22-Nov-21;252;23179
DK021;23-Nov-21;237;23416
DK021;24-Nov-21;157;23573
DK021;25-Nov-21;232;23805
DK021;26-Nov-21;210;24015
DK021;27-Nov-21;158;24173
DK021;28-Nov-21;184;24357
DK021;29-Nov-21;252;24609
DK021;30-Nov-21;258;24867
DK021;01-Dec-21;156;25023
DK021;02-Dec-21;242;25265
DK021;03-Dec-21;256;25521
DK021;04-Dec-21;215;25736
DK021;05-Dec-21;263;25999
DK021;06-Dec-21;409;26408
DK021;07-Dec-21;390;26798
DK021;08-Dec-21;321;27119
DK021;09-Dec-21;298;27417
DK021;10-Dec-21;363;27780
DK021;11-Dec-21;290;28070
DK021;12-Dec-21;351;28421
DK021;13-Dec-21;593;29014
DK021;14-Dec-21;603;29617
DK021;15-Dec-21;550;30167
DK021;16-Dec-21;516;30683
DK021;17-Dec-21;578;31261
DK021;18-Dec-21;484;31745
DK021;19-Dec-21;499;32244
DK021;20-Dec-21;816;33060
DK021;21-Dec-21;720;33780
DK021;22-Dec-21;542;34322
DK021;23-Dec-21;679;35001
DK021;24-Dec-21;337;35338
DK021;25-Dec-21;387;35725
DK021;26-Dec-21;541;36266
DK021;27-Dec-21;1299;37565
DK021;28-Dec-21;1113;38678
DK021;29-Dec-21;872;39550
DK021;30-Dec-21;944;40494
DK021;31-Dec-21;469;40963
DK021;01-Jan-22;443;41406
DK021;02-Jan-22;863;42269
DK021;03-Jan-22;1262;43531
DK021;04-Jan-22;1117;44648
DK021;05-Jan-22;807;45455
DK021;06-Jan-22;734;46189
DK021;07-Jan-22;672;46861
DK021;08-Jan-22;603;47464
DK021;09-Jan-22;615;48079
DK021;10-Jan-22;1080;49159
DK021;11-Jan-22;1011;50170
DK021;12-Jan-22;1004;51174
DK021;13-Jan-22;1193;52367
DK021;14-Jan-22;1126;53493
DK021;15-Jan-22;1071;54564
DK021;16-Jan-22;1199;55763
DK021;17-Jan-22;2056;57819
DK021;18-Jan-22;2027;59846
DK021;19-Jan-22;1789;61635
DK021;20-Jan-22;1906;63541
DK021;21-Jan-22;1805;65346
DK021;22-Jan-22;1632;66978
DK021;23-Jan-22;1788;68766
DK021;24-Jan-22;2718;71484
DK021;25-Jan-22;2197;73681
DK021;26-Jan-22;1782;75463
DK021;27-Jan-22;1832;77295
DK021;28-Jan-22;1580;78875
DK021;29-Jan-22;1306;80181
DK021;30-Jan-22;1399;81580
DK021;31-Jan-22;2359;83939
DK021;01-Feb-22;1711;85650
DK021;02-Feb-22;1403;87053
DK021;03-Feb-22;1540;88593
DK021;04-Feb-22;1234;89827
DK021;05-Feb-22;1057;90884
DK021;06-Feb-22;1407;92291
DK021;07-Feb-22;2271;94562
DK021;08-Feb-22;1840;96402
DK021;09-Feb-22;1487;97889
DK021;10-Feb-22;1525;99414
DK021;11-Feb-22;1309;100723
DK021;12-Feb-22;960;101683
DK021;13-Feb-22;1063;102746
DK021;14-Feb-22;1732;104478
DK021;15-Feb-22;1525;106003
DK021;16-Feb-22;1132;107135
DK021;17-Feb-22;1154;108289
DK021;18-Feb-22;937;109226
DK021;19-Feb-22;607;109833
DK021;20-Feb-22;800;110633
DK021;21-Feb-22;1054;111687
DK021;22-Feb-22;817;112504
DK021;23-Feb-22;772;113276
DK021;24-Feb-22;713;113989
DK021;25-Feb-22;659;114648
DK021;26-Feb-22;446;115094
DK021;27-Feb-22;626;115720
DK021;28-Feb-22;876;116596
DK021;01-Mar-22;533;117129
DK021;02-Mar-22;590;117719
DK021;03-Mar-22;522;118241
DK021;04-Mar-22;461;118702
DK021;05-Mar-22;312;119014
DK021;06-Mar-22;466;119480
DK021;07-Mar-22;559;120039
DK021;08-Mar-22;511;120550
DK021;09-Mar-22;501;121051
DK021;10-Mar-22;380;121431
DK021;11-Mar-22;223;121654
DK021;12-Mar-22;216;121870
DK021;13-Mar-22;257;122127
DK021;14-Mar-22;299;122426
DK021;15-Mar-22;0;122426
DK022;26-Feb-20;0;0
DK022;27-Feb-20;0;0
DK022;28-Feb-20;0;0
DK022;01-Mar-20;0;0
DK022;02-Mar-20;1;1
DK022;03-Mar-20;0;1
DK022;04-Mar-20;0;1
DK022;05-Mar-20;0;1
DK022;06-Mar-20;1;2
DK022;07-Mar-20;0;2
DK022;08-Mar-20;2;4
DK022;09-Mar-20;25;29
DK022;10-Mar-20;9;38
DK022;11-Mar-20;14;52
DK022;12-Mar-20;3;55
DK022;13-Mar-20;1;56
DK022;14-Mar-20;4;60
DK022;15-Mar-20;6;66
DK022;16-Mar-20;12;78
DK022;17-Mar-20;6;84
DK022;18-Mar-20;13;97
DK022;19-Mar-20;3;100
DK022;20-Mar-20;17;117
DK022;21-Mar-20;6;123
DK022;22-Mar-20;10;133
DK022;23-Mar-20;8;141
DK022;24-Mar-20;11;152
DK022;25-Mar-20;15;167
DK022;26-Mar-20;13;180
DK022;27-Mar-20;14;194
DK022;28-Mar-20;20;214
DK022;29-Mar-20;10;224
DK022;30-Mar-20;30;254
DK022;31-Mar-20;26;280
DK022;01-Apr-20;29;309
DK022;02-Apr-20;45;354
DK022;03-Apr-20;41;395
DK022;04-Apr-20;15;410
DK022;05-Apr-20;11;421
DK022;06-Apr-20;42;463
DK022;07-Apr-20;34;497
DK022;08-Apr-20;36;533
DK022;09-Apr-20;14;547
DK022;10-Apr-20;18;565
DK022;11-Apr-20;14;579
DK022;12-Apr-20;12;591
DK022;13-Apr-20;13;604
DK022;14-Apr-20;40;644
DK022;15-Apr-20;21;665
DK022;16-Apr-20;14;679
DK022;17-Apr-20;35;714
DK022;18-Apr-20;19;733
DK022;19-Apr-20;23;756
DK022;20-Apr-20;33;789
DK022;21-Apr-20;39;828
DK022;22-Apr-20;27;855
DK022;23-Apr-20;39;894
DK022;24-Apr-20;26;920
DK022;25-Apr-20;15;935
DK022;26-Apr-20;7;942
DK022;27-Apr-20;53;995
DK022;28-Apr-20;24;1019
DK022;29-Apr-20;20;1039
DK022;30-Apr-20;24;1063
DK022;01-May-20;16;1079
DK022;02-May-20;26;1105
DK022;03-May-20;7;1112
DK022;04-May-20;20;1132
DK022;05-May-20;29;1161
DK022;06-May-20;9;1170
DK022;07-May-20;24;1194
DK022;08-May-20;5;1199
DK022;09-May-20;8;1207
DK022;10-May-20;4;1211
DK022;11-May-20;9;1220
DK022;12-May-20;1;1221
DK022;13-May-20;10;1231
DK022;14-May-20;11;1242
DK022;15-May-20;10;1252
DK022;16-May-20;6;1258
DK022;17-May-20;5;1263
DK022;18-May-20;4;1267
DK022;19-May-20;6;1273
DK022;20-May-20;7;1280
DK022;21-May-20;3;1283
DK022;22-May-20;10;1293
DK022;23-May-20;2;1295
DK022;24-May-20;3;1298
DK022;25-May-20;3;1301
DK022;26-May-20;5;1306
DK022;27-May-20;4;1310
DK022;28-May-20;4;1314
DK022;29-May-20;4;1318
DK022;30-May-20;5;1323
DK022;31-May-20;2;1325
DK022;01-Jun-20;3;1328
DK022;02-Jun-20;5;1333
DK022;03-Jun-20;5;1338
DK022;04-Jun-20;2;1340
DK022;05-Jun-20;0;1340
DK022;06-Jun-20;0;1340
DK022;07-Jun-20;0;1340
DK022;08-Jun-20;0;1340
DK022;09-Jun-20;1;1341
DK022;10-Jun-20;3;1344
DK022;11-Jun-20;1;1345
DK022;12-Jun-20;1;1346
DK022;13-Jun-20;5;1351
DK022;14-Jun-20;2;1353
DK022;15-Jun-20;0;1353
DK022;16-Jun-20;4;1357
DK022;17-Jun-20;0;1357
DK022;18-Jun-20;2;1359
DK022;19-Jun-20;6;1365
DK022;20-Jun-20;2;1367
DK022;21-Jun-20;1;1368
DK022;22-Jun-20;0;1368
DK022;23-Jun-20;0;1368
DK022;24-Jun-20;4;1372
DK022;25-Jun-20;1;1373
DK022;26-Jun-20;1;1374
DK022;27-Jun-20;0;1374
DK022;28-Jun-20;0;1374
DK022;29-Jun-20;2;1376
DK022;30-Jun-20;3;1379
DK022;01-Jul-20;0;1379
DK022;02-Jul-20;0;1379
DK022;03-Jul-20;0;1379
DK022;04-Jul-20;0;1379
DK022;05-Jul-20;0;1379
DK022;06-Jul-20;0;1379
DK022;07-Jul-20;0;1379
DK022;08-Jul-20;1;1380
DK022;09-Jul-20;4;1384
DK022;10-Jul-20;1;1385
DK022;11-Jul-20;2;1387
DK022;12-Jul-20;5;1392
DK022;13-Jul-20;6;1398
DK022;14-Jul-20;1;1399
DK022;15-Jul-20;3;1402
DK022;16-Jul-20;6;1408
DK022;17-Jul-20;9;1417
DK022;18-Jul-20;5;1422
DK022;19-Jul-20;4;1426
DK022;20-Jul-20;3;1429
DK022;21-Jul-20;1;1430
DK022;22-Jul-20;1;1431
DK022;23-Jul-20;2;1433
DK022;24-Jul-20;1;1434
DK022;25-Jul-20;2;1436
DK022;26-Jul-20;1;1437
DK022;27-Jul-20;18;1455
DK022;28-Jul-20;25;1480
DK022;29-Jul-20;10;1490
DK022;30-Jul-20;25;1515
DK022;31-Jul-20;9;1524
DK022;01-Aug-20;13;1537
DK022;02-Aug-20;6;1543
DK022;03-Aug-20;27;1570
DK022;04-Aug-20;13;1583
DK022;05-Aug-20;7;1590
DK022;06-Aug-20;30;1620
DK022;07-Aug-20;4;1624
DK022;08-Aug-20;5;1629
DK022;09-Aug-20;2;1631
DK022;10-Aug-20;5;1636
DK022;11-Aug-20;9;1645
DK022;12-Aug-20;5;1650
DK022;13-Aug-20;2;1652
DK022;14-Aug-20;12;1664
DK022;15-Aug-20;5;1669
DK022;16-Aug-20;2;1671
DK022;17-Aug-20;5;1676
DK022;18-Aug-20;8;1684
DK022;19-Aug-20;3;1687
DK022;20-Aug-20;7;1694
DK022;21-Aug-20;2;1696
DK022;22-Aug-20;3;1699
DK022;23-Aug-20;2;1701
DK022;24-Aug-20;3;1704
DK022;25-Aug-20;3;1707
DK022;26-Aug-20;4;1711
DK022;27-Aug-20;6;1717
DK022;28-Aug-20;4;1721
DK022;29-Aug-20;1;1722
DK022;30-Aug-20;3;1725
DK022;31-Aug-20;3;1728
DK022;01-Sep-20;5;1733
DK022;02-Sep-20;2;1735
DK022;03-Sep-20;5;1740
DK022;04-Sep-20;8;1748
DK022;05-Sep-20;9;1757
DK022;06-Sep-20;7;1764
DK022;07-Sep-20;41;1805
DK022;08-Sep-20;34;1839
DK022;09-Sep-20;13;1852
DK022;10-Sep-20;40;1892
DK022;11-Sep-20;12;1904
DK022;12-Sep-20;9;1913
DK022;13-Sep-20;10;1923
DK022;14-Sep-20;17;1940
DK022;15-Sep-20;18;1958
DK022;16-Sep-20;27;1985
DK022;17-Sep-20;24;2009
DK022;18-Sep-20;25;2034
DK022;19-Sep-20;22;2056
DK022;20-Sep-20;23;2079
DK022;21-Sep-20;28;2107
DK022;22-Sep-20;35;2142
DK022;23-Sep-20;38;2180
DK022;24-Sep-20;42;2222
DK022;25-Sep-20;19;2241
DK022;26-Sep-20;30;2271
DK022;27-Sep-20;19;2290
DK022;28-Sep-20;28;2318
DK022;29-Sep-20;24;2342
DK022;30-Sep-20;27;2369
DK022;01-Oct-20;32;2401
DK022;02-Oct-20;18;2419
DK022;03-Oct-20;17;2436
DK022;04-Oct-20;17;2453
DK022;05-Oct-20;22;2475
DK022;06-Oct-20;24;2499
DK022;07-Oct-20;21;2520
DK022;08-Oct-20;18;2538
DK022;09-Oct-20;20;2558
DK022;10-Oct-20;14;2572
DK022;11-Oct-20;14;2586
DK022;12-Oct-20;55;2641
DK022;13-Oct-20;15;2656
DK022;14-Oct-20;26;2682
DK022;15-Oct-20;24;2706
DK022;16-Oct-20;24;2730
DK022;17-Oct-20;15;2745
DK022;18-Oct-20;14;2759
DK022;19-Oct-20;36;2795
DK022;20-Oct-20;37;2832
DK022;21-Oct-20;27;2859
DK022;22-Oct-20;43;2902
DK022;23-Oct-20;36;2938
DK022;24-Oct-20;52;2990
DK022;25-Oct-20;43;3033
DK022;26-Oct-20;54;3087
DK022;27-Oct-20;78;3165
DK022;28-Oct-20;61;3226
DK022;29-Oct-20;71;3297
DK022;30-Oct-20;73;3370
DK022;31-Oct-20;63;3433
DK022;01-Nov-20;49;3482
DK022;02-Nov-20;115;3597
DK022;03-Nov-20;87;3684
DK022;04-Nov-20;87;3771
DK022;05-Nov-20;93;3864
DK022;06-Nov-20;76;3940
DK022;07-Nov-20;68;4008
DK022;08-Nov-20;60;4068
DK022;09-Nov-20;80;4148
DK022;10-Nov-20;92;4240
DK022;11-Nov-20;94;4334
DK022;12-Nov-20;75;4409
DK022;13-Nov-20;88;4497
DK022;14-Nov-20;57;4554
DK022;15-Nov-20;57;4611
DK022;16-Nov-20;73;4684
DK022;17-Nov-20;78;4762
DK022;18-Nov-20;71;4833
DK022;19-Nov-20;77;4910
DK022;20-Nov-20;65;4975
DK022;21-Nov-20;52;5027
DK022;22-Nov-20;55;5082
DK022;23-Nov-20;86;5168
DK022;24-Nov-20;83;5251
DK022;25-Nov-20;85;5336
DK022;26-Nov-20;103;5439
DK022;27-Nov-20;73;5512
DK022;28-Nov-20;81;5593
DK022;29-Nov-20;86;5679
DK022;30-Nov-20;130;5809
DK022;01-Dec-20;136;5945
DK022;02-Dec-20;177;6122
DK022;03-Dec-20;151;6273
DK022;04-Dec-20;169;6442
DK022;05-Dec-20;162;6604
DK022;06-Dec-20;178;6782
DK022;07-Dec-20;241;7023
DK022;08-Dec-20;307;7330
DK022;09-Dec-20;287;7617
DK022;10-Dec-20;292;7909
DK022;11-Dec-20;321;8230
DK022;12-Dec-20;272;8502
DK022;13-Dec-20;246;8748
DK022;14-Dec-20;407;9155
DK022;15-Dec-20;389;9544
DK022;16-Dec-20;429;9973
DK022;17-Dec-20;378;10351
DK022;18-Dec-20;312;10663
DK022;19-Dec-20;251;10914
DK022;20-Dec-20;260;11174
DK022;21-Dec-20;305;11479
DK022;22-Dec-20;292;11771
DK022;23-Dec-20;307;12078
DK022;24-Dec-20;88;12166
DK022;25-Dec-20;117;12283
DK022;26-Dec-20;306;12589
DK022;27-Dec-20;205;12794
DK022;28-Dec-20;343;13137
DK022;29-Dec-20;293;13430
DK022;30-Dec-20;368;13798
DK022;31-Dec-20;96;13894
DK022;01-Jan-21;102;13996
DK022;02-Jan-21;225;14221
DK022;03-Jan-21;152;14373
DK022;04-Jan-21;264;14637
DK022;05-Jan-21;236;14873
DK022;06-Jan-21;180;15053
DK022;07-Jan-21;180;15233
DK022;08-Jan-21;152;15385
DK022;09-Jan-21;139;15524
DK022;10-Jan-21;111;15635
DK022;11-Jan-21;136;15771
DK022;12-Jan-21;175;15946
DK022;13-Jan-21;98;16044
DK022;14-Jan-21;87;16131
DK022;15-Jan-21;87;16218
DK022;16-Jan-21;71;16289
DK022;17-Jan-21;61;16350
DK022;18-Jan-21;79;16429
DK022;19-Jan-21;112;16541
DK022;20-Jan-21;93;16634
DK022;21-Jan-21;91;16725
DK022;22-Jan-21;84;16809
DK022;23-Jan-21;55;16864
DK022;24-Jan-21;43;16907
DK022;25-Jan-21;72;16979
DK022;26-Jan-21;76;17055
DK022;27-Jan-21;58;17113
DK022;28-Jan-21;41;17154
DK022;29-Jan-21;29;17183
DK022;30-Jan-21;24;17207
DK022;31-Jan-21;38;17245
DK022;01-Feb-21;39;17284
DK022;02-Feb-21;43;17327
DK022;03-Feb-21;37;17364
DK022;04-Feb-21;39;17403
DK022;05-Feb-21;29;17432
DK022;06-Feb-21;47;17479
DK022;07-Feb-21;21;17500
DK022;08-Feb-21;54;17554
DK022;09-Feb-21;44;17598
DK022;10-Feb-21;37;17635
DK022;11-Feb-21;49;17684
DK022;12-Feb-21;29;17713
DK022;13-Feb-21;15;17728
DK022;14-Feb-21;26;17754
DK022;15-Feb-21;21;17775
DK022;16-Feb-21;45;17820
DK022;17-Feb-21;31;17851
DK022;18-Feb-21;44;17895
DK022;19-Feb-21;51;17946
DK022;20-Feb-21;42;17988
DK022;21-Feb-21;35;18023
DK022;22-Feb-21;58;18081
DK022;23-Feb-21;66;18147
DK022;24-Feb-21;50;18197
DK022;25-Feb-21;62;18259
DK022;26-Feb-21;39;18298
DK022;27-Feb-21;37;18335
DK022;28-Feb-21;34;18369
DK022;01-Mar-21;56;18425
DK022;02-Mar-21;69;18494
DK022;03-Mar-21;64;18558
DK022;04-Mar-21;52;18610
DK022;05-Mar-21;47;18657
DK022;06-Mar-21;44;18701
DK022;07-Mar-21;42;18743
DK022;08-Mar-21;42;18785
DK022;09-Mar-21;55;18840
DK022;10-Mar-21;37;18877
DK022;11-Mar-21;49;18926
DK022;12-Mar-21;43;18969
DK022;13-Mar-21;32;19001
DK022;14-Mar-21;32;19033
DK022;15-Mar-21;51;19084
DK022;16-Mar-21;62;19146
DK022;17-Mar-21;52;19198
DK022;18-Mar-21;58;19256
DK022;19-Mar-21;51;19307
DK022;20-Mar-21;31;19338
DK022;21-Mar-21;25;19363
DK022;22-Mar-21;48;19411
DK022;23-Mar-21;57;19468
DK022;24-Mar-21;39;19507
DK022;25-Mar-21;40;19547
DK022;26-Mar-21;51;19598
DK022;27-Mar-21;53;19651
DK022;28-Mar-21;34;19685
DK022;29-Mar-21;44;19729
DK022;30-Mar-21;30;19759
DK022;31-Mar-21;34;19793
DK022;01-Apr-21;46;19839
DK022;02-Apr-21;42;19881
DK022;03-Apr-21;28;19909
DK022;04-Apr-21;20;19929
DK022;05-Apr-21;41;19970
DK022;06-Apr-21;44;20014
DK022;07-Apr-21;57;20071
DK022;08-Apr-21;54;20125
DK022;09-Apr-21;57;20182
DK022;10-Apr-21;25;20207
DK022;11-Apr-21;33;20240
DK022;12-Apr-21;69;20309
DK022;13-Apr-21;58;20367
DK022;14-Apr-21;47;20414
DK022;15-Apr-21;53;20467
DK022;16-Apr-21;50;20517
DK022;17-Apr-21;43;20560
DK022;18-Apr-21;50;20610
DK022;19-Apr-21;62;20672
DK022;20-Apr-21;57;20729
DK022;21-Apr-21;54;20783
DK022;22-Apr-21;55;20838
DK022;23-Apr-21;35;20873
DK022;24-Apr-21;41;20914
DK022;25-Apr-21;33;20947
DK022;26-Apr-21;65;21012
DK022;27-Apr-21;60;21072
DK022;28-Apr-21;67;21139
DK022;29-Apr-21;59;21198
DK022;30-Apr-21;41;21239
DK022;01-May-21;34;21273
DK022;02-May-21;33;21306
DK022;03-May-21;78;21384
DK022;04-May-21;80;21464
DK022;05-May-21;82;21546
DK022;06-May-21;94;21640
DK022;07-May-21;77;21717
DK022;08-May-21;46;21763
DK022;09-May-21;59;21822
DK022;10-May-21;123;21945
DK022;11-May-21;90;22035
DK022;12-May-21;124;22159
DK022;13-May-21;67;22226
DK022;14-May-21;84;22310
DK022;15-May-21;65;22375
DK022;16-May-21;68;22443
DK022;17-May-21;92;22535
DK022;18-May-21;104;22639
DK022;19-May-21;117;22756
DK022;20-May-21;108;22864
DK022;21-May-21;94;22958
DK022;22-May-21;40;22998
DK022;23-May-21;64;23062
DK022;24-May-21;84;23146
DK022;25-May-21;82;23228
DK022;26-May-21;85;23313
DK022;27-May-21;75;23388
DK022;28-May-21;64;23452
DK022;29-May-21;46;23498
DK022;30-May-21;40;23538
DK022;31-May-21;64;23602
DK022;01-Jun-21;60;23662
DK022;02-Jun-21;64;23726
DK022;03-Jun-21;54;23780
DK022;04-Jun-21;47;23827
DK022;05-Jun-21;38;23865
DK022;06-Jun-21;32;23897
DK022;07-Jun-21;28;23925
DK022;08-Jun-21;39;23964
DK022;09-Jun-21;34;23998
DK022;10-Jun-21;33;24031
DK022;11-Jun-21;20;24051
DK022;12-Jun-21;19;24070
DK022;13-Jun-21;15;24085
DK022;14-Jun-21;28;24113
DK022;15-Jun-21;18;24131
DK022;16-Jun-21;17;24148
DK022;17-Jun-21;15;24163
DK022;18-Jun-21;14;24177
DK022;19-Jun-21;12;24189
DK022;20-Jun-21;11;24200
DK022;21-Jun-21;6;24206
DK022;22-Jun-21;7;24213
DK022;23-Jun-21;8;24221
DK022;24-Jun-21;7;24228
DK022;25-Jun-21;13;24241
DK022;26-Jun-21;4;24245
DK022;27-Jun-21;3;24248
DK022;28-Jun-21;10;24258
DK022;29-Jun-21;9;24267
DK022;30-Jun-21;20;24287
DK022;01-Jul-21;25;24312
DK022;02-Jul-21;12;24324
DK022;03-Jul-21;20;24344
DK022;04-Jul-21;15;24359
DK022;05-Jul-21;22;24381
DK022;06-Jul-21;25;24406
DK022;07-Jul-21;26;24432
DK022;08-Jul-21;25;24457
DK022;09-Jul-21;33;24490
DK022;10-Jul-21;42;24532
DK022;11-Jul-21;40;24572
DK022;12-Jul-21;49;24621
DK022;13-Jul-21;51;24672
DK022;14-Jul-21;61;24733
DK022;15-Jul-21;50;24783
DK022;16-Jul-21;55;24838
DK022;17-Jul-21;43;24881
DK022;18-Jul-21;54;24935
DK022;19-Jul-21;41;24976
DK022;20-Jul-21;32;25008
DK022;21-Jul-21;34;25042
DK022;22-Jul-21;42;25084
DK022;23-Jul-21;37;25121
DK022;24-Jul-21;33;25154
DK022;25-Jul-21;36;25190
DK022;26-Jul-21;50;25240
DK022;27-Jul-21;40;25280
DK022;28-Jul-21;41;25321
DK022;29-Jul-21;40;25361
DK022;30-Jul-21;45;25406
DK022;31-Jul-21;37;25443
DK022;01-Aug-21;43;25486
DK022;02-Aug-21;60;25546
DK022;03-Aug-21;62;25608
DK022;04-Aug-21;42;25650
DK022;05-Aug-21;41;25691
DK022;06-Aug-21;59;25750
DK022;07-Aug-21;29;25779
DK022;08-Aug-21;44;25823
DK022;09-Aug-21;79;25902
DK022;10-Aug-21;67;25969
DK022;11-Aug-21;79;26048
DK022;12-Aug-21;82;26130
DK022;13-Aug-21;92;26222
DK022;14-Aug-21;47;26269
DK022;15-Aug-21;46;26315
DK022;16-Aug-21;62;26377
DK022;17-Aug-21;59;26436
DK022;18-Aug-21;54;26490
DK022;19-Aug-21;59;26549
DK022;20-Aug-21;62;26611
DK022;21-Aug-21;35;26646
DK022;22-Aug-21;46;26692
DK022;23-Aug-21;59;26751
DK022;24-Aug-21;44;26795
DK022;25-Aug-21;63;26858
DK022;26-Aug-21;54;26912
DK022;27-Aug-21;49;26961
DK022;28-Aug-21;30;26991
DK022;29-Aug-21;45;27036
DK022;30-Aug-21;58;27094
DK022;31-Aug-21;40;27134
DK022;01-Sep-21;42;27176
DK022;02-Sep-21;51;27227
DK022;03-Sep-21;36;27263
DK022;04-Sep-21;15;27278
DK022;05-Sep-21;29;27307
DK022;06-Sep-21;59;27366
DK022;07-Sep-21;51;27417
DK022;08-Sep-21;42;27459
DK022;09-Sep-21;53;27512
DK022;10-Sep-21;39;27551
DK022;11-Sep-21;26;27577
DK022;12-Sep-21;29;27606
DK022;13-Sep-21;43;27649
DK022;14-Sep-21;31;27680
DK022;15-Sep-21;20;27700
DK022;16-Sep-21;20;27720
DK022;17-Sep-21;20;27740
DK022;18-Sep-21;11;27751
DK022;19-Sep-21;18;27769
DK022;20-Sep-21;47;27816
DK022;21-Sep-21;35;27851
DK022;22-Sep-21;26;27877
DK022;23-Sep-21;26;27903
DK022;24-Sep-21;22;27925
DK022;25-Sep-21;33;27958
DK022;26-Sep-21;21;27979
DK022;27-Sep-21;53;28032
DK022;28-Sep-21;32;28064
DK022;29-Sep-21;25;28089
DK022;30-Sep-21;34;28123
DK022;01-Oct-21;30;28153
DK022;02-Oct-21;27;28180
DK022;03-Oct-21;21;28201
DK022;04-Oct-21;53;28254
DK022;05-Oct-21;54;28308
DK022;06-Oct-21;38;28346
DK022;07-Oct-21;56;28402
DK022;08-Oct-21;57;28459
DK022;09-Oct-21;41;28500
DK022;10-Oct-21;30;28530
DK022;11-Oct-21;87;28617
DK022;12-Oct-21;73;28690
DK022;13-Oct-21;64;28754
DK022;14-Oct-21;80;28834
DK022;15-Oct-21;63;28897
DK022;16-Oct-21;48;28945
DK022;17-Oct-21;49;28994
DK022;18-Oct-21;105;29099
DK022;19-Oct-21;104;29203
DK022;20-Oct-21;89;29292
DK022;21-Oct-21;146;29438
DK022;22-Oct-21;83;29521
DK022;23-Oct-21;77;29598
DK022;24-Oct-21;93;29691
DK022;25-Oct-21;204;29895
DK022;26-Oct-21;220;30115
DK022;27-Oct-21;151;30266
DK022;28-Oct-21;182;30448
DK022;29-Oct-21;190;30638
DK022;30-Oct-21;103;30741
DK022;31-Oct-21;119;30860
DK022;01-Nov-21;236;31096
DK022;02-Nov-21;222;31318
DK022;03-Nov-21;228;31546
DK022;04-Nov-21;316;31862
DK022;05-Nov-21;244;32106
DK022;06-Nov-21;167;32273
DK022;07-Nov-21;184;32457
DK022;08-Nov-21;368;32825
DK022;09-Nov-21;327;33152
DK022;10-Nov-21;290;33442
DK022;11-Nov-21;404;33846
DK022;12-Nov-21;315;34161
DK022;13-Nov-21;201;34362
DK022;14-Nov-21;198;34560
DK022;15-Nov-21;518;35078
DK022;16-Nov-21;435;35513
DK022;17-Nov-21;309;35822
DK022;18-Nov-21;438;36260
DK022;19-Nov-21;394;36654
DK022;20-Nov-21;230;36884
DK022;21-Nov-21;272;37156
DK022;22-Nov-21;557;37713
DK022;23-Nov-21;559;38272
DK022;24-Nov-21;343;38615
DK022;25-Nov-21;468;39083
DK022;26-Nov-21;451;39534
DK022;27-Nov-21;243;39777
DK022;28-Nov-21;227;40004
DK022;29-Nov-21;689;40693
DK022;30-Nov-21;678;41371
DK022;01-Dec-21;369;41740
DK022;02-Dec-21;539;42279
DK022;03-Dec-21;557;42836
DK022;04-Dec-21;298;43134
DK022;05-Dec-21;349;43483
DK022;06-Dec-21;872;44355
DK022;07-Dec-21;855;45210
DK022;08-Dec-21;516;45726
DK022;09-Dec-21;655;46381
DK022;10-Dec-21;722;47103
DK022;11-Dec-21;463;47566
DK022;12-Dec-21;386;47952
DK022;13-Dec-21;1109;49061
DK022;14-Dec-21;1100;50161
DK022;15-Dec-21;766;50927
DK022;16-Dec-21;1007;51934
DK022;17-Dec-21;854;52788
DK022;18-Dec-21;618;53406
DK022;19-Dec-21;611;54017
DK022;20-Dec-21;1285;55302
DK022;21-Dec-21;1128;56430
DK022;22-Dec-21;863;57293
DK022;23-Dec-21;1019;58312
DK022;24-Dec-21;534;58846
DK022;25-Dec-21;585;59431
DK022;26-Dec-21;826;60257
DK022;27-Dec-21;2164;62421
DK022;28-Dec-21;2078;64499
DK022;29-Dec-21;1519;66018
DK022;30-Dec-21;1861;67879
DK022;31-Dec-21;768;68647
DK022;01-Jan-22;743;69390
DK022;02-Jan-22;1134;70524
DK022;03-Jan-22;2628;73152
DK022;04-Jan-22;2195;75347
DK022;05-Jan-22;1218;76565
DK022;06-Jan-22;1539;78104
DK022;07-Jan-22;1327;79431
DK022;08-Jan-22;976;80407
DK022;09-Jan-22;1162;81569
DK022;10-Jan-22;2383;83952
DK022;11-Jan-22;1991;85943
DK022;12-Jan-22;1678;87621
DK022;13-Jan-22;2263;89884
DK022;14-Jan-22;2418;92302
DK022;15-Jan-22;1672;93974
DK022;16-Jan-22;1935;95909
DK022;17-Jan-22;4379;100288
DK022;18-Jan-22;3888;104176
DK022;19-Jan-22;3023;107199
DK022;20-Jan-22;4065;111264
DK022;21-Jan-22;3835;115099
DK022;22-Jan-22;2505;117604
DK022;23-Jan-22;2746;120350
DK022;24-Jan-22;5966;126316
DK022;25-Jan-22;5094;131410
DK022;26-Jan-22;3439;134849
DK022;27-Jan-22;4378;139227
DK022;28-Jan-22;3666;142893
DK022;29-Jan-22;2352;145245
DK022;30-Jan-22;2491;147736
DK022;31-Jan-22;5613;153349
DK022;01-Feb-22;4174;157523
DK022;02-Feb-22;2976;160499
DK022;03-Feb-22;3866;164365
DK022;04-Feb-22;3573;167938
DK022;05-Feb-22;2247;170185
DK022;06-Feb-22;2620;172805
DK022;07-Feb-22;5669;178474
DK022;08-Feb-22;4914;183388
DK022;09-Feb-22;3815;187203
DK022;10-Feb-22;4235;191438
DK022;11-Feb-22;3531;194969
DK022;12-Feb-22;2075;197044
DK022;13-Feb-22;2358;199402
DK022;14-Feb-22;4400;203802
DK022;15-Feb-22;3844;207646
DK022;16-Feb-22;2624;210270
DK022;17-Feb-22;3246;213516
DK022;18-Feb-22;2292;215808
DK022;19-Feb-22;1616;217424
DK022;20-Feb-22;1887;219311
DK022;21-Feb-22;3415;222726
DK022;22-Feb-22;2350;225076
DK022;23-Feb-22;1779;226855
DK022;24-Feb-22;1959;228814
DK022;25-Feb-22;1398;230212
DK022;26-Feb-22;970;231182
DK022;27-Feb-22;1246;232428
DK022;28-Feb-22;2032;234460
DK022;01-Mar-22;1457;235917
DK022;02-Mar-22;1335;237252
DK022;03-Mar-22;1489;238741
DK022;04-Mar-22;1216;239957
DK022;05-Mar-22;712;240669
DK022;06-Mar-22;878;241547
DK022;07-Mar-22;1640;243187
DK022;08-Mar-22;1409;244596
DK022;09-Mar-22;1290;245886
DK022;10-Mar-22;1189;247075
DK022;11-Mar-22;760;247835
DK022;12-Mar-22;495;248330
DK022;13-Mar-22;596;248926
DK022;14-Mar-22;1023;249949
DK022;15-Mar-22;0;249949
DK031;26-Feb-20;0;0
DK031;27-Feb-20;0;0
DK031;28-Feb-20;0;0
DK031;01-Mar-20;0;0
DK031;02-Mar-20;1;1
DK031;03-Mar-20;0;1
DK031;04-Mar-20;0;1
DK031;05-Mar-20;0;1
DK031;06-Mar-20;0;1
DK031;07-Mar-20;0;1
DK031;08-Mar-20;1;2
DK031;09-Mar-20;20;22
DK031;10-Mar-20;11;33
DK031;11-Mar-20;14;47
DK031;12-Mar-20;6;53
DK031;13-Mar-20;1;54
DK031;14-Mar-20;3;57
DK031;15-Mar-20;2;59
DK031;16-Mar-20;5;64
DK031;17-Mar-20;2;66
DK031;18-Mar-20;2;68
DK031;19-Mar-20;5;73
DK031;20-Mar-20;4;77
DK031;21-Mar-20;2;79
DK031;22-Mar-20;2;81
DK031;23-Mar-20;9;90
DK031;24-Mar-20;12;102
DK031;25-Mar-20;7;109
DK031;26-Mar-20;9;118
DK031;27-Mar-20;13;131
DK031;28-Mar-20;10;141
DK031;29-Mar-20;3;144
DK031;30-Mar-20;20;164
DK031;31-Mar-20;13;177
DK031;01-Apr-20;14;191
DK031;02-Apr-20;23;214
DK031;03-Apr-20;27;241
DK031;04-Apr-20;5;246
DK031;05-Apr-20;4;250
DK031;06-Apr-20;23;273
DK031;07-Apr-20;15;288
DK031;08-Apr-20;9;297
DK031;09-Apr-20;6;303
DK031;10-Apr-20;7;310
DK031;11-Apr-20;6;316
DK031;12-Apr-20;9;325
DK031;13-Apr-20;2;327
DK031;14-Apr-20;17;344
DK031;15-Apr-20;8;352
DK031;16-Apr-20;14;366
DK031;17-Apr-20;5;371
DK031;18-Apr-20;2;373
DK031;19-Apr-20;3;376
DK031;20-Apr-20;3;379
DK031;21-Apr-20;7;386
DK031;22-Apr-20;1;387
DK031;23-Apr-20;2;389
DK031;24-Apr-20;1;390
DK031;25-Apr-20;8;398
DK031;26-Apr-20;2;400
DK031;27-Apr-20;2;402
DK031;28-Apr-20;0;402
DK031;29-Apr-20;0;402
DK031;30-Apr-20;2;404
DK031;01-May-20;1;405
DK031;02-May-20;5;410
DK031;03-May-20;5;415
DK031;04-May-20;0;415
DK031;05-May-20;2;417
DK031;06-May-20;0;417
DK031;07-May-20;0;417
DK031;08-May-20;2;419
DK031;09-May-20;0;419
DK031;10-May-20;2;421
DK031;11-May-20;7;428
DK031;12-May-20;4;432
DK031;13-May-20;4;436
DK031;14-May-20;3;439
DK031;15-May-20;8;447
DK031;16-May-20;1;448
DK031;17-May-20;1;449
DK031;18-May-20;6;455
DK031;19-May-20;3;458
DK031;20-May-20;3;461
DK031;21-May-20;0;461
DK031;22-May-20;3;464
DK031;23-May-20;0;464
DK031;24-May-20;1;465
DK031;25-May-20;0;465
DK031;26-May-20;0;465
DK031;27-May-20;0;465
DK031;28-May-20;2;467
DK031;29-May-20;3;470
DK031;30-May-20;1;471
DK031;31-May-20;0;471
DK031;01-Jun-20;2;473
DK031;02-Jun-20;4;477
DK031;03-Jun-20;1;478
DK031;04-Jun-20;2;480
DK031;05-Jun-20;1;481
DK031;06-Jun-20;0;481
DK031;07-Jun-20;0;481
DK031;08-Jun-20;6;487
DK031;09-Jun-20;2;489
DK031;10-Jun-20;1;490
DK031;11-Jun-20;0;490
DK031;12-Jun-20;0;490
DK031;13-Jun-20;0;490
DK031;14-Jun-20;0;490
DK031;15-Jun-20;0;490
DK031;16-Jun-20;0;490
DK031;17-Jun-20;2;492
DK031;18-Jun-20;0;492
DK031;19-Jun-20;0;492
DK031;20-Jun-20;0;492
DK031;21-Jun-20;0;492
DK031;22-Jun-20;0;492
DK031;23-Jun-20;1;493
DK031;24-Jun-20;5;498
DK031;25-Jun-20;1;499
DK031;26-Jun-20;1;500
DK031;27-Jun-20;0;500
DK031;28-Jun-20;0;500
DK031;29-Jun-20;1;501
DK031;30-Jun-20;0;501
DK031;01-Jul-20;0;501
DK031;02-Jul-20;0;501
DK031;03-Jul-20;0;501
DK031;04-Jul-20;2;503
DK031;05-Jul-20;0;503
DK031;06-Jul-20;0;503
DK031;07-Jul-20;0;503
DK031;08-Jul-20;0;503
DK031;09-Jul-20;0;503
DK031;10-Jul-20;1;504
DK031;11-Jul-20;0;504
DK031;12-Jul-20;0;504
DK031;13-Jul-20;2;506
DK031;14-Jul-20;2;508
DK031;15-Jul-20;1;509
DK031;16-Jul-20;2;511
DK031;17-Jul-20;0;511
DK031;18-Jul-20;0;511
DK031;19-Jul-20;0;511
DK031;20-Jul-20;0;511
DK031;21-Jul-20;0;511
DK031;22-Jul-20;0;511
DK031;23-Jul-20;1;512
DK031;24-Jul-20;1;513
DK031;25-Jul-20;2;515
DK031;26-Jul-20;3;518
DK031;27-Jul-20;5;523
DK031;28-Jul-20;2;525
DK031;29-Jul-20;5;530
DK031;30-Jul-20;5;535
DK031;31-Jul-20;6;541
DK031;01-Aug-20;2;543
DK031;02-Aug-20;0;543
DK031;03-Aug-20;3;546
DK031;04-Aug-20;6;552
DK031;05-Aug-20;6;558
DK031;06-Aug-20;8;566
DK031;07-Aug-20;1;567
DK031;08-Aug-20;3;570
DK031;09-Aug-20;5;575
DK031;10-Aug-20;9;584
DK031;11-Aug-20;3;587
DK031;12-Aug-20;2;589
DK031;13-Aug-20;6;595
DK031;14-Aug-20;10;605
DK031;15-Aug-20;6;611
DK031;16-Aug-20;5;616
DK031;17-Aug-20;7;623
DK031;18-Aug-20;7;630
DK031;19-Aug-20;4;634
DK031;20-Aug-20;4;638
DK031;21-Aug-20;7;645
DK031;22-Aug-20;6;651
DK031;23-Aug-20;2;653
DK031;24-Aug-20;4;657
DK031;25-Aug-20;2;659
DK031;26-Aug-20;7;666
DK031;27-Aug-20;7;673
DK031;28-Aug-20;17;690
DK031;29-Aug-20;6;696
DK031;30-Aug-20;12;708
DK031;31-Aug-20;15;723
DK031;01-Sep-20;37;760
DK031;02-Sep-20;23;783
DK031;03-Sep-20;19;802
DK031;04-Sep-20;20;822
DK031;05-Sep-20;30;852
DK031;06-Sep-20;15;867
DK031;07-Sep-20;17;884
DK031;08-Sep-20;32;916
DK031;09-Sep-20;33;949
DK031;10-Sep-20;31;980
DK031;11-Sep-20;22;1002
DK031;12-Sep-20;11;1013
DK031;13-Sep-20;20;1033
DK031;14-Sep-20;14;1047
DK031;15-Sep-20;13;1060
DK031;16-Sep-20;16;1076
DK031;17-Sep-20;27;1103
DK031;18-Sep-20;14;1117
DK031;19-Sep-20;10;1127
DK031;20-Sep-20;12;1139
DK031;21-Sep-20;19;1158
DK031;22-Sep-20;27;1185
DK031;23-Sep-20;28;1213
DK031;24-Sep-20;34;1247
DK031;25-Sep-20;27;1274
DK031;26-Sep-20;12;1286
DK031;27-Sep-20;16;1302
DK031;28-Sep-20;17;1319
DK031;29-Sep-20;16;1335
DK031;30-Sep-20;30;1365
DK031;01-Oct-20;20;1385
DK031;02-Oct-20;19;1404
DK031;03-Oct-20;26;1430
DK031;04-Oct-20;16;1446
DK031;05-Oct-20;35;1481
DK031;06-Oct-20;24;1505
DK031;07-Oct-20;17;1522
DK031;08-Oct-20;24;1546
DK031;09-Oct-20;22;1568
DK031;10-Oct-20;16;1584
DK031;11-Oct-20;8;1592
DK031;12-Oct-20;27;1619
DK031;13-Oct-20;34;1653
DK031;14-Oct-20;30;1683
DK031;15-Oct-20;37;1720
DK031;16-Oct-20;29;1749
DK031;17-Oct-20;25;1774
DK031;18-Oct-20;28;1802
DK031;19-Oct-20;53;1855
DK031;20-Oct-20;47;1902
DK031;21-Oct-20;55;1957
DK031;22-Oct-20;65;2022
DK031;23-Oct-20;57;2079
DK031;24-Oct-20;48;2127
DK031;25-Oct-20;74;2201
DK031;26-Oct-20;62;2263
DK031;27-Oct-20;69;2332
DK031;28-Oct-20;64;2396
DK031;29-Oct-20;49;2445
DK031;30-Oct-20;51;2496
DK031;31-Oct-20;36;2532
DK031;01-Nov-20;73;2605
DK031;02-Nov-20;54;2659
DK031;03-Nov-20;47;2706
DK031;04-Nov-20;60;2766
DK031;05-Nov-20;46;2812
DK031;06-Nov-20;50;2862
DK031;07-Nov-20;45;2907
DK031;08-Nov-20;48;2955
DK031;09-Nov-20;55;3010
DK031;10-Nov-20;41;3051
DK031;11-Nov-20;42;3093
DK031;12-Nov-20;44;3137
DK031;13-Nov-20;45;3182
DK031;14-Nov-20;74;3256
DK031;15-Nov-20;59;3315
DK031;16-Nov-20;63;3378
DK031;17-Nov-20;89;3467
DK031;18-Nov-20;72;3539
DK031;19-Nov-20;88;3627
DK031;20-Nov-20;76;3703
DK031;21-Nov-20;58;3761
DK031;22-Nov-20;72;3833
DK031;23-Nov-20;88;3921
DK031;24-Nov-20;90;4011
DK031;25-Nov-20;65;4076
DK031;26-Nov-20;84;4160
DK031;27-Nov-20;108;4268
DK031;28-Nov-20;72;4340
DK031;29-Nov-20;67;4407
DK031;30-Nov-20;118;4525
DK031;01-Dec-20;107;4632
DK031;02-Dec-20;112;4744
DK031;03-Dec-20;143;4887
DK031;04-Dec-20;105;4992
DK031;05-Dec-20;79;5071
DK031;06-Dec-20;117;5188
DK031;07-Dec-20;166;5354
DK031;08-Dec-20;192;5546
DK031;09-Dec-20;173;5719
DK031;10-Dec-20;148;5867
DK031;11-Dec-20;188;6055
DK031;12-Dec-20;165;6220
DK031;13-Dec-20;168;6388
DK031;14-Dec-20;217;6605
DK031;15-Dec-20;274;6879
DK031;16-Dec-20;282;7161
DK031;17-Dec-20;239;7400
DK031;18-Dec-20;195;7595
DK031;19-Dec-20;190;7785
DK031;20-Dec-20;173;7958
DK031;21-Dec-20;195;8153
DK031;22-Dec-20;148;8301
DK031;23-Dec-20;176;8477
DK031;24-Dec-20;76;8553
DK031;25-Dec-20;88;8641
DK031;26-Dec-20;133;8774
DK031;27-Dec-20;109;8883
DK031;28-Dec-20;146;9029
DK031;29-Dec-20;104;9133
DK031;30-Dec-20;148;9281
DK031;31-Dec-20;63;9344
DK031;01-Jan-21;70;9414
DK031;02-Jan-21;123;9537
DK031;03-Jan-21;83;9620
DK031;04-Jan-21;136;9756
DK031;05-Jan-21;104;9860
DK031;06-Jan-21;72;9932
DK031;07-Jan-21;105;10037
DK031;08-Jan-21;86;10123
DK031;09-Jan-21;58;10181
DK031;10-Jan-21;74;10255
DK031;11-Jan-21;82;10337
DK031;12-Jan-21;69;10406
DK031;13-Jan-21;61;10467
DK031;14-Jan-21;63;10530
DK031;15-Jan-21;44;10574
DK031;16-Jan-21;50;10624
DK031;17-Jan-21;43;10667
DK031;18-Jan-21;49;10716
DK031;19-Jan-21;51;10767
DK031;20-Jan-21;38;10805
DK031;21-Jan-21;48;10853
DK031;22-Jan-21;52;10905
DK031;23-Jan-21;40;10945
DK031;24-Jan-21;27;10972
DK031;25-Jan-21;53;11025
DK031;26-Jan-21;46;11071
DK031;27-Jan-21;27;11098
DK031;28-Jan-21;28;11126
DK031;29-Jan-21;29;11155
DK031;30-Jan-21;30;11185
DK031;31-Jan-21;26;11211
DK031;01-Feb-21;39;11250
DK031;02-Feb-21;49;11299
DK031;03-Feb-21;49;11348
DK031;04-Feb-21;35;11383
DK031;05-Feb-21;39;11422
DK031;06-Feb-21;48;11470
DK031;07-Feb-21;33;11503
DK031;08-Feb-21;37;11540
DK031;09-Feb-21;36;11576
DK031;10-Feb-21;27;11603
DK031;11-Feb-21;25;11628
DK031;12-Feb-21;17;11645
DK031;13-Feb-21;26;11671
DK031;14-Feb-21;45;11716
DK031;15-Feb-21;31;11747
DK031;16-Feb-21;65;11812
DK031;17-Feb-21;55;11867
DK031;18-Feb-21;65;11932
DK031;19-Feb-21;42;11974
DK031;20-Feb-21;43;12017
DK031;21-Feb-21;68;12085
DK031;22-Feb-21;81;12166
DK031;23-Feb-21;51;12217
DK031;24-Feb-21;55;12272
DK031;25-Feb-21;48;12320
DK031;26-Feb-21;58;12378
DK031;27-Feb-21;38;12416
DK031;28-Feb-21;57;12473
DK031;01-Mar-21;44;12517
DK031;02-Mar-21;55;12572
DK031;03-Mar-21;40;12612
DK031;04-Mar-21;41;12653
DK031;05-Mar-21;38;12691
DK031;06-Mar-21;37;12728
DK031;07-Mar-21;39;12767
DK031;08-Mar-21;38;12805
DK031;09-Mar-21;49;12854
DK031;10-Mar-21;44;12898
DK031;11-Mar-21;42;12940
DK031;12-Mar-21;34;12974
DK031;13-Mar-21;26;13000
DK031;14-Mar-21;52;13052
DK031;15-Mar-21;67;13119
DK031;16-Mar-21;66;13185
DK031;17-Mar-21;83;13268
DK031;18-Mar-21;64;13332
DK031;19-Mar-21;51;13383
DK031;20-Mar-21;51;13434
DK031;21-Mar-21;48;13482
DK031;22-Mar-21;84;13566
DK031;23-Mar-21;65;13631
DK031;24-Mar-21;69;13700
DK031;25-Mar-21;57;13757
DK031;26-Mar-21;55;13812
DK031;27-Mar-21;33;13845
DK031;28-Mar-21;56;13901
DK031;29-Mar-21;68;13969
DK031;30-Mar-21;57;14026
DK031;31-Mar-21;49;14075
DK031;01-Apr-21;44;14119
DK031;02-Apr-21;40;14159
DK031;03-Apr-21;28;14187
DK031;04-Apr-21;29;14216
DK031;05-Apr-21;35;14251
DK031;06-Apr-21;58;14309
DK031;07-Apr-21;45;14354
DK031;08-Apr-21;33;14387
DK031;09-Apr-21;42;14429
DK031;10-Apr-21;21;14450
DK031;11-Apr-21;32;14482
DK031;12-Apr-21;27;14509
DK031;13-Apr-21;27;14536
DK031;14-Apr-21;22;14558
DK031;15-Apr-21;34;14592
DK031;16-Apr-21;36;14628
DK031;17-Apr-21;30;14658
DK031;18-Apr-21;28;14686
DK031;19-Apr-21;29;14715
DK031;20-Apr-21;31;14746
DK031;21-Apr-21;20;14766
DK031;22-Apr-21;33;14799
DK031;23-Apr-21;21;14820
DK031;24-Apr-21;13;14833
DK031;25-Apr-21;22;14855
DK031;26-Apr-21;27;14882
DK031;27-Apr-21;25;14907
DK031;28-Apr-21;20;14927
DK031;29-Apr-21;36;14963
DK031;30-Apr-21;37;15000
DK031;01-May-21;25;15025
DK031;02-May-21;26;15051
DK031;03-May-21;29;15080
DK031;04-May-21;40;15120
DK031;05-May-21;32;15152
DK031;06-May-21;39;15191
DK031;07-May-21;38;15229
DK031;08-May-21;31;15260
DK031;09-May-21;27;15287
DK031;10-May-21;46;15333
DK031;11-May-21;58;15391
DK031;12-May-21;31;15422
DK031;13-May-21;39;15461
DK031;14-May-21;38;15499
DK031;15-May-21;41;15540
DK031;16-May-21;34;15574
DK031;17-May-21;69;15643
DK031;18-May-21;59;15702
DK031;19-May-21;48;15750
DK031;20-May-21;74;15824
DK031;21-May-21;38;15862
DK031;22-May-21;46;15908
DK031;23-May-21;38;15946
DK031;24-May-21;34;15980
DK031;25-May-21;59;16039
DK031;26-May-21;52;16091
DK031;27-May-21;62;16153
DK031;28-May-21;78;16231
DK031;29-May-21;58;16289
DK031;30-May-21;44;16333
DK031;31-May-21;62;16395
DK031;01-Jun-21;37;16432
DK031;02-Jun-21;34;16466
DK031;03-Jun-21;27;16493
DK031;04-Jun-21;31;16524
DK031;05-Jun-21;18;16542
DK031;06-Jun-21;24;16566
DK031;07-Jun-21;32;16598
DK031;08-Jun-21;24;16622
DK031;09-Jun-21;22;16644
DK031;10-Jun-21;22;16666
DK031;11-Jun-21;9;16675
DK031;12-Jun-21;6;16681
DK031;13-Jun-21;13;16694
DK031;14-Jun-21;10;16704
DK031;15-Jun-21;11;16715
DK031;16-Jun-21;5;16720
DK031;17-Jun-21;8;16728
DK031;18-Jun-21;2;16730
DK031;19-Jun-21;6;16736
DK031;20-Jun-21;2;16738
DK031;21-Jun-21;12;16750
DK031;22-Jun-21;13;16763
DK031;23-Jun-21;9;16772
DK031;24-Jun-21;8;16780
DK031;25-Jun-21;6;16786
DK031;26-Jun-21;7;16793
DK031;27-Jun-21;5;16798
DK031;28-Jun-21;4;16802
DK031;29-Jun-21;8;16810
DK031;30-Jun-21;5;16815
DK031;01-Jul-21;6;16821
DK031;02-Jul-21;5;16826
DK031;03-Jul-21;4;16830
DK031;04-Jul-21;10;16840
DK031;05-Jul-21;11;16851
DK031;06-Jul-21;16;16867
DK031;07-Jul-21;22;16889
DK031;08-Jul-21;19;16908
DK031;09-Jul-21;23;16931
DK031;10-Jul-21;35;16966
DK031;11-Jul-21;46;17012
DK031;12-Jul-21;49;17061
DK031;13-Jul-21;68;17129
DK031;14-Jul-21;57;17186
DK031;15-Jul-21;52;17238
DK031;16-Jul-21;35;17273
DK031;17-Jul-21;43;17316
DK031;18-Jul-21;42;17358
DK031;19-Jul-21;39;17397
DK031;20-Jul-21;46;17443
DK031;21-Jul-21;39;17482
DK031;22-Jul-21;30;17512
DK031;23-Jul-21;37;17549
DK031;24-Jul-21;33;17582
DK031;25-Jul-21;47;17629
DK031;26-Jul-21;59;17688
DK031;27-Jul-21;40;17728
DK031;28-Jul-21;44;17772
DK031;29-Jul-21;46;17818
DK031;30-Jul-21;30;17848
DK031;31-Jul-21;35;17883
DK031;01-Aug-21;51;17934
DK031;02-Aug-21;37;17971
DK031;03-Aug-21;65;18036
DK031;04-Aug-21;51;18087
DK031;05-Aug-21;71;18158
DK031;06-Aug-21;47;18205
DK031;07-Aug-21;51;18256
DK031;08-Aug-21;62;18318
DK031;09-Aug-21;63;18381
DK031;10-Aug-21;76;18457
DK031;11-Aug-21;60;18517
DK031;12-Aug-21;49;18566
DK031;13-Aug-21;54;18620
DK031;14-Aug-21;68;18688
DK031;15-Aug-21;63;18751
DK031;16-Aug-21;80;18831
DK031;17-Aug-21;69;18900
DK031;18-Aug-21;63;18963
DK031;19-Aug-21;67;19030
DK031;20-Aug-21;58;19088
DK031;21-Aug-21;53;19141
DK031;22-Aug-21;61;19202
DK031;23-Aug-21;71;19273
DK031;24-Aug-21;73;19346
DK031;25-Aug-21;64;19410
DK031;26-Aug-21;64;19474
DK031;27-Aug-21;46;19520
DK031;28-Aug-21;37;19557
DK031;29-Aug-21;54;19611
DK031;30-Aug-21;53;19664
DK031;31-Aug-21;58;19722
DK031;01-Sep-21;48;19770
DK031;02-Sep-21;26;19796
DK031;03-Sep-21;23;19819
DK031;04-Sep-21;29;19848
DK031;05-Sep-21;16;19864
DK031;06-Sep-21;41;19905
DK031;07-Sep-21;35;19940
DK031;08-Sep-21;20;19960
DK031;09-Sep-21;47;20007
DK031;10-Sep-21;27;20034
DK031;11-Sep-21;21;20055
DK031;12-Sep-21;14;20069
DK031;13-Sep-21;20;20089
DK031;14-Sep-21;16;20105
DK031;15-Sep-21;13;20118
DK031;16-Sep-21;25;20143
DK031;17-Sep-21;29;20172
DK031;18-Sep-21;17;20189
DK031;19-Sep-21;28;20217
DK031;20-Sep-21;31;20248
DK031;21-Sep-21;31;20279
DK031;22-Sep-21;22;20301
DK031;23-Sep-21;27;20328
DK031;24-Sep-21;20;20348
DK031;25-Sep-21;14;20362
DK031;26-Sep-21;13;20375
DK031;27-Sep-21;17;20392
DK031;28-Sep-21;29;20421
DK031;29-Sep-21;15;20436
DK031;30-Sep-21;27;20463
DK031;01-Oct-21;22;20485
DK031;02-Oct-21;10;20495
DK031;03-Oct-21;12;20507
DK031;04-Oct-21;20;20527
DK031;05-Oct-21;18;20545
DK031;06-Oct-21;19;20564
DK031;07-Oct-21;20;20584
DK031;08-Oct-21;15;20599
DK031;09-Oct-21;18;20617
DK031;10-Oct-21;24;20641
DK031;11-Oct-21;37;20678
DK031;12-Oct-21;26;20704
DK031;13-Oct-21;19;20723
DK031;14-Oct-21;33;20756
DK031;15-Oct-21;23;20779
DK031;16-Oct-21;24;20803
DK031;17-Oct-21;20;20823
DK031;18-Oct-21;31;20854
DK031;19-Oct-21;36;20890
DK031;20-Oct-21;59;20949
DK031;21-Oct-21;62;21011
DK031;22-Oct-21;59;21070
DK031;23-Oct-21;50;21120
DK031;24-Oct-21;77;21197
DK031;25-Oct-21;85;21282
DK031;26-Oct-21;111;21393
DK031;27-Oct-21;100;21493
DK031;28-Oct-21;100;21593
DK031;29-Oct-21;91;21684
DK031;30-Oct-21;71;21755
DK031;31-Oct-21;125;21880
DK031;01-Nov-21;122;22002
DK031;02-Nov-21;131;22133
DK031;03-Nov-21;116;22249
DK031;04-Nov-21;130;22379
DK031;05-Nov-21;147;22526
DK031;06-Nov-21;115;22641
DK031;07-Nov-21;143;22784
DK031;08-Nov-21;209;22993
DK031;09-Nov-21;269;23262
DK031;10-Nov-21;214;23476
DK031;11-Nov-21;270;23746
DK031;12-Nov-21;190;23936
DK031;13-Nov-21;178;24114
DK031;14-Nov-21;235;24349
DK031;15-Nov-21;303;24652
DK031;16-Nov-21;276;24928
DK031;17-Nov-21;240;25168
DK031;18-Nov-21;260;25428
DK031;19-Nov-21;292;25720
DK031;20-Nov-21;255;25975
DK031;21-Nov-21;289;26264
DK031;22-Nov-21;274;26538
DK031;23-Nov-21;330;26868
DK031;24-Nov-21;268;27136
DK031;25-Nov-21;273;27409
DK031;26-Nov-21;236;27645
DK031;27-Nov-21;245;27890
DK031;28-Nov-21;242;28132
DK031;29-Nov-21;286;28418
DK031;30-Nov-21;344;28762
DK031;01-Dec-21;296;29058
DK031;02-Dec-21;313;29371
DK031;03-Dec-21;318;29689
DK031;04-Dec-21;366;30055
DK031;05-Dec-21;296;30351
DK031;06-Dec-21;390;30741
DK031;07-Dec-21;405;31146
DK031;08-Dec-21;389;31535
DK031;09-Dec-21;404;31939
DK031;10-Dec-21;415;32354
DK031;11-Dec-21;424;32778
DK031;12-Dec-21;457;33235
DK031;13-Dec-21;618;33853
DK031;14-Dec-21;650;34503
DK031;15-Dec-21;605;35108
DK031;16-Dec-21;554;35662
DK031;17-Dec-21;642;36304
DK031;18-Dec-21;647;36951
DK031;19-Dec-21;616;37567
DK031;20-Dec-21;728;38295
DK031;21-Dec-21;739;39034
DK031;22-Dec-21;655;39689
DK031;23-Dec-21;734;40423
DK031;24-Dec-21;647;41070
DK031;25-Dec-21;637;41707
DK031;26-Dec-21;952;42659
DK031;27-Dec-21;1542;44201
DK031;28-Dec-21;1598;45799
DK031;29-Dec-21;1208;47007
DK031;30-Dec-21;1528;48535
DK031;31-Dec-21;1042;49577
DK031;01-Jan-22;750;50327
DK031;02-Jan-22;1398;51725
DK031;03-Jan-22;1875;53600
DK031;04-Jan-22;2025;55625
DK031;05-Jan-22;1375;57000
DK031;06-Jan-22;1244;58244
DK031;07-Jan-22;1149;59393
DK031;08-Jan-22;1008;60401
DK031;09-Jan-22;1317;61718
DK031;10-Jan-22;1615;63333
DK031;11-Jan-22;1744;65077
DK031;12-Jan-22;1730;66807
DK031;13-Jan-22;1955;68762
DK031;14-Jan-22;2054;70816
DK031;15-Jan-22;1947;72763
DK031;16-Jan-22;2403;75166
DK031;17-Jan-22;3192;78358
DK031;18-Jan-22;3527;81885
DK031;19-Jan-22;3144;85029
DK031;20-Jan-22;3170;88199
DK031;21-Jan-22;3429;91628
DK031;22-Jan-22;2995;94623
DK031;23-Jan-22;3329;97952
DK031;24-Jan-22;4720;102672
DK031;25-Jan-22;4581;107253
DK031;26-Jan-22;3805;111058
DK031;27-Jan-22;3605;114663
DK031;28-Jan-22;3403;118066
DK031;29-Jan-22;3101;121167
DK031;30-Jan-22;3365;124532
DK031;31-Jan-22;4243;128775
DK031;01-Feb-22;4192;132967
DK031;02-Feb-22;3421;136388
DK031;03-Feb-22;3542;139930
DK031;04-Feb-22;3461;143391
DK031;05-Feb-22;2853;146244
DK031;06-Feb-22;3999;150243
DK031;07-Feb-22;4805;155048
DK031;08-Feb-22;5257;160305
DK031;09-Feb-22;4134;164439
DK031;10-Feb-22;4248;168687
DK031;11-Feb-22;3448;172135
DK031;12-Feb-22;2951;175086
DK031;13-Feb-22;3004;178090
DK031;14-Feb-22;3689;181779
DK031;15-Feb-22;3866;185645
DK031;16-Feb-22;2972;188617
DK031;17-Feb-22;3211;191828
DK031;18-Feb-22;2507;194335
DK031;19-Feb-22;2334;196669
DK031;20-Feb-22;2558;199227
DK031;21-Feb-22;2876;202103
DK031;22-Feb-22;2528;204631
DK031;23-Feb-22;2012;206643
DK031;24-Feb-22;1994;208637
DK031;25-Feb-22;1579;210216
DK031;26-Feb-22;1304;211520
DK031;27-Feb-22;1438;212958
DK031;28-Feb-22;1863;214821
DK031;01-Mar-22;1843;216664
DK031;02-Mar-22;1473;218137
DK031;03-Mar-22;1622;219759
DK031;04-Mar-22;1326;221085
DK031;05-Mar-22;1113;222198
DK031;06-Mar-22;1223;223421
DK031;07-Mar-22;1532;224953
DK031;08-Mar-22;1599;226552
DK031;09-Mar-22;1243;227795
DK031;10-Mar-22;1286;229081
DK031;11-Mar-22;767;229848
DK031;12-Mar-22;632;230480
DK031;13-Mar-22;800;231280
DK031;14-Mar-22;872;232152
DK031;15-Mar-22;0;232152
DK032;26-Feb-20;0;0
DK032;27-Feb-20;0;0
DK032;28-Feb-20;0;0
DK032;01-Mar-20;0;0
DK032;02-Mar-20;0;0
DK032;03-Mar-20;0;0
DK032;04-Mar-20;0;0
DK032;05-Mar-20;0;0
DK032;06-Mar-20;0;0
DK032;07-Mar-20;0;0
DK032;08-Mar-20;8;8
DK032;09-Mar-20;29;37
DK032;10-Mar-20;16;53
DK032;11-Mar-20;29;82
DK032;12-Mar-20;2;84
DK032;13-Mar-20;0;84
DK032;14-Mar-20;2;86
DK032;15-Mar-20;1;87
DK032;16-Mar-20;1;88
DK032;17-Mar-20;4;92
DK032;18-Mar-20;2;94
DK032;19-Mar-20;11;105
DK032;20-Mar-20;10;115
DK032;21-Mar-20;4;119
DK032;22-Mar-20;3;122
DK032;23-Mar-20;2;124
DK032;24-Mar-20;11;135
DK032;25-Mar-20;12;147
DK032;26-Mar-20;14;161
DK032;27-Mar-20;18;179
DK032;28-Mar-20;13;192
DK032;29-Mar-20;9;201
DK032;30-Mar-20;20;221
DK032;31-Mar-20;11;232
DK032;01-Apr-20;22;254
DK032;02-Apr-20;30;284
DK032;03-Apr-20;35;319
DK032;04-Apr-20;11;330
DK032;05-Apr-20;8;338
DK032;06-Apr-20;24;362
DK032;07-Apr-20;20;382
DK032;08-Apr-20;10;392
DK032;09-Apr-20;6;398
DK032;10-Apr-20;0;398
DK032;11-Apr-20;8;406
DK032;12-Apr-20;4;410
DK032;13-Apr-20;4;414
DK032;14-Apr-20;8;422
DK032;15-Apr-20;6;428
DK032;16-Apr-20;3;431
DK032;17-Apr-20;5;436
DK032;18-Apr-20;1;437
DK032;19-Apr-20;1;438
DK032;20-Apr-20;3;441
DK032;21-Apr-20;5;446
DK032;22-Apr-20;1;447
DK032;23-Apr-20;6;453
DK032;24-Apr-20;4;457
DK032;25-Apr-20;0;457
DK032;26-Apr-20;5;462
DK032;27-Apr-20;2;464
DK032;28-Apr-20;0;464
DK032;29-Apr-20;6;470
DK032;30-Apr-20;0;470
DK032;01-May-20;4;474
DK032;02-May-20;1;475
DK032;03-May-20;0;475
DK032;04-May-20;4;479
DK032;05-May-20;3;482
DK032;06-May-20;2;484
DK032;07-May-20;3;487
DK032;08-May-20;1;488
DK032;09-May-20;0;488
DK032;10-May-20;2;490
DK032;11-May-20;5;495
DK032;12-May-20;5;500
DK032;13-May-20;2;502
DK032;14-May-20;5;507
DK032;15-May-20;4;511
DK032;16-May-20;2;513
DK032;17-May-20;3;516
DK032;18-May-20;4;520
DK032;19-May-20;1;521
DK032;20-May-20;1;522
DK032;21-May-20;0;522
DK032;22-May-20;1;523
DK032;23-May-20;0;523
DK032;24-May-20;0;523
DK032;25-May-20;2;525
DK032;26-May-20;5;530
DK032;27-May-20;0;530
DK032;28-May-20;0;530
DK032;29-May-20;0;530
DK032;30-May-20;0;530
DK032;31-May-20;0;530
DK032;01-Jun-20;0;530
DK032;02-Jun-20;0;530
DK032;03-Jun-20;0;530
DK032;04-Jun-20;2;532
DK032;05-Jun-20;1;533
DK032;06-Jun-20;1;534
DK032;07-Jun-20;0;534
DK032;08-Jun-20;2;536
DK032;09-Jun-20;0;536
DK032;10-Jun-20;0;536
DK032;11-Jun-20;0;536
DK032;12-Jun-20;1;537
DK032;13-Jun-20;0;537
DK032;14-Jun-20;0;537
DK032;15-Jun-20;0;537
DK032;16-Jun-20;1;538
DK032;17-Jun-20;0;538
DK032;18-Jun-20;1;539
DK032;19-Jun-20;0;539
DK032;20-Jun-20;0;539
DK032;21-Jun-20;1;540
DK032;22-Jun-20;0;540
DK032;23-Jun-20;1;541
DK032;24-Jun-20;0;541
DK032;25-Jun-20;0;541
DK032;26-Jun-20;0;541
DK032;27-Jun-20;0;541
DK032;28-Jun-20;1;542
DK032;29-Jun-20;1;543
DK032;30-Jun-20;1;544
DK032;01-Jul-20;0;544
DK032;02-Jul-20;0;544
DK032;03-Jul-20;0;544
DK032;04-Jul-20;0;544
DK032;05-Jul-20;1;545
DK032;06-Jul-20;1;546
DK032;07-Jul-20;1;547
DK032;08-Jul-20;1;548
DK032;09-Jul-20;0;548
DK032;10-Jul-20;2;550
DK032;11-Jul-20;2;552
DK032;12-Jul-20;0;552
DK032;13-Jul-20;0;552
DK032;14-Jul-20;2;554
DK032;15-Jul-20;1;555
DK032;16-Jul-20;3;558
DK032;17-Jul-20;0;558
DK032;18-Jul-20;0;558
DK032;19-Jul-20;0;558
DK032;20-Jul-20;1;559
DK032;21-Jul-20;0;559
DK032;22-Jul-20;2;561
DK032;23-Jul-20;4;565
DK032;24-Jul-20;3;568
DK032;25-Jul-20;1;569
DK032;26-Jul-20;1;570
DK032;27-Jul-20;5;575
DK032;28-Jul-20;3;578
DK032;29-Jul-20;4;582
DK032;30-Jul-20;2;584
DK032;31-Jul-20;5;589
DK032;01-Aug-20;4;593
DK032;02-Aug-20;3;596
DK032;03-Aug-20;6;602
DK032;04-Aug-20;6;608
DK032;05-Aug-20;3;611
DK032;06-Aug-20;6;617
DK032;07-Aug-20;3;620
DK032;08-Aug-20;0;620
DK032;09-Aug-20;5;625
DK032;10-Aug-20;3;628
DK032;11-Aug-20;6;634
DK032;12-Aug-20;5;639
DK032;13-Aug-20;6;645
DK032;14-Aug-20;0;645
DK032;15-Aug-20;5;650
DK032;16-Aug-20;6;656
DK032;17-Aug-20;3;659
DK032;18-Aug-20;3;662
DK032;19-Aug-20;9;671
DK032;20-Aug-20;7;678
DK032;21-Aug-20;8;686
DK032;22-Aug-20;13;699
DK032;23-Aug-20;13;712
DK032;24-Aug-20;2;714
DK032;25-Aug-20;8;722
DK032;26-Aug-20;3;725
DK032;27-Aug-20;8;733
DK032;28-Aug-20;5;738
DK032;29-Aug-20;8;746
DK032;30-Aug-20;7;753
DK032;31-Aug-20;7;760
DK032;01-Sep-20;14;774
DK032;02-Sep-20;13;787
DK032;03-Sep-20;16;803
DK032;04-Sep-20;6;809
DK032;05-Sep-20;21;830
DK032;06-Sep-20;4;834
DK032;07-Sep-20;7;841
DK032;08-Sep-20;23;864
DK032;09-Sep-20;22;886
DK032;10-Sep-20;24;910
DK032;11-Sep-20;20;930
DK032;12-Sep-20;33;963
DK032;13-Sep-20;32;995
DK032;14-Sep-20;29;1024
DK032;15-Sep-20;37;1061
DK032;16-Sep-20;52;1113
DK032;17-Sep-20;35;1148
DK032;18-Sep-20;38;1186
DK032;19-Sep-20;50;1236
DK032;20-Sep-20;30;1266
DK032;21-Sep-20;39;1305
DK032;22-Sep-20;45;1350
DK032;23-Sep-20;56;1406
DK032;24-Sep-20;46;1452
DK032;25-Sep-20;45;1497
DK032;26-Sep-20;26;1523
DK032;27-Sep-20;19;1542
DK032;28-Sep-20;42;1584
DK032;29-Sep-20;40;1624
DK032;30-Sep-20;36;1660
DK032;01-Oct-20;38;1698
DK032;02-Oct-20;28;1726
DK032;03-Oct-20;33;1759
DK032;04-Oct-20;26;1785
DK032;05-Oct-20;26;1811
DK032;06-Oct-20;29;1840
DK032;07-Oct-20;39;1879
DK032;08-Oct-20;31;1910
DK032;09-Oct-20;49;1959
DK032;10-Oct-20;13;1972
DK032;11-Oct-20;25;1997
DK032;12-Oct-20;46;2043
DK032;13-Oct-20;60;2103
DK032;14-Oct-20;44;2147
DK032;15-Oct-20;48;2195
DK032;16-Oct-20;48;2243
DK032;17-Oct-20;44;2287
DK032;18-Oct-20;49;2336
DK032;19-Oct-20;61;2397
DK032;20-Oct-20;70;2467
DK032;21-Oct-20;61;2528
DK032;22-Oct-20;66;2594
DK032;23-Oct-20;63;2657
DK032;24-Oct-20;49;2706
DK032;25-Oct-20;60;2766
DK032;26-Oct-20;104;2870
DK032;27-Oct-20;76;2946
DK032;28-Oct-20;123;3069
DK032;29-Oct-20;123;3192
DK032;30-Oct-20;76;3268
DK032;31-Oct-20;63;3331
DK032;01-Nov-20;66;3397
DK032;02-Nov-20;108;3505
DK032;03-Nov-20;134;3639
DK032;04-Nov-20;112;3751
DK032;05-Nov-20;104;3855
DK032;06-Nov-20;80;3935
DK032;07-Nov-20;57;3992
DK032;08-Nov-20;52;4044
DK032;09-Nov-20;110;4154
DK032;10-Nov-20;85;4239
DK032;11-Nov-20;120;4359
DK032;12-Nov-20;100;4459
DK032;13-Nov-20;123;4582
DK032;14-Nov-20;108;4690
DK032;15-Nov-20;91;4781
DK032;16-Nov-20;136;4917
DK032;17-Nov-20;149;5066
DK032;18-Nov-20;169;5235
DK032;19-Nov-20;135;5370
DK032;20-Nov-20;159;5529
DK032;21-Nov-20;103;5632
DK032;22-Nov-20;97;5729
DK032;23-Nov-20;139;5868
DK032;24-Nov-20;134;6002
DK032;25-Nov-20;131;6133
DK032;26-Nov-20;97;6230
DK032;27-Nov-20;105;6335
DK032;28-Nov-20;67;6402
DK032;29-Nov-20;67;6469
DK032;30-Nov-20;81;6550
DK032;01-Dec-20;101;6651
DK032;02-Dec-20;84;6735
DK032;03-Dec-20;105;6840
DK032;04-Dec-20;123;6963
DK032;05-Dec-20;76;7039
DK032;06-Dec-20;97;7136
DK032;07-Dec-20;143;7279
DK032;08-Dec-20;138;7417
DK032;09-Dec-20;159;7576
DK032;10-Dec-20;134;7710
DK032;11-Dec-20;153;7863
DK032;12-Dec-20;122;7985
DK032;13-Dec-20;131;8116
DK032;14-Dec-20;205;8321
DK032;15-Dec-20;268;8589
DK032;16-Dec-20;240;8829
DK032;17-Dec-20;255;9084
DK032;18-Dec-20;180;9264
DK032;19-Dec-20;175;9439
DK032;20-Dec-20;149;9588
DK032;21-Dec-20;256;9844
DK032;22-Dec-20;207;10051
DK032;23-Dec-20;261;10312
DK032;24-Dec-20;132;10444
DK032;25-Dec-20;144;10588
DK032;26-Dec-20;190;10778
DK032;27-Dec-20;150;10928
DK032;28-Dec-20;254;11182
DK032;29-Dec-20;237;11419
DK032;30-Dec-20;227;11646
DK032;31-Dec-20;103;11749
DK032;01-Jan-21;97;11846
DK032;02-Jan-21;137;11983
DK032;03-Jan-21;143;12126
DK032;04-Jan-21;213;12339
DK032;05-Jan-21;175;12514
DK032;06-Jan-21;141;12655
DK032;07-Jan-21;167;12822
DK032;08-Jan-21;141;12963
DK032;09-Jan-21;116;13079
DK032;10-Jan-21;75;13154
DK032;11-Jan-21;124;13278
DK032;12-Jan-21;83;13361
DK032;13-Jan-21;90;13451
DK032;14-Jan-21;87;13538
DK032;15-Jan-21;84;13622
DK032;16-Jan-21;77;13699
DK032;17-Jan-21;54;13753
DK032;18-Jan-21;103;13856
DK032;19-Jan-21;130;13986
DK032;20-Jan-21;80;14066
DK032;21-Jan-21;87;14153
DK032;22-Jan-21;64;14217
DK032;23-Jan-21;63;14280
DK032;24-Jan-21;44;14324
DK032;25-Jan-21;70;14394
DK032;26-Jan-21;60;14454
DK032;27-Jan-21;52;14506
DK032;28-Jan-21;41;14547
DK032;29-Jan-21;52;14599
DK032;30-Jan-21;40;14639
DK032;31-Jan-21;40;14679
DK032;01-Feb-21;54;14733
DK032;02-Feb-21;44;14777
DK032;03-Feb-21;50;14827
DK032;04-Feb-21;34;14861
DK032;05-Feb-21;36;14897
DK032;06-Feb-21;46;14943
DK032;07-Feb-21;29;14972
DK032;08-Feb-21;32;15004
DK032;09-Feb-21;62;15066
DK032;10-Feb-21;48;15114
DK032;11-Feb-21;34;15148
DK032;12-Feb-21;29;15177
DK032;13-Feb-21;62;15239
DK032;14-Feb-21;46;15285
DK032;15-Feb-21;63;15348
DK032;16-Feb-21;121;15469
DK032;17-Feb-21;112;15581
DK032;18-Feb-21;103;15684
DK032;19-Feb-21;81;15765
DK032;20-Feb-21;81;15846
DK032;21-Feb-21;83;15929
DK032;22-Feb-21;92;16021
DK032;23-Feb-21;94;16115
DK032;24-Feb-21;76;16191
DK032;25-Feb-21;68;16259
DK032;26-Feb-21;72;16331
DK032;27-Feb-21;51;16382
DK032;28-Feb-21;58;16440
DK032;01-Mar-21;79;16519
DK032;02-Mar-21;92;16611
DK032;03-Mar-21;107;16718
DK032;04-Mar-21;69;16787
DK032;05-Mar-21;74;16861
DK032;06-Mar-21;73;16934
DK032;07-Mar-21;68;17002
DK032;08-Mar-21;111;17113
DK032;09-Mar-21;137;17250
DK032;10-Mar-21;121;17371
DK032;11-Mar-21;105;17476
DK032;12-Mar-21;87;17563
DK032;13-Mar-21;113;17676
DK032;14-Mar-21;79;17755
DK032;15-Mar-21;123;17878
DK032;16-Mar-21;135;18013
DK032;17-Mar-21;113;18126
DK032;18-Mar-21;108;18234
DK032;19-Mar-21;85;18319
DK032;20-Mar-21;80;18399
DK032;21-Mar-21;72;18471
DK032;22-Mar-21;105;18576
DK032;23-Mar-21;94;18670
DK032;24-Mar-21;92;18762
DK032;25-Mar-21;59;18821
DK032;26-Mar-21;84;18905
DK032;27-Mar-21;85;18990
DK032;28-Mar-21;68;19058
DK032;29-Mar-21;65;19123
DK032;30-Mar-21;49;19172
DK032;31-Mar-21;57;19229
DK032;01-Apr-21;62;19291
DK032;02-Apr-21;46;19337
DK032;03-Apr-21;45;19382
DK032;04-Apr-21;32;19414
DK032;05-Apr-21;45;19459
DK032;06-Apr-21;51;19510
DK032;07-Apr-21;74;19584
DK032;08-Apr-21;55;19639
DK032;09-Apr-21;66;19705
DK032;10-Apr-21;72;19777
DK032;11-Apr-21;47;19824
DK032;12-Apr-21;79;19903
DK032;13-Apr-21;69;19972
DK032;14-Apr-21;71;20043
DK032;15-Apr-21;73;20116
DK032;16-Apr-21;60;20176
DK032;17-Apr-21;48;20224
DK032;18-Apr-21;51;20275
DK032;19-Apr-21;78;20353
DK032;20-Apr-21;72;20425
DK032;21-Apr-21;52;20477
DK032;22-Apr-21;55;20532
DK032;23-Apr-21;72;20604
DK032;24-Apr-21;62;20666
DK032;25-Apr-21;53;20719
DK032;26-Apr-21;84;20803
DK032;27-Apr-21;113;20916
DK032;28-Apr-21;88;21004
DK032;29-Apr-21;76;21080
DK032;30-Apr-21;88;21168
DK032;01-May-21;70;21238
DK032;02-May-21;78;21316
DK032;03-May-21;99;21415
DK032;04-May-21;93;21508
DK032;05-May-21;103;21611
DK032;06-May-21;47;21658
DK032;07-May-21;89;21747
DK032;08-May-21;52;21799
DK032;09-May-21;55;21854
DK032;10-May-21;70;21924
DK032;11-May-21;71;21995
DK032;12-May-21;69;22064
DK032;13-May-21;51;22115
DK032;14-May-21;59;22174
DK032;15-May-21;60;22234
DK032;16-May-21;65;22299
DK032;17-May-21;100;22399
DK032;18-May-21;84;22483
DK032;19-May-21;81;22564
DK032;20-May-21;44;22608
DK032;21-May-21;59;22667
DK032;22-May-21;60;22727
DK032;23-May-21;63;22790
DK032;24-May-21;68;22858
DK032;25-May-21;110;22968
DK032;26-May-21;104;23072
DK032;27-May-21;69;23141
DK032;28-May-21;62;23203
DK032;29-May-21;60;23263
DK032;30-May-21;66;23329
DK032;31-May-21;73;23402
DK032;01-Jun-21;91;23493
DK032;02-Jun-21;44;23537
DK032;03-Jun-21;38;23575
DK032;04-Jun-21;36;23611
DK032;05-Jun-21;37;23648
DK032;06-Jun-21;18;23666
DK032;07-Jun-21;43;23709
DK032;08-Jun-21;38;23747
DK032;09-Jun-21;27;23774
DK032;10-Jun-21;24;23798
DK032;11-Jun-21;22;23820
DK032;12-Jun-21;17;23837
DK032;13-Jun-21;18;23855
DK032;14-Jun-21;23;23878
DK032;15-Jun-21;22;23900
DK032;16-Jun-21;20;23920
DK032;17-Jun-21;7;23927
DK032;18-Jun-21;7;23934
DK032;19-Jun-21;8;23942
DK032;20-Jun-21;8;23950
DK032;21-Jun-21;13;23963
DK032;22-Jun-21;8;23971
DK032;23-Jun-21;10;23981
DK032;24-Jun-21;20;24001
DK032;25-Jun-21;12;24013
DK032;26-Jun-21;8;24021
DK032;27-Jun-21;13;24034
DK032;28-Jun-21;14;24048
DK032;29-Jun-21;12;24060
DK032;30-Jun-21;27;24087
DK032;01-Jul-21;35;24122
DK032;02-Jul-21;26;24148
DK032;03-Jul-21;28;24176
DK032;04-Jul-21;35;24211
DK032;05-Jul-21;99;24310
DK032;06-Jul-21;91;24401
DK032;07-Jul-21;60;24461
DK032;08-Jul-21;41;24502
DK032;09-Jul-21;36;24538
DK032;10-Jul-21;42;24580
DK032;11-Jul-21;79;24659
DK032;12-Jul-21;91;24750
DK032;13-Jul-21;88;24838
DK032;14-Jul-21;74;24912
DK032;15-Jul-21;68;24980
DK032;16-Jul-21;55;25035
DK032;17-Jul-21;58;25093
DK032;18-Jul-21;58;25151
DK032;19-Jul-21;55;25206
DK032;20-Jul-21;75;25281
DK032;21-Jul-21;61;25342
DK032;22-Jul-21;69;25411
DK032;23-Jul-21;87;25498
DK032;24-Jul-21;43;25541
DK032;25-Jul-21;68;25609
DK032;26-Jul-21;88;25697
DK032;27-Jul-21;75;25772
DK032;28-Jul-21;111;25883
DK032;29-Jul-21;113;25996
DK032;30-Jul-21;92;26088
DK032;31-Jul-21;74;26162
DK032;01-Aug-21;75;26237
DK032;02-Aug-21;107;26344
DK032;03-Aug-21;84;26428
DK032;04-Aug-21;120;26548
DK032;05-Aug-21;106;26654
DK032;06-Aug-21;92;26746
DK032;07-Aug-21;73;26819
DK032;08-Aug-21;92;26911
DK032;09-Aug-21;110;27021
DK032;10-Aug-21;101;27122
DK032;11-Aug-21;73;27195
DK032;12-Aug-21;93;27288
DK032;13-Aug-21;76;27364
DK032;14-Aug-21;79;27443
DK032;15-Aug-21;99;27542
DK032;16-Aug-21;142;27684
DK032;17-Aug-21;144;27828
DK032;18-Aug-21;106;27934
DK032;19-Aug-21;112;28046
DK032;20-Aug-21;79;28125
DK032;21-Aug-21;45;28170
DK032;22-Aug-21;84;28254
DK032;23-Aug-21;98;28352
DK032;24-Aug-21;89;28441
DK032;25-Aug-21;86;28527
DK032;26-Aug-21;111;28638
DK032;27-Aug-21;74;28712
DK032;28-Aug-21;48;28760
DK032;29-Aug-21;56;28816
DK032;30-Aug-21;102;28918
DK032;31-Aug-21;72;28990
DK032;01-Sep-21;39;29029
DK032;02-Sep-21;50;29079
DK032;03-Sep-21;49;29128
DK032;04-Sep-21;31;29159
DK032;05-Sep-21;37;29196
DK032;06-Sep-21;35;29231
DK032;07-Sep-21;47;29278
DK032;08-Sep-21;39;29317
DK032;09-Sep-21;22;29339
DK032;10-Sep-21;30;29369
DK032;11-Sep-21;11;29380
DK032;12-Sep-21;13;29393
DK032;13-Sep-21;27;29420
DK032;14-Sep-21;34;29454
DK032;15-Sep-21;27;29481
DK032;16-Sep-21;34;29515
DK032;17-Sep-21;38;29553
DK032;18-Sep-21;14;29567
DK032;19-Sep-21;26;29593
DK032;20-Sep-21;41;29634
DK032;21-Sep-21;37;29671
DK032;22-Sep-21;28;29699
DK032;23-Sep-21;28;29727
DK032;24-Sep-21;44;29771
DK032;25-Sep-21;31;29802
DK032;26-Sep-21;45;29847
DK032;27-Sep-21;49;29896
DK032;28-Sep-21;57;29953
DK032;29-Sep-21;42;29995
DK032;30-Sep-21;60;30055
DK032;01-Oct-21;36;30091
DK032;02-Oct-21;30;30121
DK032;03-Oct-21;31;30152
DK032;04-Oct-21;80;30232
DK032;05-Oct-21;81;30313
DK032;06-Oct-21;78;30391
DK032;07-Oct-21;88;30479
DK032;08-Oct-21;59;30538
DK032;09-Oct-21;47;30585
DK032;10-Oct-21;61;30646
DK032;11-Oct-21;88;30734
DK032;12-Oct-21;80;30814
DK032;13-Oct-21;70;30884
DK032;14-Oct-21;86;30970
DK032;15-Oct-21;57;31027
DK032;16-Oct-21;44;31071
DK032;17-Oct-21;55;31126
DK032;18-Oct-21;97;31223
DK032;19-Oct-21;91;31314
DK032;20-Oct-21;112;31426
DK032;21-Oct-21;67;31493
DK032;22-Oct-21;87;31580
DK032;23-Oct-21;93;31673
DK032;24-Oct-21;109;31782
DK032;25-Oct-21;142;31924
DK032;26-Oct-21;133;32057
DK032;27-Oct-21;152;32209
DK032;28-Oct-21;149;32358
DK032;29-Oct-21;112;32470
DK032;30-Oct-21;106;32576
DK032;31-Oct-21;137;32713
DK032;01-Nov-21;191;32904
DK032;02-Nov-21;207;33111
DK032;03-Nov-21;210;33321
DK032;04-Nov-21;197;33518
DK032;05-Nov-21;189;33707
DK032;06-Nov-21;146;33853
DK032;07-Nov-21;229;34082
DK032;08-Nov-21;293;34375
DK032;09-Nov-21;276;34651
DK032;10-Nov-21;286;34937
DK032;11-Nov-21;281;35218
DK032;12-Nov-21;270;35488
DK032;13-Nov-21;232;35720
DK032;14-Nov-21;215;35935
DK032;15-Nov-21;465;36400
DK032;16-Nov-21;426;36826
DK032;17-Nov-21;434;37260
DK032;18-Nov-21;402;37662
DK032;19-Nov-21;446;38108
DK032;20-Nov-21;324;38432
DK032;21-Nov-21;311;38743
DK032;22-Nov-21;439;39182
DK032;23-Nov-21;520;39702
DK032;24-Nov-21;423;40125
DK032;25-Nov-21;423;40548
DK032;26-Nov-21;394;40942
DK032;27-Nov-21;339;41281
DK032;28-Nov-21;303;41584
DK032;29-Nov-21;545;42129
DK032;30-Nov-21;572;42701
DK032;01-Dec-21;497;43198
DK032;02-Dec-21;529;43727
DK032;03-Dec-21;463;44190
DK032;04-Dec-21;456;44646
DK032;05-Dec-21;374;45020
DK032;06-Dec-21;709;45729
DK032;07-Dec-21;715;46444
DK032;08-Dec-21;647;47091
DK032;09-Dec-21;611;47702
DK032;10-Dec-21;655;48357
DK032;11-Dec-21;469;48826
DK032;12-Dec-21;498;49324
DK032;13-Dec-21;825;50149
DK032;14-Dec-21;897;51046
DK032;15-Dec-21;783;51829
DK032;16-Dec-21;837;52666
DK032;17-Dec-21;828;53494
DK032;18-Dec-21;738;54232
DK032;19-Dec-21;707;54939
DK032;20-Dec-21;960;55899
DK032;21-Dec-21;930;56829
DK032;22-Dec-21;755;57584
DK032;23-Dec-21;878;58462
DK032;24-Dec-21;606;59068
DK032;25-Dec-21;661;59729
DK032;26-Dec-21;1013;60742
DK032;27-Dec-21;1822;62564
DK032;28-Dec-21;1795;64359
DK032;29-Dec-21;1462;65821
DK032;30-Dec-21;1691;67512
DK032;31-Dec-21;1085;68597
DK032;01-Jan-22;955;69552
DK032;02-Jan-22;1462;71014
DK032;03-Jan-22;2665;73679
DK032;04-Jan-22;2524;76203
DK032;05-Jan-22;1874;78077
DK032;06-Jan-22;1507;79584
DK032;07-Jan-22;1569;81153
DK032;08-Jan-22;1162;82315
DK032;09-Jan-22;1433;83748
DK032;10-Jan-22;2837;86585
DK032;11-Jan-22;2614;89199
DK032;12-Jan-22;2446;91645
DK032;13-Jan-22;2719;94364
DK032;14-Jan-22;3017;97381
DK032;15-Jan-22;2365;99746
DK032;16-Jan-22;2769;102515
DK032;17-Jan-22;5694;108209
DK032;18-Jan-22;5123;113332
DK032;19-Jan-22;4614;117946
DK032;20-Jan-22;4808;122754
DK032;21-Jan-22;4617;127371
DK032;22-Jan-22;3401;130772
DK032;23-Jan-22;3977;134749
DK032;24-Jan-22;7112;141861
DK032;25-Jan-22;6659;148520
DK032;26-Jan-22;5501;154021
DK032;27-Jan-22;5259;159280
DK032;28-Jan-22;4763;164043
DK032;29-Jan-22;3794;167837
DK032;30-Jan-22;4325;172162
DK032;31-Jan-22;7562;179724
DK032;01-Feb-22;6541;186265
DK032;02-Feb-22;5425;191690
DK032;03-Feb-22;5416;197106
DK032;04-Feb-22;5223;202329
DK032;05-Feb-22;4136;206465
DK032;06-Feb-22;4855;211320
DK032;07-Feb-22;8238;219558
DK032;08-Feb-22;7547;227105
DK032;09-Feb-22;6858;233963
DK032;10-Feb-22;6221;240184
DK032;11-Feb-22;5221;245405
DK032;12-Feb-22;4572;249977
DK032;13-Feb-22;4908;254885
DK032;14-Feb-22;6624;261509
DK032;15-Feb-22;5497;267006
DK032;16-Feb-22;4929;271935
DK032;17-Feb-22;4557;276492
DK032;18-Feb-22;3758;280250
DK032;19-Feb-22;3450;283700
DK032;20-Feb-22;4115;287815
DK032;21-Feb-22;4618;292433
DK032;22-Feb-22;3651;296084
DK032;23-Feb-22;2988;299072
DK032;24-Feb-22;2701;301773
DK032;25-Feb-22;2109;303882
DK032;26-Feb-22;1621;305503
DK032;27-Feb-22;2132;307635
DK032;28-Feb-22;2946;310581
DK032;01-Mar-22;2432;313013
DK032;02-Mar-22;2333;315346
DK032;03-Mar-22;2236;317582
DK032;04-Mar-22;1862;319444
DK032;05-Mar-22;1510;320954
DK032;06-Mar-22;1863;322817
DK032;07-Mar-22;2327;325144
DK032;08-Mar-22;2233;327377
DK032;09-Mar-22;2010;329387
DK032;10-Mar-22;1733;331120
DK032;11-Mar-22;1130;332250
DK032;12-Mar-22;901;333151
DK032;13-Mar-22;1143;334294
DK032;14-Mar-22;1283;335577
DK032;15-Mar-22;0;335577
DK041;26-Feb-20;0;0
DK041;27-Feb-20;0;0
DK041;28-Feb-20;0;0
DK041;01-Mar-20;0;0
DK041;02-Mar-20;0;0
DK041;03-Mar-20;0;0
DK041;04-Mar-20;0;0
DK041;05-Mar-20;0;0
DK041;06-Mar-20;0;0
DK041;07-Mar-20;0;0
DK041;08-Mar-20;0;0
DK041;09-Mar-20;7;7
DK041;10-Mar-20;9;16
DK041;11-Mar-20;3;19
DK041;12-Mar-20;2;21
DK041;13-Mar-20;4;25
DK041;14-Mar-20;2;27
DK041;15-Mar-20;2;29
DK041;16-Mar-20;2;31
DK041;17-Mar-20;3;34
DK041;18-Mar-20;3;37
DK041;19-Mar-20;15;52
DK041;20-Mar-20;6;58
DK041;21-Mar-20;5;63
DK041;22-Mar-20;3;66
DK041;23-Mar-20;11;77
DK041;24-Mar-20;10;87
DK041;25-Mar-20;14;101
DK041;26-Mar-20;14;115
DK041;27-Mar-20;16;131
DK041;28-Mar-20;14;145
DK041;29-Mar-20;3;148
DK041;30-Mar-20;22;170
DK041;31-Mar-20;40;210
DK041;01-Apr-20;32;242
DK041;02-Apr-20;21;263
DK041;03-Apr-20;42;305
DK041;04-Apr-20;21;326
DK041;05-Apr-20;14;340
DK041;06-Apr-20;36;376
DK041;07-Apr-20;41;417
DK041;08-Apr-20;28;445
DK041;09-Apr-20;13;458
DK041;10-Apr-20;10;468
DK041;11-Apr-20;22;490
DK041;12-Apr-20;15;505
DK041;13-Apr-20;14;519
DK041;14-Apr-20;31;550
DK041;15-Apr-20;24;574
DK041;16-Apr-20;28;602
DK041;17-Apr-20;14;616
DK041;18-Apr-20;12;628
DK041;19-Apr-20;13;641
DK041;20-Apr-20;21;662
DK041;21-Apr-20;14;676
DK041;22-Apr-20;28;704
DK041;23-Apr-20;20;724
DK041;24-Apr-20;15;739
DK041;25-Apr-20;19;758
DK041;26-Apr-20;12;770
DK041;27-Apr-20;12;782
DK041;28-Apr-20;17;799
DK041;29-Apr-20;11;810
DK041;30-Apr-20;7;817
DK041;01-May-20;10;827
DK041;02-May-20;11;838
DK041;03-May-20;4;842
DK041;04-May-20;7;849
DK041;05-May-20;5;854
DK041;06-May-20;3;857
DK041;07-May-20;6;863
DK041;08-May-20;3;866
DK041;09-May-20;3;869
DK041;10-May-20;2;871
DK041;11-May-20;1;872
DK041;12-May-20;1;873
DK041;13-May-20;2;875
DK041;14-May-20;0;875
DK041;15-May-20;1;876
DK041;16-May-20;0;876
DK041;17-May-20;5;881
DK041;18-May-20;3;884
DK041;19-May-20;2;886
DK041;20-May-20;0;886
DK041;21-May-20;0;886
DK041;22-May-20;2;888
DK041;23-May-20;0;888
DK041;24-May-20;0;888
DK041;25-May-20;0;888
DK041;26-May-20;0;888
DK041;27-May-20;0;888
DK041;28-May-20;0;888
DK041;29-May-20;0;888
DK041;30-May-20;0;888
DK041;31-May-20;0;888
DK041;01-Jun-20;0;888
DK041;02-Jun-20;0;888
DK041;03-Jun-20;0;888
DK041;04-Jun-20;0;888
DK041;05-Jun-20;0;888
DK041;06-Jun-20;0;888
DK041;07-Jun-20;0;888
DK041;08-Jun-20;1;889
DK041;09-Jun-20;1;890
DK041;10-Jun-20;1;891
DK041;11-Jun-20;0;891
DK041;12-Jun-20;1;892
DK041;13-Jun-20;1;893
DK041;14-Jun-20;1;894
DK041;15-Jun-20;0;894
DK041;16-Jun-20;2;896
DK041;17-Jun-20;2;898
DK041;18-Jun-20;1;899
DK041;19-Jun-20;0;899
DK041;20-Jun-20;0;899
DK041;21-Jun-20;0;899
DK041;22-Jun-20;0;899
DK041;23-Jun-20;1;900
DK041;24-Jun-20;0;900
DK041;25-Jun-20;1;901
DK041;26-Jun-20;0;901
DK041;27-Jun-20;0;901
DK041;28-Jun-20;0;901
DK041;29-Jun-20;1;902
DK041;30-Jun-20;0;902
DK041;01-Jul-20;0;902
DK041;02-Jul-20;0;902
DK041;03-Jul-20;0;902
DK041;04-Jul-20;0;902
DK041;05-Jul-20;0;902
DK041;06-Jul-20;0;902
DK041;07-Jul-20;0;902
DK041;08-Jul-20;0;902
DK041;09-Jul-20;0;902
DK041;10-Jul-20;0;902
DK041;11-Jul-20;0;902
DK041;12-Jul-20;1;903
DK041;13-Jul-20;0;903
DK041;14-Jul-20;1;904
DK041;15-Jul-20;2;906
DK041;16-Jul-20;2;908
DK041;17-Jul-20;0;908
DK041;18-Jul-20;0;908
DK041;19-Jul-20;0;908
DK041;20-Jul-20;0;908
DK041;21-Jul-20;2;910
DK041;22-Jul-20;0;910
DK041;23-Jul-20;0;910
DK041;24-Jul-20;1;911
DK041;25-Jul-20;0;911
DK041;26-Jul-20;0;911
DK041;27-Jul-20;0;911
DK041;28-Jul-20;2;913
DK041;29-Jul-20;1;914
DK041;30-Jul-20;2;916
DK041;31-Jul-20;1;917
DK041;01-Aug-20;4;921
DK041;02-Aug-20;3;924
DK041;03-Aug-20;9;933
DK041;04-Aug-20;2;935
DK041;05-Aug-20;4;939
DK041;06-Aug-20;1;940
DK041;07-Aug-20;4;944
DK041;08-Aug-20;1;945
DK041;09-Aug-20;7;952
DK041;10-Aug-20;0;952
DK041;11-Aug-20;2;954
DK041;12-Aug-20;2;956
DK041;13-Aug-20;4;960
DK041;14-Aug-20;2;962
DK041;15-Aug-20;14;976
DK041;16-Aug-20;3;979
DK041;17-Aug-20;10;989
DK041;18-Aug-20;5;994
DK041;19-Aug-20;5;999
DK041;20-Aug-20;4;1003
DK041;21-Aug-20;6;1009
DK041;22-Aug-20;1;1010
DK041;23-Aug-20;3;1013
DK041;24-Aug-20;5;1018
DK041;25-Aug-20;4;1022
DK041;26-Aug-20;2;1024
DK041;27-Aug-20;7;1031
DK041;28-Aug-20;9;1040
DK041;29-Aug-20;6;1046
DK041;30-Aug-20;5;1051
DK041;31-Aug-20;2;1053
DK041;01-Sep-20;6;1059
DK041;02-Sep-20;4;1063
DK041;03-Sep-20;1;1064
DK041;04-Sep-20;7;1071
DK041;05-Sep-20;1;1072
DK041;06-Sep-20;3;1075
DK041;07-Sep-20;5;1080
DK041;08-Sep-20;5;1085
DK041;09-Sep-20;4;1089
DK041;10-Sep-20;13;1102
DK041;11-Sep-20;23;1125
DK041;12-Sep-20;7;1132
DK041;13-Sep-20;4;1136
DK041;14-Sep-20;10;1146
DK041;15-Sep-20;5;1151
DK041;16-Sep-20;18;1169
DK041;17-Sep-20;14;1183
DK041;18-Sep-20;9;1192
DK041;19-Sep-20;5;1197
DK041;20-Sep-20;7;1204
DK041;21-Sep-20;12;1216
DK041;22-Sep-20;10;1226
DK041;23-Sep-20;19;1245
DK041;24-Sep-20;9;1254
DK041;25-Sep-20;9;1263
DK041;26-Sep-20;14;1277
DK041;27-Sep-20;8;1285
DK041;28-Sep-20;13;1298
DK041;29-Sep-20;13;1311
DK041;30-Sep-20;12;1323
DK041;01-Oct-20;30;1353
DK041;02-Oct-20;23;1376
DK041;03-Oct-20;22;1398
DK041;04-Oct-20;14;1412
DK041;05-Oct-20;40;1452
DK041;06-Oct-20;30;1482
DK041;07-Oct-20;36;1518
DK041;08-Oct-20;59;1577
DK041;09-Oct-20;39;1616
DK041;10-Oct-20;25;1641
DK041;11-Oct-20;16;1657
DK041;12-Oct-20;33;1690
DK041;13-Oct-20;17;1707
DK041;14-Oct-20;32;1739
DK041;15-Oct-20;33;1772
DK041;16-Oct-20;25;1797
DK041;17-Oct-20;26;1823
DK041;18-Oct-20;18;1841
DK041;19-Oct-20;33;1874
DK041;20-Oct-20;42;1916
DK041;21-Oct-20;52;1968
DK041;22-Oct-20;37;2005
DK041;23-Oct-20;46;2051
DK041;24-Oct-20;42;2093
DK041;25-Oct-20;51;2144
DK041;26-Oct-20;55;2199
DK041;27-Oct-20;99;2298
DK041;28-Oct-20;58;2356
DK041;29-Oct-20;52;2408
DK041;30-Oct-20;66;2474
DK041;31-Oct-20;61;2535
DK041;01-Nov-20;47;2582
DK041;02-Nov-20;79;2661
DK041;03-Nov-20;58;2719
DK041;04-Nov-20;69;2788
DK041;05-Nov-20;52;2840
DK041;06-Nov-20;50;2890
DK041;07-Nov-20;58;2948
DK041;08-Nov-20;40;2988
DK041;09-Nov-20;56;3044
DK041;10-Nov-20;73;3117
DK041;11-Nov-20;87;3204
DK041;12-Nov-20;74;3278
DK041;13-Nov-20;89;3367
DK041;14-Nov-20;75;3442
DK041;15-Nov-20;86;3528
DK041;16-Nov-20;112;3640
DK041;17-Nov-20;98;3738
DK041;18-Nov-20;97;3835
DK041;19-Nov-20;100;3935
DK041;20-Nov-20;63;3998
DK041;21-Nov-20;62;4060
DK041;22-Nov-20;80;4140
DK041;23-Nov-20;50;4190
DK041;24-Nov-20;58;4248
DK041;25-Nov-20;70;4318
DK041;26-Nov-20;74;4392
DK041;27-Nov-20;55;4447
DK041;28-Nov-20;45;4492
DK041;29-Nov-20;59;4551
DK041;30-Nov-20;58;4609
DK041;01-Dec-20;72;4681
DK041;02-Dec-20;78;4759
DK041;03-Dec-20;80;4839
DK041;04-Dec-20;103;4942
DK041;05-Dec-20;62;5004
DK041;06-Dec-20;74;5078
DK041;07-Dec-20;95;5173
DK041;08-Dec-20;104;5277
DK041;09-Dec-20;127;5404
DK041;10-Dec-20;105;5509
DK041;11-Dec-20;100;5609
DK041;12-Dec-20;95;5704
DK041;13-Dec-20;95;5799
DK041;14-Dec-20;167;5966
DK041;15-Dec-20;146;6112
DK041;16-Dec-20;145;6257
DK041;17-Dec-20;126;6383
DK041;18-Dec-20;119;6502
DK041;19-Dec-20;104;6606
DK041;20-Dec-20;66;6672
DK041;21-Dec-20;122;6794
DK041;22-Dec-20;114;6908
DK041;23-Dec-20;114;7022
DK041;24-Dec-20;87;7109
DK041;25-Dec-20;69;7178
DK041;26-Dec-20;113;7291
DK041;27-Dec-20;113;7404
DK041;28-Dec-20;132;7536
DK041;29-Dec-20;112;7648
DK041;30-Dec-20;133;7781
DK041;31-Dec-20;64;7845
DK041;01-Jan-21;56;7901
DK041;02-Jan-21;92;7993
DK041;03-Jan-21;74;8067
DK041;04-Jan-21;72;8139
DK041;05-Jan-21;71;8210
DK041;06-Jan-21;45;8255
DK041;07-Jan-21;60;8315
DK041;08-Jan-21;47;8362
DK041;09-Jan-21;53;8415
DK041;10-Jan-21;46;8461
DK041;11-Jan-21;45;8506
DK041;12-Jan-21;30;8536
DK041;13-Jan-21;36;8572
DK041;14-Jan-21;36;8608
DK041;15-Jan-21;32;8640
DK041;16-Jan-21;16;8656
DK041;17-Jan-21;20;8676
DK041;18-Jan-21;20;8696
DK041;19-Jan-21;43;8739
DK041;20-Jan-21;29;8768
DK041;21-Jan-21;32;8800
DK041;22-Jan-21;22;8822
DK041;23-Jan-21;22;8844
DK041;24-Jan-21;13;8857
DK041;25-Jan-21;27;8884
DK041;26-Jan-21;21;8905
DK041;27-Jan-21;17;8922
DK041;28-Jan-21;25;8947
DK041;29-Jan-21;12;8959
DK041;30-Jan-21;10;8969
DK041;31-Jan-21;9;8978
DK041;01-Feb-21;18;8996
DK041;02-Feb-21;8;9004
DK041;03-Feb-21;16;9020
DK041;04-Feb-21;14;9034
DK041;05-Feb-21;16;9050
DK041;06-Feb-21;12;9062
DK041;07-Feb-21;6;9068
DK041;08-Feb-21;28;9096
DK041;09-Feb-21;14;9110
DK041;10-Feb-21;28;9138
DK041;11-Feb-21;14;9152
DK041;12-Feb-21;5;9157
DK041;13-Feb-21;10;9167
DK041;14-Feb-21;11;9178
DK041;15-Feb-21;10;9188
DK041;16-Feb-21;15;9203
DK041;17-Feb-21;13;9216
DK041;18-Feb-21;17;9233
DK041;19-Feb-21;14;9247
DK041;20-Feb-21;12;9259
DK041;21-Feb-21;20;9279
DK041;22-Feb-21;24;9303
DK041;23-Feb-21;18;9321
DK041;24-Feb-21;13;9334
DK041;25-Feb-21;23;9357
DK041;26-Feb-21;13;9370
DK041;27-Feb-21;7;9377
DK041;28-Feb-21;8;9385
DK041;01-Mar-21;12;9397
DK041;02-Mar-21;13;9410
DK041;03-Mar-21;22;9432
DK041;04-Mar-21;14;9446
DK041;05-Mar-21;10;9456
DK041;06-Mar-21;10;9466
DK041;07-Mar-21;13;9479
DK041;08-Mar-21;20;9499
DK041;09-Mar-21;12;9511
DK041;10-Mar-21;7;9518
DK041;11-Mar-21;16;9534
DK041;12-Mar-21;12;9546
DK041;13-Mar-21;14;9560
DK041;14-Mar-21;13;9573
DK041;15-Mar-21;15;9588
DK041;16-Mar-21;37;9625
DK041;17-Mar-21;16;9641
DK041;18-Mar-21;18;9659
DK041;19-Mar-21;14;9673
DK041;20-Mar-21;10;9683
DK041;21-Mar-21;24;9707
DK041;22-Mar-21;34;9741
DK041;23-Mar-21;23;9764
DK041;24-Mar-21;16;9780
DK041;25-Mar-21;12;9792
DK041;26-Mar-21;26;9818
DK041;27-Mar-21;20;9838
DK041;28-Mar-21;10;9848
DK041;29-Mar-21;18;9866
DK041;30-Mar-21;19;9885
DK041;31-Mar-21;14;9899
DK041;01-Apr-21;18;9917
DK041;02-Apr-21;23;9940
DK041;03-Apr-21;22;9962
DK041;04-Apr-21;23;9985
DK041;05-Apr-21;22;10007
DK041;06-Apr-21;33;10040
DK041;07-Apr-21;30;10070
DK041;08-Apr-21;41;10111
DK041;09-Apr-21;32;10143
DK041;10-Apr-21;23;10166
DK041;11-Apr-21;25;10191
DK041;12-Apr-21;22;10213
DK041;13-Apr-21;37;10250
DK041;14-Apr-21;45;10295
DK041;15-Apr-21;18;10313
DK041;16-Apr-21;33;10346
DK041;17-Apr-21;33;10379
DK041;18-Apr-21;46;10425
DK041;19-Apr-21;55;10480
DK041;20-Apr-21;49;10529
DK041;21-Apr-21;50;10579
DK041;22-Apr-21;41;10620
DK041;23-Apr-21;40;10660
DK041;24-Apr-21;46;10706
DK041;25-Apr-21;39;10745
DK041;26-Apr-21;53;10798
DK041;27-Apr-21;48;10846
DK041;28-Apr-21;40;10886
DK041;29-Apr-21;49;10935
DK041;30-Apr-21;54;10989
DK041;01-May-21;60;11049
DK041;02-May-21;47;11096
DK041;03-May-21;66;11162
DK041;04-May-21;74;11236
DK041;05-May-21;85;11321
DK041;06-May-21;53;11374
DK041;07-May-21;66;11440
DK041;08-May-21;86;11526
DK041;09-May-21;67;11593
DK041;10-May-21;119;11712
DK041;11-May-21;85;11797
DK041;12-May-21;75;11872
DK041;13-May-21;60;11932
DK041;14-May-21;60;11992
DK041;15-May-21;57;12049
DK041;16-May-21;48;12097
DK041;17-May-21;72;12169
DK041;18-May-21;57;12226
DK041;19-May-21;49;12275
DK041;20-May-21;39;12314
DK041;21-May-21;38;12352
DK041;22-May-21;50;12402
DK041;23-May-21;61;12463
DK041;24-May-21;45;12508
DK041;25-May-21;59;12567
DK041;26-May-21;58;12625
DK041;27-May-21;56;12681
DK041;28-May-21;35;12716
DK041;29-May-21;30;12746
DK041;30-May-21;30;12776
DK041;31-May-21;35;12811
DK041;01-Jun-21;38;12849
DK041;02-Jun-21;37;12886
DK041;03-Jun-21;22;12908
DK041;04-Jun-21;22;12930
DK041;05-Jun-21;24;12954
DK041;06-Jun-21;27;12981
DK041;07-Jun-21;17;12998
DK041;08-Jun-21;9;13007
DK041;09-Jun-21;8;13015
DK041;10-Jun-21;12;13027
DK041;11-Jun-21;10;13037
DK041;12-Jun-21;8;13045
DK041;13-Jun-21;9;13054
DK041;14-Jun-21;7;13061
DK041;15-Jun-21;10;13071
DK041;16-Jun-21;14;13085
DK041;17-Jun-21;4;13089
DK041;18-Jun-21;6;13095
DK041;19-Jun-21;4;13099
DK041;20-Jun-21;3;13102
DK041;21-Jun-21;2;13104
DK041;22-Jun-21;1;13105
DK041;23-Jun-21;8;13113
DK041;24-Jun-21;8;13121
DK041;25-Jun-21;4;13125
DK041;26-Jun-21;2;13127
DK041;27-Jun-21;4;13131
DK041;28-Jun-21;8;13139
DK041;29-Jun-21;2;13141
DK041;30-Jun-21;9;13150
DK041;01-Jul-21;7;13157
DK041;02-Jul-21;3;13160
DK041;03-Jul-21;11;13171
DK041;04-Jul-21;11;13182
DK041;05-Jul-21;26;13208
DK041;06-Jul-21;16;13224
DK041;07-Jul-21;16;13240
DK041;08-Jul-21;18;13258
DK041;09-Jul-21;9;13267
DK041;10-Jul-21;24;13291
DK041;11-Jul-21;21;13312
DK041;12-Jul-21;33;13345
DK041;13-Jul-21;21;13366
DK041;14-Jul-21;38;13404
DK041;15-Jul-21;41;13445
DK041;16-Jul-21;31;13476
DK041;17-Jul-21;21;13497
DK041;18-Jul-21;26;13523
DK041;19-Jul-21;43;13566
DK041;20-Jul-21;16;13582
DK041;21-Jul-21;33;13615
DK041;22-Jul-21;35;13650
DK041;23-Jul-21;35;13685
DK041;24-Jul-21;33;13718
DK041;25-Jul-21;38;13756
DK041;26-Jul-21;48;13804
DK041;27-Jul-21;41;13845
DK041;28-Jul-21;41;13886
DK041;29-Jul-21;37;13923
DK041;30-Jul-21;34;13957
DK041;31-Jul-21;45;14002
DK041;01-Aug-21;28;14030
DK041;02-Aug-21;55;14085
DK041;03-Aug-21;62;14147
DK041;04-Aug-21;58;14205
DK041;05-Aug-21;66;14271
DK041;06-Aug-21;66;14337
DK041;07-Aug-21;50;14387
DK041;08-Aug-21;56;14443
DK041;09-Aug-21;53;14496
DK041;10-Aug-21;65;14561
DK041;11-Aug-21;56;14617
DK041;12-Aug-21;63;14680
DK041;13-Aug-21;66;14746
DK041;14-Aug-21;56;14802
DK041;15-Aug-21;56;14858
DK041;16-Aug-21;56;14914
DK041;17-Aug-21;70;14984
DK041;18-Aug-21;73;15057
DK041;19-Aug-21;43;15100
DK041;20-Aug-21;48;15148
DK041;21-Aug-21;23;15171
DK041;22-Aug-21;33;15204
DK041;23-Aug-21;39;15243
DK041;24-Aug-21;34;15277
DK041;25-Aug-21;49;15326
DK041;26-Aug-21;50;15376
DK041;27-Aug-21;35;15411
DK041;28-Aug-21;22;15433
DK041;29-Aug-21;21;15454
DK041;30-Aug-21;35;15489
DK041;31-Aug-21;29;15518
DK041;01-Sep-21;29;15547
DK041;02-Sep-21;21;15568
DK041;03-Sep-21;34;15602
DK041;04-Sep-21;12;15614
DK041;05-Sep-21;23;15637
DK041;06-Sep-21;21;15658
DK041;07-Sep-21;16;15674
DK041;08-Sep-21;17;15691
DK041;09-Sep-21;29;15720
DK041;10-Sep-21;13;15733
DK041;11-Sep-21;10;15743
DK041;12-Sep-21;12;15755
DK041;13-Sep-21;9;15764
DK041;14-Sep-21;11;15775
DK041;15-Sep-21;11;15786
DK041;16-Sep-21;4;15790
DK041;17-Sep-21;11;15801
DK041;18-Sep-21;7;15808
DK041;19-Sep-21;5;15813
DK041;20-Sep-21;22;15835
DK041;21-Sep-21;26;15861
DK041;22-Sep-21;16;15877
DK041;23-Sep-21;10;15887
DK041;24-Sep-21;13;15900
DK041;25-Sep-21;12;15912
DK041;26-Sep-21;7;15919
DK041;27-Sep-21;12;15931
DK041;28-Sep-21;29;15960
DK041;29-Sep-21;12;15972
DK041;30-Sep-21;8;15980
DK041;01-Oct-21;6;15986
DK041;02-Oct-21;12;15998
DK041;03-Oct-21;9;16007
DK041;04-Oct-21;25;16032
DK041;05-Oct-21;22;16054
DK041;06-Oct-21;33;16087
DK041;07-Oct-21;30;16117
DK041;08-Oct-21;33;16150
DK041;09-Oct-21;30;16180
DK041;10-Oct-21;31;16211
DK041;11-Oct-21;49;16260
DK041;12-Oct-21;21;16281
DK041;13-Oct-21;32;16313
DK041;14-Oct-21;44;16357
DK041;15-Oct-21;35;16392
DK041;16-Oct-21;22;16414
DK041;17-Oct-21;14;16428
DK041;18-Oct-21;33;16461
DK041;19-Oct-21;53;16514
DK041;20-Oct-21;55;16569
DK041;21-Oct-21;56;16625
DK041;22-Oct-21;73;16698
DK041;23-Oct-21;60;16758
DK041;24-Oct-21;78;16836
DK041;25-Oct-21;72;16908
DK041;26-Oct-21;65;16973
DK041;27-Oct-21;70;17043
DK041;28-Oct-21;93;17136
DK041;29-Oct-21;88;17224
DK041;30-Oct-21;73;17297
DK041;31-Oct-21;77;17374
DK041;01-Nov-21;101;17475
DK041;02-Nov-21;85;17560
DK041;03-Nov-21;114;17674
DK041;04-Nov-21;109;17783
DK041;05-Nov-21;128;17911
DK041;06-Nov-21;73;17984
DK041;07-Nov-21;135;18119
DK041;08-Nov-21;165;18284
DK041;09-Nov-21;160;18444
DK041;10-Nov-21;162;18606
DK041;11-Nov-21;165;18771
DK041;12-Nov-21;130;18901
DK041;13-Nov-21;146;19047
DK041;14-Nov-21;144;19191
DK041;15-Nov-21;196;19387
DK041;16-Nov-21;192;19579
DK041;17-Nov-21;200;19779
DK041;18-Nov-21;173;19952
DK041;19-Nov-21;164;20116
DK041;20-Nov-21;180;20296
DK041;21-Nov-21;143;20439
DK041;22-Nov-21;200;20639
DK041;23-Nov-21;206;20845
DK041;24-Nov-21;171;21016
DK041;25-Nov-21;176;21192
DK041;26-Nov-21;188;21380
DK041;27-Nov-21;201;21581
DK041;28-Nov-21;221;21802
DK041;29-Nov-21;230;22032
DK041;30-Nov-21;292;22324
DK041;01-Dec-21;255;22579
DK041;02-Dec-21;271;22850
DK041;03-Dec-21;270;23120
DK041;04-Dec-21;325;23445
DK041;05-Dec-21;316;23761
DK041;06-Dec-21;431;24192
DK041;07-Dec-21;492;24684
DK041;08-Dec-21;488;25172
DK041;09-Dec-21;461;25633
DK041;10-Dec-21;460;26093
DK041;11-Dec-21;499;26592
DK041;12-Dec-21;572;27164
DK041;13-Dec-21;743;27907
DK041;14-Dec-21;730;28637
DK041;15-Dec-21;727;29364
DK041;16-Dec-21;668;30032
DK041;17-Dec-21;694;30726
DK041;18-Dec-21;694;31420
DK041;19-Dec-21;722;32142
DK041;20-Dec-21;831;32973
DK041;21-Dec-21;815;33788
DK041;22-Dec-21;719;34507
DK041;23-Dec-21;733;35240
DK041;24-Dec-21;540;35780
DK041;25-Dec-21;670;36450
DK041;26-Dec-21;1020;37470
DK041;27-Dec-21;1324;38794
DK041;28-Dec-21;1485;40279
DK041;29-Dec-21;1135;41414
DK041;30-Dec-21;1269;42683
DK041;31-Dec-21;750;43433
DK041;01-Jan-22;701;44134
DK041;02-Jan-22;1464;45598
DK041;03-Jan-22;1447;47045
DK041;04-Jan-22;1494;48539
DK041;05-Jan-22;1063;49602
DK041;06-Jan-22;968;50570
DK041;07-Jan-22;923;51493
DK041;08-Jan-22;853;52346
DK041;09-Jan-22;1007;53353
DK041;10-Jan-22;1283;54636
DK041;11-Jan-22;1325;55961
DK041;12-Jan-22;1290;57251
DK041;13-Jan-22;1405;58656
DK041;14-Jan-22;1578;60234
DK041;15-Jan-22;1639;61873
DK041;16-Jan-22;1902;63775
DK041;17-Jan-22;2440;66215
DK041;18-Jan-22;2367;68582
DK041;19-Jan-22;2362;70944
DK041;20-Jan-22;2217;73161
DK041;21-Jan-22;2331;75492
DK041;22-Jan-22;2307;77799
DK041;23-Jan-22;2788;80587
DK041;24-Jan-22;3511;84098
DK041;25-Jan-22;3268;87366
DK041;26-Jan-22;3247;90613
DK041;27-Jan-22;2882;93495
DK041;28-Jan-22;2835;96330
DK041;29-Jan-22;1447;97777
DK041;30-Jan-22;2798;100575
DK041;31-Jan-22;4868;105443
DK041;01-Feb-22;3872;109315
DK041;02-Feb-22;3728;113043
DK041;03-Feb-22;3550;116593
DK041;04-Feb-22;3458;120051
DK041;05-Feb-22;3199;123250
DK041;06-Feb-22;4055;127305
DK041;07-Feb-22;4959;132264
DK041;08-Feb-22;5055;137319
DK041;09-Feb-22;4750;142069
DK041;10-Feb-22;4082;146151
DK041;11-Feb-22;3469;149620
DK041;12-Feb-22;3007;152627
DK041;13-Feb-22;3525;156152
DK041;14-Feb-22;3786;159938
DK041;15-Feb-22;3721;163659
DK041;16-Feb-22;3284;166943
DK041;17-Feb-22;3084;170027
DK041;18-Feb-22;2484;172511
DK041;19-Feb-22;2418;174929
DK041;20-Feb-22;2863;177792
DK041;21-Feb-22;2872;180664
DK041;22-Feb-22;2431;183095
DK041;23-Feb-22;2096;185191
DK041;24-Feb-22;1724;186915
DK041;25-Feb-22;1528;188443
DK041;26-Feb-22;1224;189667
DK041;27-Feb-22;1515;191182
DK041;28-Feb-22;1915;193097
DK041;01-Mar-22;1759;194856
DK041;02-Mar-22;1597;196453
DK041;03-Mar-22;1486;197939
DK041;04-Mar-22;1258;199197
DK041;05-Mar-22;1041;200238
DK041;06-Mar-22;1277;201515
DK041;07-Mar-22;1514;203029
DK041;08-Mar-22;1413;204442
DK041;09-Mar-22;1300;205742
DK041;10-Mar-22;1026;206768
DK041;11-Mar-22;719;207487
DK041;12-Mar-22;578;208065
DK041;13-Mar-22;741;208806
DK041;14-Mar-22;563;209369
DK041;15-Mar-22;0;209369
DK042;26-Feb-20;0;0
DK042;27-Feb-20;0;0
DK042;28-Feb-20;1;1
DK042;01-Mar-20;0;1
DK042;02-Mar-20;0;1
DK042;03-Mar-20;0;1
DK042;04-Mar-20;0;1
DK042;05-Mar-20;0;1
DK042;06-Mar-20;0;1
DK042;07-Mar-20;1;2
DK042;08-Mar-20;22;24
DK042;09-Mar-20;38;62
DK042;10-Mar-20;63;125
DK042;11-Mar-20;22;147
DK042;12-Mar-20;6;153
DK042;13-Mar-20;3;156
DK042;14-Mar-20;4;160
DK042;15-Mar-20;2;162
DK042;16-Mar-20;0;162
DK042;17-Mar-20;4;166
DK042;18-Mar-20;8;174
DK042;19-Mar-20;9;183
DK042;20-Mar-20;3;186
DK042;21-Mar-20;0;186
DK042;22-Mar-20;6;192
DK042;23-Mar-20;10;202
DK042;24-Mar-20;6;208
DK042;25-Mar-20;8;216
DK042;26-Mar-20;13;229
DK042;27-Mar-20;9;238
DK042;28-Mar-20;7;245
DK042;29-Mar-20;5;250
DK042;30-Mar-20;19;269
DK042;31-Mar-20;10;279
DK042;01-Apr-20;22;301
DK042;02-Apr-20;29;330
DK042;03-Apr-20;29;359
DK042;04-Apr-20;9;368
DK042;05-Apr-20;6;374
DK042;06-Apr-20;35;409
DK042;07-Apr-20;25;434
DK042;08-Apr-20;22;456
DK042;09-Apr-20;10;466
DK042;10-Apr-20;7;473
DK042;11-Apr-20;12;485
DK042;12-Apr-20;6;491
DK042;13-Apr-20;17;508
DK042;14-Apr-20;15;523
DK042;15-Apr-20;3;526
DK042;16-Apr-20;14;540
DK042;17-Apr-20;9;549
DK042;18-Apr-20;5;554
DK042;19-Apr-20;2;556
DK042;20-Apr-20;5;561
DK042;21-Apr-20;4;565
DK042;22-Apr-20;4;569
DK042;23-Apr-20;12;581
DK042;24-Apr-20;12;593
DK042;25-Apr-20;10;603
DK042;26-Apr-20;3;606
DK042;27-Apr-20;6;612
DK042;28-Apr-20;7;619
DK042;29-Apr-20;6;625
DK042;30-Apr-20;6;631
DK042;01-May-20;6;637
DK042;02-May-20;9;646
DK042;03-May-20;6;652
DK042;04-May-20;1;653
DK042;05-May-20;3;656
DK042;06-May-20;3;659
DK042;07-May-20;4;663
DK042;08-May-20;2;665
DK042;09-May-20;1;666
DK042;10-May-20;1;667
DK042;11-May-20;2;669
DK042;12-May-20;0;669
DK042;13-May-20;2;671
DK042;14-May-20;4;675
DK042;15-May-20;3;678
DK042;16-May-20;4;682
DK042;17-May-20;3;685
DK042;18-May-20;4;689
DK042;19-May-20;3;692
DK042;20-May-20;0;692
DK042;21-May-20;1;693
DK042;22-May-20;1;694
DK042;23-May-20;2;696
DK042;24-May-20;0;696
DK042;25-May-20;1;697
DK042;26-May-20;2;699
DK042;27-May-20;2;701
DK042;28-May-20;0;701
DK042;29-May-20;0;701
DK042;30-May-20;0;701
DK042;31-May-20;0;701
DK042;01-Jun-20;3;704
DK042;02-Jun-20;3;707
DK042;03-Jun-20;0;707
DK042;04-Jun-20;5;712
DK042;05-Jun-20;0;712
DK042;06-Jun-20;1;713
DK042;07-Jun-20;0;713
DK042;08-Jun-20;2;715
DK042;09-Jun-20;0;715
DK042;10-Jun-20;1;716
DK042;11-Jun-20;1;717
DK042;12-Jun-20;3;720
DK042;13-Jun-20;1;721
DK042;14-Jun-20;0;721
DK042;15-Jun-20;1;722
DK042;16-Jun-20;3;725
DK042;17-Jun-20;1;726
DK042;18-Jun-20;0;726
DK042;19-Jun-20;2;728
DK042;20-Jun-20;2;730
DK042;21-Jun-20;1;731
DK042;22-Jun-20;1;732
DK042;23-Jun-20;3;735
DK042;24-Jun-20;3;738
DK042;25-Jun-20;4;742
DK042;26-Jun-20;3;745
DK042;27-Jun-20;3;748
DK042;28-Jun-20;4;752
DK042;29-Jun-20;0;752
DK042;30-Jun-20;2;754
DK042;01-Jul-20;2;756
DK042;02-Jul-20;1;757
DK042;03-Jul-20;1;758
DK042;04-Jul-20;0;758
DK042;05-Jul-20;1;759
DK042;06-Jul-20;0;759
DK042;07-Jul-20;1;760
DK042;08-Jul-20;1;761
DK042;09-Jul-20;4;765
DK042;10-Jul-20;0;765
DK042;11-Jul-20;0;765
DK042;12-Jul-20;0;765
DK042;13-Jul-20;6;771
DK042;14-Jul-20;3;774
DK042;15-Jul-20;1;775
DK042;16-Jul-20;3;778
DK042;17-Jul-20;1;779
DK042;18-Jul-20;0;779
DK042;19-Jul-20;1;780
DK042;20-Jul-20;3;783
DK042;21-Jul-20;0;783
DK042;22-Jul-20;0;783
DK042;23-Jul-20;2;785
DK042;24-Jul-20;7;792
DK042;25-Jul-20;5;797
DK042;26-Jul-20;4;801
DK042;27-Jul-20;6;807
DK042;28-Jul-20;10;817
DK042;29-Jul-20;9;826
DK042;30-Jul-20;19;845
DK042;31-Jul-20;17;862
DK042;01-Aug-20;26;888
DK042;02-Aug-20;36;924
DK042;03-Aug-20;44;968
DK042;04-Aug-20;57;1025
DK042;05-Aug-20;62;1087
DK042;06-Aug-20;85;1172
DK042;07-Aug-20;102;1274
DK042;08-Aug-20;56;1330
DK042;09-Aug-20;58;1388
DK042;10-Aug-20;80;1468
DK042;11-Aug-20;64;1532
DK042;12-Aug-20;79;1611
DK042;13-Aug-20;56;1667
DK042;14-Aug-20;28;1695
DK042;15-Aug-20;64;1759
DK042;16-Aug-20;29;1788
DK042;17-Aug-20;33;1821
DK042;18-Aug-20;36;1857
DK042;19-Aug-20;22;1879
DK042;20-Aug-20;27;1906
DK042;21-Aug-20;21;1927
DK042;22-Aug-20;28;1955
DK042;23-Aug-20;20;1975
DK042;24-Aug-20;24;1999
DK042;25-Aug-20;18;2017
DK042;26-Aug-20;18;2035
DK042;27-Aug-20;13;2048
DK042;28-Aug-20;16;2064
DK042;29-Aug-20;12;2076
DK042;30-Aug-20;18;2094
DK042;31-Aug-20;16;2110
DK042;01-Sep-20;27;2137
DK042;02-Sep-20;13;2150
DK042;03-Sep-20;15;2165
DK042;04-Sep-20;14;2179
DK042;05-Sep-20;13;2192
DK042;06-Sep-20;15;2207
DK042;07-Sep-20;15;2222
DK042;08-Sep-20;36;2258
DK042;09-Sep-20;24;2282
DK042;10-Sep-20;15;2297
DK042;11-Sep-20;48;2345
DK042;12-Sep-20;22;2367
DK042;13-Sep-20;12;2379
DK042;14-Sep-20;26;2405
DK042;15-Sep-20;42;2447
DK042;16-Sep-20;45;2492
DK042;17-Sep-20;47;2539
DK042;18-Sep-20;60;2599
DK042;19-Sep-20;44;2643
DK042;20-Sep-20;44;2687
DK042;21-Sep-20;53;2740
DK042;22-Sep-20;83;2823
DK042;23-Sep-20;105;2928
DK042;24-Sep-20;104;3032
DK042;25-Sep-20;95;3127
DK042;26-Sep-20;78;3205
DK042;27-Sep-20;71;3276
DK042;28-Sep-20;96;3372
DK042;29-Sep-20;94;3466
DK042;30-Sep-20;83;3549
DK042;01-Oct-20;78;3627
DK042;02-Oct-20;78;3705
DK042;03-Oct-20;48;3753
DK042;04-Oct-20;44;3797
DK042;05-Oct-20;65;3862
DK042;06-Oct-20;78;3940
DK042;07-Oct-20;116;4056
DK042;08-Oct-20;77;4133
DK042;09-Oct-20;77;4210
DK042;10-Oct-20;62;4272
DK042;11-Oct-20;50;4322
DK042;12-Oct-20;95;4417
DK042;13-Oct-20;78;4495
DK042;14-Oct-20;64;4559
DK042;15-Oct-20;78;4637
DK042;16-Oct-20;80;4717
DK042;17-Oct-20;49;4766
DK042;18-Oct-20;53;4819
DK042;19-Oct-20;106;4925
DK042;20-Oct-20;149;5074
DK042;21-Oct-20;181;5255
DK042;22-Oct-20;114;5369
DK042;23-Oct-20;128;5497
DK042;24-Oct-20;102;5599
DK042;25-Oct-20;105;5704
DK042;26-Oct-20;107;5811
DK042;27-Oct-20;141;5952
DK042;28-Oct-20;172;6124
DK042;29-Oct-20;89;6213
DK042;30-Oct-20;129;6342
DK042;31-Oct-20;108;6450
DK042;01-Nov-20;125;6575
DK042;02-Nov-20;127;6702
DK042;03-Nov-20;155;6857
DK042;04-Nov-20;165;7022
DK042;05-Nov-20;131;7153
DK042;06-Nov-20;112;7265
DK042;07-Nov-20;116;7381
DK042;08-Nov-20;114;7495
DK042;09-Nov-20;148;7643
DK042;10-Nov-20;152;7795
DK042;11-Nov-20;176;7971
DK042;12-Nov-20;174;8145
DK042;13-Nov-20;144;8289
DK042;14-Nov-20;149;8438
DK042;15-Nov-20;118;8556
DK042;16-Nov-20;189;8745
DK042;17-Nov-20;202;8947
DK042;18-Nov-20;201;9148
DK042;19-Nov-20;141;9289
DK042;20-Nov-20;154;9443
DK042;21-Nov-20;117;9560
DK042;22-Nov-20;112;9672
DK042;23-Nov-20;141;9813
DK042;24-Nov-20;179;9992
DK042;25-Nov-20;163;10155
DK042;26-Nov-20;172;10327
DK042;27-Nov-20;176;10503
DK042;28-Nov-20;167;10670
DK042;29-Nov-20;126;10796
DK042;30-Nov-20;268;11064
DK042;01-Dec-20;220;11284
DK042;02-Dec-20;248;11532
DK042;03-Dec-20;252;11784
DK042;04-Dec-20;299;12083
DK042;05-Dec-20;204;12287
DK042;06-Dec-20;231;12518
DK042;07-Dec-20;346;12864
DK042;08-Dec-20;415;13279
DK042;09-Dec-20;451;13730
DK042;10-Dec-20;495;14225
DK042;11-Dec-20;483;14708
DK042;12-Dec-20;449;15157
DK042;13-Dec-20;381;15538
DK042;14-Dec-20;598;16136
DK042;15-Dec-20;658;16794
DK042;16-Dec-20;602;17396
DK042;17-Dec-20;482;17878
DK042;18-Dec-20;429;18307
DK042;19-Dec-20;410;18717
DK042;20-Dec-20;324;19041
DK042;21-Dec-20;391;19432
DK042;22-Dec-20;356;19788
DK042;23-Dec-20;401;20189
DK042;24-Dec-20;159;20348
DK042;25-Dec-20;145;20493
DK042;26-Dec-20;347;20840
DK042;27-Dec-20;303;21143
DK042;28-Dec-20;436;21579
DK042;29-Dec-20;408;21987
DK042;30-Dec-20;347;22334
DK042;31-Dec-20;177;22511
DK042;01-Jan-21;175;22686
DK042;02-Jan-21;344;23030
DK042;03-Jan-21;256;23286
DK042;04-Jan-21;386;23672
DK042;05-Jan-21;244;23916
DK042;06-Jan-21;234;24150
DK042;07-Jan-21;276;24426
DK042;08-Jan-21;206;24632
DK042;09-Jan-21;169;24801
DK042;10-Jan-21;139;24940
DK042;11-Jan-21;151;25091
DK042;12-Jan-21;148;25239
DK042;13-Jan-21;135;25374
DK042;14-Jan-21;151;25525
DK042;15-Jan-21;85;25610
DK042;16-Jan-21;56;25666
DK042;17-Jan-21;58;25724
DK042;18-Jan-21;99;25823
DK042;19-Jan-21;69;25892
DK042;20-Jan-21;81;25973
DK042;21-Jan-21;88;26061
DK042;22-Jan-21;73;26134
DK042;23-Jan-21;62;26196
DK042;24-Jan-21;42;26238
DK042;25-Jan-21;56;26294
DK042;26-Jan-21;73;26367
DK042;27-Jan-21;46;26413
DK042;28-Jan-21;46;26459
DK042;29-Jan-21;33;26492
DK042;30-Jan-21;28;26520
DK042;31-Jan-21;36;26556
DK042;01-Feb-21;47;26603
DK042;02-Feb-21;54;26657
DK042;03-Feb-21;39;26696
DK042;04-Feb-21;54;26750
DK042;05-Feb-21;51;26801
DK042;06-Feb-21;57;26858
DK042;07-Feb-21;70;26928
DK042;08-Feb-21;39;26967
DK042;09-Feb-21;58;27025
DK042;10-Feb-21;60;27085
DK042;11-Feb-21;45;27130
DK042;12-Feb-21;34;27164
DK042;13-Feb-21;46;27210
DK042;14-Feb-21;33;27243
DK042;15-Feb-21;53;27296
DK042;16-Feb-21;69;27365
DK042;17-Feb-21;63;27428
DK042;18-Feb-21;70;27498
DK042;19-Feb-21;36;27534
DK042;20-Feb-21;53;27587
DK042;21-Feb-21;60;27647
DK042;22-Feb-21;58;27705
DK042;23-Feb-21;43;27748
DK042;24-Feb-21;47;27795
DK042;25-Feb-21;39;27834
DK042;26-Feb-21;32;27866
DK042;27-Feb-21;43;27909
DK042;28-Feb-21;38;27947
DK042;01-Mar-21;52;27999
DK042;02-Mar-21;69;28068
DK042;03-Mar-21;52;28120
DK042;04-Mar-21;33;28153
DK042;05-Mar-21;48;28201
DK042;06-Mar-21;36;28237
DK042;07-Mar-21;60;28297
DK042;08-Mar-21;72;28369
DK042;09-Mar-21;77;28446
DK042;10-Mar-21;72;28518
DK042;11-Mar-21;53;28571
DK042;12-Mar-21;49;28620
DK042;13-Mar-21;46;28666
DK042;14-Mar-21;56;28722
DK042;15-Mar-21;67;28789
DK042;16-Mar-21;87;28876
DK042;17-Mar-21;70;28946
DK042;18-Mar-21;55;29001
DK042;19-Mar-21;59;29060
DK042;20-Mar-21;58;29118
DK042;21-Mar-21;59;29177
DK042;22-Mar-21;66;29243
DK042;23-Mar-21;105;29348
DK042;24-Mar-21;92;29440
DK042;25-Mar-21;66;29506
DK042;26-Mar-21;54;29560
DK042;27-Mar-21;81;29641
DK042;28-Mar-21;66;29707
DK042;29-Mar-21;79;29786
DK042;30-Mar-21;73;29859
DK042;31-Mar-21;86;29945
DK042;01-Apr-21;91;30036
DK042;02-Apr-21;67;30103
DK042;03-Apr-21;87;30190
DK042;04-Apr-21;52;30242
DK042;05-Apr-21;66;30308
DK042;06-Apr-21;64;30372
DK042;07-Apr-21;78;30450
DK042;08-Apr-21;85;30535
DK042;09-Apr-21;61;30596
DK042;10-Apr-21;51;30647
DK042;11-Apr-21;72;30719
DK042;12-Apr-21;85;30804
DK042;13-Apr-21;114;30918
DK042;14-Apr-21;90;31008
DK042;15-Apr-21;137;31145
DK042;16-Apr-21;110;31255
DK042;17-Apr-21;103;31358
DK042;18-Apr-21;105;31463
DK042;19-Apr-21;126;31589
DK042;20-Apr-21;147;31736
DK042;21-Apr-21;94;31830
DK042;22-Apr-21;63;31893
DK042;23-Apr-21;79;31972
DK042;24-Apr-21;85;32057
DK042;25-Apr-21;79;32136
DK042;26-Apr-21;77;32213
DK042;27-Apr-21;99;32312
DK042;28-Apr-21;106;32418
DK042;29-Apr-21;97;32515
DK042;30-Apr-21;75;32590
DK042;01-May-21;99;32689
DK042;02-May-21;88;32777
DK042;03-May-21;124;32901
DK042;04-May-21;122;33023
DK042;05-May-21;114;33137
DK042;06-May-21;100;33237
DK042;07-May-21;109;33346
DK042;08-May-21;91;33437
DK042;09-May-21;84;33521
DK042;10-May-21;163;33684
DK042;11-May-21;180;33864
DK042;12-May-21;129;33993
DK042;13-May-21;91;34084
DK042;14-May-21;102;34186
DK042;15-May-21;135;34321
DK042;16-May-21;99;34420
DK042;17-May-21;137;34557
DK042;18-May-21;125;34682
DK042;19-May-21;129;34811
DK042;20-May-21;105;34916
DK042;21-May-21;92;35008
DK042;22-May-21;117;35125
DK042;23-May-21;120;35245
DK042;24-May-21;135;35380
DK042;25-May-21;163;35543
DK042;26-May-21;118;35661
DK042;27-May-21;135;35796
DK042;28-May-21;145;35941
DK042;29-May-21;117;36058
DK042;30-May-21;137;36195
DK042;31-May-21;155;36350
DK042;01-Jun-21;160;36510
DK042;02-Jun-21;155;36665
DK042;03-Jun-21;111;36776
DK042;04-Jun-21;138;36914
DK042;05-Jun-21;119;37033
DK042;06-Jun-21;94;37127
DK042;07-Jun-21;106;37233
DK042;08-Jun-21;88;37321
DK042;09-Jun-21;93;37414
DK042;10-Jun-21;68;37482
DK042;11-Jun-21;65;37547
DK042;12-Jun-21;35;37582
DK042;13-Jun-21;41;37623
DK042;14-Jun-21;53;37676
DK042;15-Jun-21;51;37727
DK042;16-Jun-21;47;37774
DK042;17-Jun-21;33;37807
DK042;18-Jun-21;37;37844
DK042;19-Jun-21;17;37861
DK042;20-Jun-21;36;37897
DK042;21-Jun-21;27;37924
DK042;22-Jun-21;20;37944
DK042;23-Jun-21;28;37972
DK042;24-Jun-21;34;38006
DK042;25-Jun-21;31;38037
DK042;26-Jun-21;14;38051
DK042;27-Jun-21;14;38065
DK042;28-Jun-21;32;38097
DK042;29-Jun-21;35;38132
DK042;30-Jun-21;49;38181
DK042;01-Jul-21;38;38219
DK042;02-Jul-21;50;38269
DK042;03-Jul-21;42;38311
DK042;04-Jul-21;53;38364
DK042;05-Jul-21;120;38484
DK042;06-Jul-21;95;38579
DK042;07-Jul-21;127;38706
DK042;08-Jul-21;102;38808
DK042;09-Jul-21;119;38927
DK042;10-Jul-21;105;39032
DK042;11-Jul-21;188;39220
DK042;12-Jul-21;229;39449
DK042;13-Jul-21;244;39693
DK042;14-Jul-21;260;39953
DK042;15-Jul-21;198;40151
DK042;16-Jul-21;165;40316
DK042;17-Jul-21;150;40466
DK042;18-Jul-21;133;40599
DK042;19-Jul-21;194;40793
DK042;20-Jul-21;177;40970
DK042;21-Jul-21;166;41136
DK042;22-Jul-21;146;41282
DK042;23-Jul-21;158;41440
DK042;24-Jul-21;149;41589
DK042;25-Jul-21;161;41750
DK042;26-Jul-21;226;41976
DK042;27-Jul-21;208;42184
DK042;28-Jul-21;173;42357
DK042;29-Jul-21;184;42541
DK042;30-Jul-21;175;42716
DK042;31-Jul-21;133;42849
DK042;01-Aug-21;152;43001
DK042;02-Aug-21;172;43173
DK042;03-Aug-21;177;43350
DK042;04-Aug-21;155;43505
DK042;05-Aug-21;134;43639
DK042;06-Aug-21;136;43775
DK042;07-Aug-21;137;43912
DK042;08-Aug-21;171;44083
DK042;09-Aug-21;144;44227
DK042;10-Aug-21;188;44415
DK042;11-Aug-21;175;44590
DK042;12-Aug-21;189;44779
DK042;13-Aug-21;138;44917
DK042;14-Aug-21;141;45058
DK042;15-Aug-21;184;45242
DK042;16-Aug-21;193;45435
DK042;17-Aug-21;174;45609
DK042;18-Aug-21;135;45744
DK042;19-Aug-21;177;45921
DK042;20-Aug-21;146;46067
DK042;21-Aug-21;89;46156
DK042;22-Aug-21;136;46292
DK042;23-Aug-21;164;46456
DK042;24-Aug-21;118;46574
DK042;25-Aug-21;99;46673
DK042;26-Aug-21;146;46819
DK042;27-Aug-21;107;46926
DK042;28-Aug-21;95;47021
DK042;29-Aug-21;101;47122
DK042;30-Aug-21;112;47234
DK042;31-Aug-21;119;47353
DK042;01-Sep-21;85;47438
DK042;02-Sep-21;61;47499
DK042;03-Sep-21;71;47570
DK042;04-Sep-21;62;47632
DK042;05-Sep-21;46;47678
DK042;06-Sep-21;45;47723
DK042;07-Sep-21;83;47806
DK042;08-Sep-21;57;47863
DK042;09-Sep-21;62;47925
DK042;10-Sep-21;55;47980
DK042;11-Sep-21;44;48024
DK042;12-Sep-21;30;48054
DK042;13-Sep-21;53;48107
DK042;14-Sep-21;36;48143
DK042;15-Sep-21;43;48186
DK042;16-Sep-21;39;48225
DK042;17-Sep-21;35;48260
DK042;18-Sep-21;37;48297
DK042;19-Sep-21;48;48345
DK042;20-Sep-21;39;48384
DK042;21-Sep-21;35;48419
DK042;22-Sep-21;48;48467
DK042;23-Sep-21;48;48515
DK042;24-Sep-21;30;48545
DK042;25-Sep-21;17;48562
DK042;26-Sep-21;20;48582
DK042;27-Sep-21;35;48617
DK042;28-Sep-21;45;48662
DK042;29-Sep-21;38;48700
DK042;30-Sep-21;36;48736
DK042;01-Oct-21;30;48766
DK042;02-Oct-21;34;48800
DK042;03-Oct-21;50;48850
DK042;04-Oct-21;43;48893
DK042;05-Oct-21;50;48943
DK042;06-Oct-21;59;49002
DK042;07-Oct-21;54;49056
DK042;08-Oct-21;63;49119
DK042;09-Oct-21;48;49167
DK042;10-Oct-21;43;49210
DK042;11-Oct-21;58;49268
DK042;12-Oct-21;57;49325
DK042;13-Oct-21;58;49383
DK042;14-Oct-21;39;49422
DK042;15-Oct-21;54;49476
DK042;16-Oct-21;45;49521
DK042;17-Oct-21;42;49563
DK042;18-Oct-21;57;49620
DK042;19-Oct-21;64;49684
DK042;20-Oct-21;88;49772
DK042;21-Oct-21;101;49873
DK042;22-Oct-21;94;49967
DK042;23-Oct-21;102;50069
DK042;24-Oct-21;103;50172
DK042;25-Oct-21;114;50286
DK042;26-Oct-21;108;50394
DK042;27-Oct-21;157;50551
DK042;28-Oct-21;124;50675
DK042;29-Oct-21;124;50799
DK042;30-Oct-21;112;50911
DK042;31-Oct-21;153;51064
DK042;01-Nov-21;179;51243
DK042;02-Nov-21;199;51442
DK042;03-Nov-21;228;51670
DK042;04-Nov-21;215;51885
DK042;05-Nov-21;235;52120
DK042;06-Nov-21;207;52327
DK042;07-Nov-21;298;52625
DK042;08-Nov-21;374;52999
DK042;09-Nov-21;408;53407
DK042;10-Nov-21;418;53825
DK042;11-Nov-21;307;54132
DK042;12-Nov-21;311;54443
DK042;13-Nov-21;335;54778
DK042;14-Nov-21;326;55104
DK042;15-Nov-21;445;55549
DK042;16-Nov-21;394;55943
DK042;17-Nov-21;383;56326
DK042;18-Nov-21;413;56739
DK042;19-Nov-21;334;57073
DK042;20-Nov-21;425;57498
DK042;21-Nov-21;435;57933
DK042;22-Nov-21;404;58337
DK042;23-Nov-21;451;58788
DK042;24-Nov-21;428;59216
DK042;25-Nov-21;408;59624
DK042;26-Nov-21;433;60057
DK042;27-Nov-21;494;60551
DK042;28-Nov-21;485;61036
DK042;29-Nov-21;508;61544
DK042;30-Nov-21;542;62086
DK042;01-Dec-21;534;62620
DK042;02-Dec-21;481;63101
DK042;03-Dec-21;577;63678
DK042;04-Dec-21;574;64252
DK042;05-Dec-21;562;64814
DK042;06-Dec-21;762;65576
DK042;07-Dec-21;748;66324
DK042;08-Dec-21;741;67065
DK042;09-Dec-21;743;67808
DK042;10-Dec-21;735;68543
DK042;11-Dec-21;736;69279
DK042;12-Dec-21;853;70132
DK042;13-Dec-21;1011;71143
DK042;14-Dec-21;1024;72167
DK042;15-Dec-21;1047;73214
DK042;16-Dec-21;1038;74252
DK042;17-Dec-21;1083;75335
DK042;18-Dec-21;1182;76517
DK042;19-Dec-21;1262;77779
DK042;20-Dec-21;1330;79109
DK042;21-Dec-21;1238;80347
DK042;22-Dec-21;1290;81637
DK042;23-Dec-21;1351;82988
DK042;24-Dec-21;1049;84037
DK042;25-Dec-21;1043;85080
DK042;26-Dec-21;1533;86613
DK042;27-Dec-21;2607;89220
DK042;28-Dec-21;2563;91783
DK042;29-Dec-21;2092;93875
DK042;30-Dec-21;2349;96224
DK042;31-Dec-21;1485;97709
DK042;01-Jan-22;1335;99044
DK042;02-Jan-22;2559;101603
DK042;03-Jan-22;3563;105166
DK042;04-Jan-22;3305;108471
DK042;05-Jan-22;2700;111171
DK042;06-Jan-22;2176;113347
DK042;07-Jan-22;2242;115589
DK042;08-Jan-22;2135;117724
DK042;09-Jan-22;2700;120424
DK042;10-Jan-22;3345;123769
DK042;11-Jan-22;3220;126989
DK042;12-Jan-22;3707;130696
DK042;13-Jan-22;3731;134427
DK042;14-Jan-22;4020;138447
DK042;15-Jan-22;4395;142842
DK042;16-Jan-22;4888;147730
DK042;17-Jan-22;5976;153706
DK042;18-Jan-22;5889;159595
DK042;19-Jan-22;6126;165721
DK042;20-Jan-22;5550;171271
DK042;21-Jan-22;6032;177303
DK042;22-Jan-22;5970;183273
DK042;23-Jan-22;6280;189553
DK042;24-Jan-22;8221;197774
DK042;25-Jan-22;7511;205285
DK042;26-Jan-22;7209;212494
DK042;27-Jan-22;6390;218884
DK042;28-Jan-22;6351;225235
DK042;29-Jan-22;3928;229163
DK042;30-Jan-22;5529;234692
DK042;31-Jan-22;9300;243992
DK042;01-Feb-22;7793;251785
DK042;02-Feb-22;7220;259005
DK042;03-Feb-22;6682;265687
DK042;04-Feb-22;6249;271936
DK042;05-Feb-22;6297;278233
DK042;06-Feb-22;7544;285777
DK042;07-Feb-22;9500;295277
DK042;08-Feb-22;9363;304640
DK042;09-Feb-22;9160;313800
DK042;10-Feb-22;7460;321260
DK042;11-Feb-22;7128;328388
DK042;12-Feb-22;6017;334405
DK042;13-Feb-22;6497;340902
DK042;14-Feb-22;7309;348211
DK042;15-Feb-22;6979;355190
DK042;16-Feb-22;6362;361552
DK042;17-Feb-22;5593;367145
DK042;18-Feb-22;4406;371551
DK042;19-Feb-22;4570;376121
DK042;20-Feb-22;5805;381926
DK042;21-Feb-22;5565;387491
DK042;22-Feb-22;4389;391880
DK042;23-Feb-22;3996;395876
DK042;24-Feb-22;3258;399134
DK042;25-Feb-22;2713;401847
DK042;26-Feb-22;2481;404328
DK042;27-Feb-22;2853;407181
DK042;28-Feb-22;3508;410689
DK042;01-Mar-22;3021;413710
DK042;02-Mar-22;3089;416799
DK042;03-Mar-22;2542;419341
DK042;04-Mar-22;2207;421548
DK042;05-Mar-22;1907;423455
DK042;06-Mar-22;2315;425770
DK042;07-Mar-22;2733;428503
DK042;08-Mar-22;2496;430999
DK042;09-Mar-22;2199;433198
DK042;10-Mar-22;1829;435027
DK042;11-Mar-22;1188;436215
DK042;12-Mar-22;979;437194
DK042;13-Mar-22;1221;438415
DK042;14-Mar-22;1387;439802
DK042;15-Mar-22;0;439802
DK050;26-Feb-20;0;0
DK050;27-Feb-20;0;0
DK050;28-Feb-20;0;0
DK050;01-Mar-20;0;0
DK050;02-Mar-20;0;0
DK050;03-Mar-20;0;0
DK050;04-Mar-20;0;0
DK050;05-Mar-20;0;0
DK050;06-Mar-20;1;1
DK050;07-Mar-20;0;1
DK050;08-Mar-20;1;2
DK050;09-Mar-20;8;10
DK050;10-Mar-20;13;23
DK050;11-Mar-20;23;46
DK050;12-Mar-20;1;47
DK050;13-Mar-20;1;48
DK050;14-Mar-20;3;51
DK050;15-Mar-20;3;54
DK050;16-Mar-20;1;55
DK050;17-Mar-20;4;59
DK050;18-Mar-20;6;65
DK050;19-Mar-20;5;70
DK050;20-Mar-20;5;75
DK050;21-Mar-20;1;76
DK050;22-Mar-20;2;78
DK050;23-Mar-20;10;88
DK050;24-Mar-20;7;95
DK050;25-Mar-20;8;103
DK050;26-Mar-20;12;115
DK050;27-Mar-20;10;125
DK050;28-Mar-20;11;136
DK050;29-Mar-20;9;145
DK050;30-Mar-20;11;156
DK050;31-Mar-20;18;174
DK050;01-Apr-20;16;190
DK050;02-Apr-20;26;216
DK050;03-Apr-20;28;244
DK050;04-Apr-20;8;252
DK050;05-Apr-20;5;257
DK050;06-Apr-20;21;278
DK050;07-Apr-20;9;287
DK050;08-Apr-20;7;294
DK050;09-Apr-20;8;302
DK050;10-Apr-20;7;309
DK050;11-Apr-20;2;311
DK050;12-Apr-20;8;319
DK050;13-Apr-20;5;324
DK050;14-Apr-20;2;326
DK050;15-Apr-20;8;334
DK050;16-Apr-20;5;339
DK050;17-Apr-20;4;343
DK050;18-Apr-20;2;345
DK050;19-Apr-20;2;347
DK050;20-Apr-20;6;353
DK050;21-Apr-20;5;358
DK050;22-Apr-20;5;363
DK050;23-Apr-20;3;366
DK050;24-Apr-20;2;368
DK050;25-Apr-20;5;373
DK050;26-Apr-20;4;377
DK050;27-Apr-20;5;382
DK050;28-Apr-20;0;382
DK050;29-Apr-20;3;385
DK050;30-Apr-20;5;390
DK050;01-May-20;19;409
DK050;02-May-20;2;411
DK050;03-May-20;2;413
DK050;04-May-20;0;413
DK050;05-May-20;2;415
DK050;06-May-20;0;415
DK050;07-May-20;1;416
DK050;08-May-20;0;416
DK050;09-May-20;1;417
DK050;10-May-20;4;421
DK050;11-May-20;1;422
DK050;12-May-20;1;423
DK050;13-May-20;1;424
DK050;14-May-20;0;424
DK050;15-May-20;1;425
DK050;16-May-20;1;426
DK050;17-May-20;0;426
DK050;18-May-20;1;427
DK050;19-May-20;2;429
DK050;20-May-20;1;430
DK050;21-May-20;1;431
DK050;22-May-20;2;433
DK050;23-May-20;0;433
DK050;24-May-20;0;433
DK050;25-May-20;1;434
DK050;26-May-20;2;436
DK050;27-May-20;0;436
DK050;28-May-20;0;436
DK050;29-May-20;0;436
DK050;30-May-20;0;436
DK050;31-May-20;0;436
DK050;01-Jun-20;0;436
DK050;02-Jun-20;0;436
DK050;03-Jun-20;0;436
DK050;04-Jun-20;0;436
DK050;05-Jun-20;0;436
DK050;06-Jun-20;0;436
DK050;07-Jun-20;0;436
DK050;08-Jun-20;1;437
DK050;09-Jun-20;0;437
DK050;10-Jun-20;9;446
DK050;11-Jun-20;2;448
DK050;12-Jun-20;25;473
DK050;13-Jun-20;0;473
DK050;14-Jun-20;8;481
DK050;15-Jun-20;3;484
DK050;16-Jun-20;7;491
DK050;17-Jun-20;16;507
DK050;18-Jun-20;2;509
DK050;19-Jun-20;1;510
DK050;20-Jun-20;2;512
DK050;21-Jun-20;3;515
DK050;22-Jun-20;3;518
DK050;23-Jun-20;4;522
DK050;24-Jun-20;17;539
DK050;25-Jun-20;5;544
DK050;26-Jun-20;2;546
DK050;27-Jun-20;9;555
DK050;28-Jun-20;1;556
DK050;29-Jun-20;2;558
DK050;30-Jun-20;6;564
DK050;01-Jul-20;2;566
DK050;02-Jul-20;0;566
DK050;03-Jul-20;5;571
DK050;04-Jul-20;1;572
DK050;05-Jul-20;1;573
DK050;06-Jul-20;2;575
DK050;07-Jul-20;2;577
DK050;08-Jul-20;3;580
DK050;09-Jul-20;6;586
DK050;10-Jul-20;3;589
DK050;11-Jul-20;0;589
DK050;12-Jul-20;2;591
DK050;13-Jul-20;0;591
DK050;14-Jul-20;1;592
DK050;15-Jul-20;2;594
DK050;16-Jul-20;0;594
DK050;17-Jul-20;2;596
DK050;18-Jul-20;0;596
DK050;19-Jul-20;2;598
DK050;20-Jul-20;0;598
DK050;21-Jul-20;3;601
DK050;22-Jul-20;4;605
DK050;23-Jul-20;3;608
DK050;24-Jul-20;1;609
DK050;25-Jul-20;1;610
DK050;26-Jul-20;1;611
DK050;27-Jul-20;2;613
DK050;28-Jul-20;4;617
DK050;29-Jul-20;5;622
DK050;30-Jul-20;4;626
DK050;31-Jul-20;3;629
DK050;01-Aug-20;4;633
DK050;02-Aug-20;6;639
DK050;03-Aug-20;5;644
DK050;04-Aug-20;4;648
DK050;05-Aug-20;4;652
DK050;06-Aug-20;4;656
DK050;07-Aug-20;4;660
DK050;08-Aug-20;2;662
DK050;09-Aug-20;9;671
DK050;10-Aug-20;7;678
DK050;11-Aug-20;2;680
DK050;12-Aug-20;19;699
DK050;13-Aug-20;8;707
DK050;14-Aug-20;8;715
DK050;15-Aug-20;6;721
DK050;16-Aug-20;10;731
DK050;17-Aug-20;8;739
DK050;18-Aug-20;7;746
DK050;19-Aug-20;8;754
DK050;20-Aug-20;4;758
DK050;21-Aug-20;7;765
DK050;22-Aug-20;6;771
DK050;23-Aug-20;8;779
DK050;24-Aug-20;6;785
DK050;25-Aug-20;9;794
DK050;26-Aug-20;4;798
DK050;27-Aug-20;4;802
DK050;28-Aug-20;9;811
DK050;29-Aug-20;11;822
DK050;30-Aug-20;6;828
DK050;31-Aug-20;3;831
DK050;01-Sep-20;7;838
DK050;02-Sep-20;3;841
DK050;03-Sep-20;11;852
DK050;04-Sep-20;15;867
DK050;05-Sep-20;12;879
DK050;06-Sep-20;16;895
DK050;07-Sep-20;27;922
DK050;08-Sep-20;24;946
DK050;09-Sep-20;29;975
DK050;10-Sep-20;37;1012
DK050;11-Sep-20;43;1055
DK050;12-Sep-20;31;1086
DK050;13-Sep-20;42;1128
DK050;14-Sep-20;48;1176
DK050;15-Sep-20;60;1236
DK050;16-Sep-20;66;1302
DK050;17-Sep-20;37;1339
DK050;18-Sep-20;46;1385
DK050;19-Sep-20;31;1416
DK050;20-Sep-20;42;1458
DK050;21-Sep-20;58;1516
DK050;22-Sep-20;53;1569
DK050;23-Sep-20;49;1618
DK050;24-Sep-20;38;1656
DK050;25-Sep-20;40;1696
DK050;26-Sep-20;32;1728
DK050;27-Sep-20;22;1750
DK050;28-Sep-20;39;1789
DK050;29-Sep-20;44;1833
DK050;30-Sep-20;39;1872
DK050;01-Oct-20;41;1913
DK050;02-Oct-20;36;1949
DK050;03-Oct-20;31;1980
DK050;04-Oct-20;30;2010
DK050;05-Oct-20;60;2070
DK050;06-Oct-20;31;2101
DK050;07-Oct-20;49;2150
DK050;08-Oct-20;50;2200
DK050;09-Oct-20;43;2243
DK050;10-Oct-20;32;2275
DK050;11-Oct-20;30;2305
DK050;12-Oct-20;45;2350
DK050;13-Oct-20;55;2405
DK050;14-Oct-20;62;2467
DK050;15-Oct-20;33;2500
DK050;16-Oct-20;49;2549
DK050;17-Oct-20;42;2591
DK050;18-Oct-20;42;2633
DK050;19-Oct-20;72;2705
DK050;20-Oct-20;84;2789
DK050;21-Oct-20;92;2881
DK050;22-Oct-20;102;2983
DK050;23-Oct-20;117;3100
DK050;24-Oct-20;104;3204
DK050;25-Oct-20;108;3312
DK050;26-Oct-20;132;3444
DK050;27-Oct-20;148;3592
DK050;28-Oct-20;116;3708
DK050;29-Oct-20;120;3828
DK050;30-Oct-20;113;3941
DK050;31-Oct-20;96;4037
DK050;01-Nov-20;95;4132
DK050;02-Nov-20;116;4248
DK050;03-Nov-20;137;4385
DK050;04-Nov-20;83;4468
DK050;05-Nov-20;83;4551
DK050;06-Nov-20;60;4611
DK050;07-Nov-20;68;4679
DK050;08-Nov-20;41;4720
DK050;09-Nov-20;72;4792
DK050;10-Nov-20;61;4853
DK050;11-Nov-20;70;4923
DK050;12-Nov-20;67;4990
DK050;13-Nov-20;77;5067
DK050;14-Nov-20;65;5132
DK050;15-Nov-20;73;5205
DK050;16-Nov-20;58;5263
DK050;17-Nov-20;65;5328
DK050;18-Nov-20;53;5381
DK050;19-Nov-20;44;5425
DK050;20-Nov-20;64;5489
DK050;21-Nov-20;36;5525
DK050;22-Nov-20;38;5563
DK050;23-Nov-20;35;5598
DK050;24-Nov-20;42;5640
DK050;25-Nov-20;46;5686
DK050;26-Nov-20;45;5731
DK050;27-Nov-20;38;5769
DK050;28-Nov-20;26;5795
DK050;29-Nov-20;37;5832
DK050;30-Nov-20;39;5871
DK050;01-Dec-20;47;5918
DK050;02-Dec-20;60;5978
DK050;03-Dec-20;53;6031
DK050;04-Dec-20;65;6096
DK050;05-Dec-20;53;6149
DK050;06-Dec-20;70;6219
DK050;07-Dec-20;105;6324
DK050;08-Dec-20;139;6463
DK050;09-Dec-20;145;6608
DK050;10-Dec-20;166;6774
DK050;11-Dec-20;125;6899
DK050;12-Dec-20;160;7059
DK050;13-Dec-20;123;7182
DK050;14-Dec-20;193;7375
DK050;15-Dec-20;210;7585
DK050;16-Dec-20;226;7811
DK050;17-Dec-20;202;8013
DK050;18-Dec-20;213;8226
DK050;19-Dec-20;211;8437
DK050;20-Dec-20;169;8606
DK050;21-Dec-20;197;8803
DK050;22-Dec-20;241;9044
DK050;23-Dec-20;255;9299
DK050;24-Dec-20;134;9433
DK050;25-Dec-20;130;9563
DK050;26-Dec-20;178;9741
DK050;27-Dec-20;171;9912
DK050;28-Dec-20;261;10173
DK050;29-Dec-20;187;10360
DK050;30-Dec-20;213;10573
DK050;31-Dec-20;105;10678
DK050;01-Jan-21;93;10771
DK050;02-Jan-21;185;10956
DK050;03-Jan-21;178;11134
DK050;04-Jan-21;210;11344
DK050;05-Jan-21;154;11498
DK050;06-Jan-21;176;11674
DK050;07-Jan-21;144;11818
DK050;08-Jan-21;116;11934
DK050;09-Jan-21;101;12035
DK050;10-Jan-21;81;12116
DK050;11-Jan-21;107;12223
DK050;12-Jan-21;104;12327
DK050;13-Jan-21;119;12446
DK050;14-Jan-21;96;12542
DK050;15-Jan-21;83;12625
DK050;16-Jan-21;74;12699
DK050;17-Jan-21;65;12764
DK050;18-Jan-21;74;12838
DK050;19-Jan-21;93;12931
DK050;20-Jan-21;80;13011
DK050;21-Jan-21;75;13086
DK050;22-Jan-21;83;13169
DK050;23-Jan-21;44;13213
DK050;24-Jan-21;57;13270
DK050;25-Jan-21;51;13321
DK050;26-Jan-21;67;13388
DK050;27-Jan-21;36;13424
DK050;28-Jan-21;39;13463
DK050;29-Jan-21;31;13494
DK050;30-Jan-21;28;13522
DK050;31-Jan-21;32;13554
DK050;01-Feb-21;47;13601
DK050;02-Feb-21;45;13646
DK050;03-Feb-21;42;13688
DK050;04-Feb-21;30;13718
DK050;05-Feb-21;33;13751
DK050;06-Feb-21;30;13781
DK050;07-Feb-21;33;13814
DK050;08-Feb-21;38;13852
DK050;09-Feb-21;36;13888
DK050;10-Feb-21;44;13932
DK050;11-Feb-21;20;13952
DK050;12-Feb-21;33;13985
DK050;13-Feb-21;31;14016
DK050;14-Feb-21;34;14050
DK050;15-Feb-21;33;14083
DK050;16-Feb-21;21;14104
DK050;17-Feb-21;30;14134
DK050;18-Feb-21;74;14208
DK050;19-Feb-21;26;14234
DK050;20-Feb-21;26;14260
DK050;21-Feb-21;21;14281
DK050;22-Feb-21;39;14320
DK050;23-Feb-21;41;14361
DK050;24-Feb-21;25;14386
DK050;25-Feb-21;27;14413
DK050;26-Feb-21;20;14433
DK050;27-Feb-21;20;14453
DK050;28-Feb-21;26;14479
DK050;01-Mar-21;34;14513
DK050;02-Mar-21;19;14532
DK050;03-Mar-21;22;14554
DK050;04-Mar-21;18;14572
DK050;05-Mar-21;21;14593
DK050;06-Mar-21;17;14610
DK050;07-Mar-21;23;14633
DK050;08-Mar-21;21;14654
DK050;09-Mar-21;18;14672
DK050;10-Mar-21;24;14696
DK050;11-Mar-21;34;14730
DK050;12-Mar-21;20;14750
DK050;13-Mar-21;23;14773
DK050;14-Mar-21;23;14796
DK050;15-Mar-21;28;14824
DK050;16-Mar-21;49;14873
DK050;17-Mar-21;41;14914
DK050;18-Mar-21;29;14943
DK050;19-Mar-21;21;14964
DK050;20-Mar-21;39;15003
DK050;21-Mar-21;31;15034
DK050;22-Mar-21;45;15079
DK050;23-Mar-21;35;15114
DK050;24-Mar-21;41;15155
DK050;25-Mar-21;28;15183
DK050;26-Mar-21;24;15207
DK050;27-Mar-21;36;15243
DK050;28-Mar-21;25;15268
DK050;29-Mar-21;40;15308
DK050;30-Mar-21;41;15349
DK050;31-Mar-21;50;15399
DK050;01-Apr-21;46;15445
DK050;02-Apr-21;36;15481
DK050;03-Apr-21;39;15520
DK050;04-Apr-21;42;15562
DK050;05-Apr-21;50;15612
DK050;06-Apr-21;52;15664
DK050;07-Apr-21;68;15732
DK050;08-Apr-21;39;15771
DK050;09-Apr-21;54;15825
DK050;10-Apr-21;58;15883
DK050;11-Apr-21;41;15924
DK050;12-Apr-21;68;15992
DK050;13-Apr-21;54;16046
DK050;14-Apr-21;54;16100
DK050;15-Apr-21;49;16149
DK050;16-Apr-21;44;16193
DK050;17-Apr-21;56;16249
DK050;18-Apr-21;50;16299
DK050;19-Apr-21;89;16388
DK050;20-Apr-21;82;16470
DK050;21-Apr-21;39;16509
DK050;22-Apr-21;51;16560
DK050;23-Apr-21;79;16639
DK050;24-Apr-21;61;16700
DK050;25-Apr-21;64;16764
DK050;26-Apr-21;74;16838
DK050;27-Apr-21;75;16913
DK050;28-Apr-21;65;16978
DK050;29-Apr-21;59;17037
DK050;30-Apr-21;64;17101
DK050;01-May-21;64;17165
DK050;02-May-21;59;17224
DK050;03-May-21;73;17297
DK050;04-May-21;58;17355
DK050;05-May-21;86;17441
DK050;06-May-21;56;17497
DK050;07-May-21;61;17558
DK050;08-May-21;64;17622
DK050;09-May-21;73;17695
DK050;10-May-21;73;17768
DK050;11-May-21;116;17884
DK050;12-May-21;102;17986
DK050;13-May-21;102;18088
DK050;14-May-21;77;18165
DK050;15-May-21;97;18262
DK050;16-May-21;105;18367
DK050;17-May-21;109;18476
DK050;18-May-21;120;18596
DK050;19-May-21;126;18722
DK050;20-May-21;142;18864
DK050;21-May-21;85;18949
DK050;22-May-21;99;19048
DK050;23-May-21;113;19161
DK050;24-May-21;98;19259
DK050;25-May-21;152;19411
DK050;26-May-21;187;19598
DK050;27-May-21;107;19705
DK050;28-May-21;114;19819
DK050;29-May-21;110;19929
DK050;30-May-21;123;20052
DK050;31-May-21;152;20204
DK050;01-Jun-21;174;20378
DK050;02-Jun-21;140;20518
DK050;03-Jun-21;101;20619
DK050;04-Jun-21;83;20702
DK050;05-Jun-21;83;20785
DK050;06-Jun-21;76;20861
DK050;07-Jun-21;90;20951
DK050;08-Jun-21;60;21011
DK050;09-Jun-21;61;21072
DK050;10-Jun-21;66;21138
DK050;11-Jun-21;49;21187
DK050;12-Jun-21;36;21223
DK050;13-Jun-21;37;21260
DK050;14-Jun-21;49;21309
DK050;15-Jun-21;56;21365
DK050;16-Jun-21;23;21388
DK050;17-Jun-21;29;21417
DK050;18-Jun-21;28;21445
DK050;19-Jun-21;22;21467
DK050;20-Jun-21;17;21484
DK050;21-Jun-21;17;21501
DK050;22-Jun-21;14;21515
DK050;23-Jun-21;34;21549
DK050;24-Jun-21;21;21570
DK050;25-Jun-21;20;21590
DK050;26-Jun-21;13;21603
DK050;27-Jun-21;21;21624
DK050;28-Jun-21;37;21661
DK050;29-Jun-21;44;21705
DK050;30-Jun-21;31;21736
DK050;01-Jul-21;27;21763
DK050;02-Jul-21;26;21789
DK050;03-Jul-21;37;21826
DK050;04-Jul-21;28;21854
DK050;05-Jul-21;46;21900
DK050;06-Jul-21;34;21934
DK050;07-Jul-21;36;21970
DK050;08-Jul-21;35;22005
DK050;09-Jul-21;27;22032
DK050;10-Jul-21;33;22065
DK050;11-Jul-21;41;22106
DK050;12-Jul-21;45;22151
DK050;13-Jul-21;52;22203
DK050;14-Jul-21;45;22248
DK050;15-Jul-21;45;22293
DK050;16-Jul-21;33;22326
DK050;17-Jul-21;43;22369
DK050;18-Jul-21;39;22408
DK050;19-Jul-21;60;22468
DK050;20-Jul-21;35;22503
DK050;21-Jul-21;60;22563
DK050;22-Jul-21;49;22612
DK050;23-Jul-21;46;22658
DK050;24-Jul-21;58;22716
DK050;25-Jul-21;55;22771
DK050;26-Jul-21;108;22879
DK050;27-Jul-21;125;23004
DK050;28-Jul-21;160;23164
DK050;29-Jul-21;126;23290
DK050;30-Jul-21;89;23379
DK050;31-Jul-21;115;23494
DK050;01-Aug-21;115;23609
DK050;02-Aug-21;113;23722
DK050;03-Aug-21;86;23808
DK050;04-Aug-21;112;23920
DK050;05-Aug-21;120;24040
DK050;06-Aug-21;109;24149
DK050;07-Aug-21;89;24238
DK050;08-Aug-21;115;24353
DK050;09-Aug-21;118;24471
DK050;10-Aug-21;112;24583
DK050;11-Aug-21;102;24685
DK050;12-Aug-21;110;24795
DK050;13-Aug-21;104;24899
DK050;14-Aug-21;77;24976
DK050;15-Aug-21;67;25043
DK050;16-Aug-21;100;25143
DK050;17-Aug-21;105;25248
DK050;18-Aug-21;84;25332
DK050;19-Aug-21;95;25427
DK050;20-Aug-21;82;25509
DK050;21-Aug-21;55;25564
DK050;22-Aug-21;61;25625
DK050;23-Aug-21;69;25694
DK050;24-Aug-21;62;25756
DK050;25-Aug-21;50;25806
DK050;26-Aug-21;75;25881
DK050;27-Aug-21;42;25923
DK050;28-Aug-21;31;25954
DK050;29-Aug-21;37;25991
DK050;30-Aug-21;61;26052
DK050;31-Aug-21;51;26103
DK050;01-Sep-21;38;26141
DK050;02-Sep-21;36;26177
DK050;03-Sep-21;25;26202
DK050;04-Sep-21;16;26218
DK050;05-Sep-21;20;26238
DK050;06-Sep-21;25;26263
DK050;07-Sep-21;16;26279
DK050;08-Sep-21;28;26307
DK050;09-Sep-21;28;26335
DK050;10-Sep-21;17;26352
DK050;11-Sep-21;10;26362
DK050;12-Sep-21;19;26381
DK050;13-Sep-21;38;26419
DK050;14-Sep-21;23;26442
DK050;15-Sep-21;27;26469
DK050;16-Sep-21;23;26492
DK050;17-Sep-21;15;26507
DK050;18-Sep-21;10;26517
DK050;19-Sep-21;17;26534
DK050;20-Sep-21;30;26564
DK050;21-Sep-21;29;26593
DK050;22-Sep-21;54;26647
DK050;23-Sep-21;57;26704
DK050;24-Sep-21;42;26746
DK050;25-Sep-21;28;26774
DK050;26-Sep-21;47;26821
DK050;27-Sep-21;44;26865
DK050;28-Sep-21;40;26905
DK050;29-Sep-21;26;26931
DK050;30-Sep-21;31;26962
DK050;01-Oct-21;15;26977
DK050;02-Oct-21;21;26998
DK050;03-Oct-21;19;27017
DK050;04-Oct-21;34;27051
DK050;05-Oct-21;26;27077
DK050;06-Oct-21;35;27112
DK050;07-Oct-21;50;27162
DK050;08-Oct-21;35;27197
DK050;09-Oct-21;23;27220
DK050;10-Oct-21;20;27240
DK050;11-Oct-21;37;27277
DK050;12-Oct-21;38;27315
DK050;13-Oct-21;48;27363
DK050;14-Oct-21;54;27417
DK050;15-Oct-21;28;27445
DK050;16-Oct-21;53;27498
DK050;17-Oct-21;74;27572
DK050;18-Oct-21;71;27643
DK050;19-Oct-21;80;27723
DK050;20-Oct-21;87;27810
DK050;21-Oct-21;105;27915
DK050;22-Oct-21;85;28000
DK050;23-Oct-21;83;28083
DK050;24-Oct-21;102;28185
DK050;25-Oct-21;85;28270
DK050;26-Oct-21;102;28372
DK050;27-Oct-21;91;28463
DK050;28-Oct-21;82;28545
DK050;29-Oct-21;89;28634
DK050;30-Oct-21;87;28721
DK050;31-Oct-21;120;28841
DK050;01-Nov-21;144;28985
DK050;02-Nov-21;147;29132
DK050;03-Nov-21;170;29302
DK050;04-Nov-21;148;29450
DK050;05-Nov-21;146;29596
DK050;06-Nov-21;136;29732
DK050;07-Nov-21;211;29943
DK050;08-Nov-21;251;30194
DK050;09-Nov-21;263;30457
DK050;10-Nov-21;275;30732
DK050;11-Nov-21;221;30953
DK050;12-Nov-21;246;31199
DK050;13-Nov-21;232;31431
DK050;14-Nov-21;247;31678
DK050;15-Nov-21;359;32037
DK050;16-Nov-21;313;32350
DK050;17-Nov-21;356;32706
DK050;18-Nov-21;294;33000
DK050;19-Nov-21;284;33284
DK050;20-Nov-21;293;33577
DK050;21-Nov-21;250;33827
DK050;22-Nov-21;309;34136
DK050;23-Nov-21;314;34450
DK050;24-Nov-21;288;34738
DK050;25-Nov-21;263;35001
DK050;26-Nov-21;273;35274
DK050;27-Nov-21;286;35560
DK050;28-Nov-21;285;35845
DK050;29-Nov-21;355;36200
DK050;30-Nov-21;339;36539
DK050;01-Dec-21;301;36840
DK050;02-Dec-21;176;37016
DK050;03-Dec-21;377;37393
DK050;04-Dec-21;438;37831
DK050;05-Dec-21;385;38216
DK050;06-Dec-21;463;38679
DK050;07-Dec-21;473;39152
DK050;08-Dec-21;510;39662
DK050;09-Dec-21;414;40076
DK050;10-Dec-21;436;40512
DK050;11-Dec-21;509;41021
DK050;12-Dec-21;512;41533
DK050;13-Dec-21;648;42181
DK050;14-Dec-21;670;42851
DK050;15-Dec-21;674;43525
DK050;16-Dec-21;613;44138
DK050;17-Dec-21;598;44736
DK050;18-Dec-21;691;45427
DK050;19-Dec-21;647;46074
DK050;20-Dec-21;826;46900
DK050;21-Dec-21;851;47751
DK050;22-Dec-21;727;48478
DK050;23-Dec-21;884;49362
DK050;24-Dec-21;522;49884
DK050;25-Dec-21;557;50441
DK050;26-Dec-21;752;51193
DK050;27-Dec-21;1952;53145
DK050;28-Dec-21;1806;54951
DK050;29-Dec-21;1592;56543
DK050;30-Dec-21;1797;58340
DK050;31-Dec-21;904;59244
DK050;01-Jan-22;634;59878
DK050;02-Jan-22;2304;62182
DK050;03-Jan-22;2152;64334
DK050;04-Jan-22;2069;66403
DK050;05-Jan-22;1688;68091
DK050;06-Jan-22;1340;69431
DK050;07-Jan-22;1265;70696
DK050;08-Jan-22;1226;71922
DK050;09-Jan-22;1503;73425
DK050;10-Jan-22;1894;75319
DK050;11-Jan-22;1948;77267
DK050;12-Jan-22;2079;79346
DK050;13-Jan-22;1890;81236
DK050;14-Jan-22;2006;83242
DK050;15-Jan-22;2076;85318
DK050;16-Jan-22;2482;87800
DK050;17-Jan-22;3450;91250
DK050;18-Jan-22;3181;94431
DK050;19-Jan-22;3161;97592
DK050;20-Jan-22;3171;100763
DK050;21-Jan-22;2930;103693
DK050;22-Jan-22;3257;106950
DK050;23-Jan-22;3455;110405
DK050;24-Jan-22;5028;115433
DK050;25-Jan-22;4773;120206
DK050;26-Jan-22;4346;124552
DK050;27-Jan-22;3737;128289
DK050;28-Jan-22;3632;131921
DK050;29-Jan-22;3510;135431
DK050;30-Jan-22;4738;140169
DK050;31-Jan-22;5032;145201
DK050;01-Feb-22;4586;149787
DK050;02-Feb-22;4590;154377
DK050;03-Feb-22;4102;158479
DK050;04-Feb-22;4133;162612
DK050;05-Feb-22;4482;167094
DK050;06-Feb-22;5463;172557
DK050;07-Feb-22;6316;178873
DK050;08-Feb-22;6465;185338
DK050;09-Feb-22;6479;191817
DK050;10-Feb-22;5792;197609
DK050;11-Feb-22;5408;203017
DK050;12-Feb-22;4977;207994
DK050;13-Feb-22;5379;213373
DK050;14-Feb-22;6230;219603
DK050;15-Feb-22;5604;225207
DK050;16-Feb-22;5148;230355
DK050;17-Feb-22;4498;234853
DK050;18-Feb-22;3745;238598
DK050;19-Feb-22;3371;241969
DK050;20-Feb-22;3666;245635
DK050;21-Feb-22;3989;249624
DK050;22-Feb-22;3713;253337
DK050;23-Feb-22;3288;256625
DK050;24-Feb-22;2837;259462
DK050;25-Feb-22;2331;261793
DK050;26-Feb-22;2066;263859
DK050;27-Feb-22;2596;266455
DK050;28-Feb-22;2604;269059
DK050;01-Mar-22;2331;271390
DK050;02-Mar-22;2191;273581
DK050;03-Mar-22;1736;275317
DK050;04-Mar-22;1541;276858
DK050;05-Mar-22;1410;278268
DK050;06-Mar-22;1718;279986
DK050;07-Mar-22;1799;281785
DK050;08-Mar-22;1724;283509
DK050;09-Mar-22;1707;285216
DK050;10-Mar-22;1257;286473
DK050;11-Mar-22;879;287352
DK050;12-Mar-22;770;288122
DK050;13-Mar-22;933;289055
DK050;14-Mar-22;942;289997
DK050;15-Mar-22;1;289998
