nuts3_id;date;cases_daily;cases
DK011;26-Feb-20;0;0
DK011;27-Feb-20;1;1
DK011;28-Feb-20;0;1
DK011;01-Mar-20;1;2
DK011;02-Mar-20;2;4
DK011;03-Mar-20;4;8
DK011;04-Mar-20;1;9
DK011;05-Mar-20;5;14
DK011;06-Mar-20;0;14
DK011;07-Mar-20;2;16
DK011;08-Mar-20;5;21
DK011;09-Mar-20;29;50
DK011;10-Mar-20;63;113
DK011;11-Mar-20;43;156
DK011;12-Mar-20;9;165
DK011;13-Mar-20;11;176
DK011;14-Mar-20;6;182
DK011;15-Mar-20;11;193
DK011;16-Mar-20;27;220
DK011;17-Mar-20;24;244
DK011;18-Mar-20;24;268
DK011;19-Mar-20;27;295
DK011;20-Mar-20;26;321
DK011;21-Mar-20;8;329
DK011;22-Mar-20;17;346
DK011;23-Mar-20;33;379
DK011;24-Mar-20;36;415
DK011;25-Mar-20;35;450
DK011;26-Mar-20;38;488
DK011;27-Mar-20;60;548
DK011;28-Mar-20;62;610
DK011;29-Mar-20;46;656
DK011;30-Mar-20;68;724
DK011;31-Mar-20;59;783
DK011;01-Apr-20;53;836
DK011;02-Apr-20;83;919
DK011;03-Apr-20;114;1033
DK011;04-Apr-20;114;1147
DK011;05-Apr-20;48;1195
DK011;06-Apr-20;121;1316
DK011;07-Apr-20;81;1397
DK011;08-Apr-20;78;1475
DK011;09-Apr-20;33;1508
DK011;10-Apr-20;39;1547
DK011;11-Apr-20;30;1577
DK011;12-Apr-20;31;1608
DK011;13-Apr-20;38;1646
DK011;14-Apr-20;48;1694
DK011;15-Apr-20;47;1741
DK011;16-Apr-20;40;1781
DK011;17-Apr-20;32;1813
DK011;18-Apr-20;30;1843
DK011;19-Apr-20;30;1873
DK011;20-Apr-20;55;1928
DK011;21-Apr-20;50;1978
DK011;22-Apr-20;51;2029
DK011;23-Apr-20;44;2073
DK011;24-Apr-20;49;2122
DK011;25-Apr-20;35;2157
DK011;26-Apr-20;37;2194
DK011;27-Apr-20;53;2247
DK011;28-Apr-20;38;2285
DK011;29-Apr-20;32;2317
DK011;30-Apr-20;41;2358
DK011;01-May-20;32;2390
DK011;02-May-20;27;2417
DK011;03-May-20;30;2447
DK011;04-May-20;32;2479
DK011;05-May-20;35;2514
DK011;06-May-20;38;2552
DK011;07-May-20;24;2576
DK011;08-May-20;18;2594
DK011;09-May-20;16;2610
DK011;10-May-20;14;2624
DK011;11-May-20;15;2639
DK011;12-May-20;15;2654
DK011;13-May-20;13;2667
DK011;14-May-20;12;2679
DK011;15-May-20;21;2700
DK011;16-May-20;8;2708
DK011;17-May-20;13;2721
DK011;18-May-20;27;2748
DK011;19-May-20;19;2767
DK011;20-May-20;14;2781
DK011;21-May-20;10;2791
DK011;22-May-20;14;2805
DK011;23-May-20;7;2812
DK011;24-May-20;7;2819
DK011;25-May-20;5;2824
DK011;26-May-20;21;2845
DK011;27-May-20;8;2853
DK011;28-May-20;7;2860
DK011;29-May-20;6;2866
DK011;30-May-20;8;2874
DK011;31-May-20;8;2882
DK011;01-Jun-20;8;2890
DK011;02-Jun-20;6;2896
DK011;03-Jun-20;10;2906
DK011;04-Jun-20;8;2914
DK011;05-Jun-20;8;2922
DK011;06-Jun-20;2;2924
DK011;07-Jun-20;5;2929
DK011;08-Jun-20;9;2938
DK011;09-Jun-20;10;2948
DK011;10-Jun-20;11;2959
DK011;11-Jun-20;12;2971
DK011;12-Jun-20;7;2978
DK011;13-Jun-20;4;2982
DK011;14-Jun-20;4;2986
DK011;15-Jun-20;11;2997
DK011;16-Jun-20;7;3004
DK011;17-Jun-20;15;3019
DK011;18-Jun-20;11;3030
DK011;19-Jun-20;7;3037
DK011;20-Jun-20;9;3046
DK011;21-Jun-20;16;3062
DK011;22-Jun-20;16;3078
DK011;23-Jun-20;3;3081
DK011;24-Jun-20;6;3087
DK011;25-Jun-20;9;3096
DK011;26-Jun-20;3;3099
DK011;27-Jun-20;3;3102
DK011;28-Jun-20;3;3105
DK011;29-Jun-20;10;3115
DK011;30-Jun-20;5;3120
DK011;01-Jul-20;3;3123
DK011;02-Jul-20;10;3133
DK011;03-Jul-20;4;3137
DK011;04-Jul-20;5;3142
DK011;05-Jul-20;6;3148
DK011;06-Jul-20;4;3152
DK011;07-Jul-20;5;3157
DK011;08-Jul-20;15;3172
DK011;09-Jul-20;9;3181
DK011;10-Jul-20;16;3197
DK011;11-Jul-20;17;3214
DK011;12-Jul-20;5;3219
DK011;13-Jul-20;8;3227
DK011;14-Jul-20;14;3241
DK011;15-Jul-20;13;3254
DK011;16-Jul-20;9;3263
DK011;17-Jul-20;9;3272
DK011;18-Jul-20;12;3284
DK011;19-Jul-20;12;3296
DK011;20-Jul-20;9;3305
DK011;21-Jul-20;16;3321
DK011;22-Jul-20;10;3331
DK011;23-Jul-20;16;3347
DK011;24-Jul-20;11;3358
DK011;25-Jul-20;2;3360
DK011;26-Jul-20;4;3364
DK011;27-Jul-20;9;3373
DK011;28-Jul-20;16;3389
DK011;29-Jul-20;13;3402
DK011;30-Jul-20;15;3417
DK011;31-Jul-20;8;3425
DK011;01-Aug-20;5;3430
DK011;02-Aug-20;11;3441
DK011;03-Aug-20;12;3453
DK011;04-Aug-20;8;3461
DK011;05-Aug-20;18;3479
DK011;06-Aug-20;13;3492
DK011;07-Aug-20;9;3501
DK011;08-Aug-20;12;3513
DK011;09-Aug-20;15;3528
DK011;10-Aug-20;19;3547
DK011;11-Aug-20;19;3566
DK011;12-Aug-20;23;3589
DK011;13-Aug-20;21;3610
DK011;14-Aug-20;22;3632
DK011;15-Aug-20;14;3646
DK011;16-Aug-20;18;3664
DK011;17-Aug-20;14;3678
DK011;18-Aug-20;21;3699
DK011;19-Aug-20;18;3717
DK011;20-Aug-20;14;3731
DK011;21-Aug-20;13;3744
DK011;22-Aug-20;23;3767
DK011;23-Aug-20;12;3779
DK011;24-Aug-20;14;3793
DK011;25-Aug-20;19;3812
DK011;26-Aug-20;18;3830
DK011;27-Aug-20;17;3847
DK011;28-Aug-20;28;3875
DK011;29-Aug-20;26;3901
DK011;30-Aug-20;28;3929
DK011;31-Aug-20;34;3963
DK011;01-Sep-20;41;4004
DK011;02-Sep-20;42;4046
DK011;03-Sep-20;62;4108
DK011;04-Sep-20;60;4168
DK011;05-Sep-20;51;4219
DK011;06-Sep-20;79;4298
DK011;07-Sep-20;93;4391
DK011;08-Sep-20;80;4471
DK011;09-Sep-20;82;4553
DK011;10-Sep-20;100;4653
DK011;11-Sep-20;96;4749
DK011;12-Sep-20;78;4827
DK011;13-Sep-20;81;4908
DK011;14-Sep-20;110;5018
DK011;15-Sep-20;132;5150
DK011;16-Sep-20;172;5322
DK011;17-Sep-20;156;5478
DK011;18-Sep-20;129;5607
DK011;19-Sep-20;118;5725
DK011;20-Sep-20;116;5841
DK011;21-Sep-20;141;5982
DK011;22-Sep-20;172;6154
DK011;23-Sep-20;161;6315
DK011;24-Sep-20;126;6441
DK011;25-Sep-20;91;6532
DK011;26-Sep-20;86;6618
DK011;27-Sep-20;67;6685
DK011;28-Sep-20;92;6777
DK011;29-Sep-20;82;6859
DK011;30-Sep-20;80;6939
DK011;01-Oct-20;69;7008
DK011;02-Oct-20;57;7065
DK011;03-Oct-20;70;7135
DK011;04-Oct-20;63;7198
DK011;05-Oct-20;76;7274
DK011;06-Oct-20;115;7389
DK011;07-Oct-20;69;7458
DK011;08-Oct-20;72;7530
DK011;09-Oct-20;70;7600
DK011;10-Oct-20;51;7651
DK011;11-Oct-20;51;7702
DK011;12-Oct-20;67;7769
DK011;13-Oct-20;72;7841
DK011;14-Oct-20;95;7936
DK011;15-Oct-20;97;8033
DK011;16-Oct-20;91;8124
DK011;17-Oct-20;117;8241
DK011;18-Oct-20;112;8353
DK011;19-Oct-20;137;8490
DK011;20-Oct-20;124;8614
DK011;21-Oct-20;151;8765
DK011;22-Oct-20;203;8968
DK011;23-Oct-20;173;9141
DK011;24-Oct-20;157;9298
DK011;25-Oct-20;193;9491
DK011;26-Oct-20;185;9676
DK011;27-Oct-20;248;9924
DK011;28-Oct-20;245;10169
DK011;29-Oct-20;218;10387
DK011;30-Oct-20;207;10594
DK011;31-Oct-20;257;10851
DK011;01-Nov-20;191;11042
DK011;02-Nov-20;299;11341
DK011;03-Nov-20;274;11615
DK011;04-Nov-20;272;11887
DK011;05-Nov-20;213;12100
DK011;06-Nov-20;203;12303
DK011;07-Nov-20;179;12482
DK011;08-Nov-20;172;12654
DK011;09-Nov-20;227;12881
DK011;10-Nov-20;232;13113
DK011;11-Nov-20;205;13318
DK011;12-Nov-20;226;13544
DK011;13-Nov-20;222;13766
DK011;14-Nov-20;240;14006
DK011;15-Nov-20;194;14200
DK011;16-Nov-20;270;14470
DK011;17-Nov-20;297;14767
DK011;18-Nov-20;296;15063
DK011;19-Nov-20;306;15369
DK011;20-Nov-20;284;15653
DK011;21-Nov-20;263;15916
DK011;22-Nov-20;259;16175
DK011;23-Nov-20;283;16458
DK011;24-Nov-20;323;16781
DK011;25-Nov-20;351;17132
DK011;26-Nov-20;321;17453
DK011;27-Nov-20;355;17808
DK011;28-Nov-20;348;18156
DK011;29-Nov-20;325;18481
DK011;30-Nov-20;338;18819
DK011;01-Dec-20;494;19313
DK011;02-Dec-20;500;19813
DK011;03-Dec-20;513;20326
DK011;04-Dec-20;533;20859
DK011;05-Dec-20;527;21386
DK011;06-Dec-20;584;21970
DK011;07-Dec-20;841;22811
DK011;08-Dec-20;945;23756
DK011;09-Dec-20;953;24709
DK011;10-Dec-20;1020;25729
DK011;11-Dec-20;901;26630
DK011;12-Dec-20;920;27550
DK011;13-Dec-20;973;28523
DK011;14-Dec-20;1056;29579
DK011;15-Dec-20;1083;30662
DK011;16-Dec-20;1115;31777
DK011;17-Dec-20;861;32638
DK011;18-Dec-20;747;33385
DK011;19-Dec-20;585;33970
DK011;20-Dec-20;526;34496
DK011;21-Dec-20;646;35142
DK011;22-Dec-20;575;35717
DK011;23-Dec-20;668;36385
DK011;24-Dec-20;273;36658
DK011;25-Dec-20;340;36998
DK011;26-Dec-20;530;37528
DK011;27-Dec-20;425;37953
DK011;28-Dec-20;562;38515
DK011;29-Dec-20;376;38891
DK011;30-Dec-20;467;39358
DK011;31-Dec-20;219;39577
DK011;01-Jan-21;232;39809
DK011;02-Jan-21;336;40145
DK011;03-Jan-21;336;40481
DK011;04-Jan-21;435;40916
DK011;05-Jan-21;331;41247
DK011;06-Jan-21;293;41540
DK011;07-Jan-21;257;41797
DK011;08-Jan-21;253;42050
DK011;09-Jan-21;182;42232
DK011;10-Jan-21;158;42390
DK011;11-Jan-21;230;42620
DK011;12-Jan-21;272;42892
DK011;13-Jan-21;225;43117
DK011;14-Jan-21;185;43302
DK011;15-Jan-21;175;43477
DK011;16-Jan-21;140;43617
DK011;17-Jan-21;130;43747
DK011;18-Jan-21;171;43918
DK011;19-Jan-21;151;44069
DK011;20-Jan-21;144;44213
DK011;21-Jan-21;159;44372
DK011;22-Jan-21;128;44500
DK011;23-Jan-21;125;44625
DK011;24-Jan-21;102;44727
DK011;25-Jan-21;141;44868
DK011;26-Jan-21;117;44985
DK011;27-Jan-21;108;45093
DK011;28-Jan-21;88;45181
DK011;29-Jan-21;84;45265
DK011;30-Jan-21;81;45346
DK011;31-Jan-21;70;45416
DK011;01-Feb-21;80;45496
DK011;02-Feb-21;106;45602
DK011;03-Feb-21;61;45663
DK011;04-Feb-21;89;45752
DK011;05-Feb-21;66;45818
DK011;06-Feb-21;74;45892
DK011;07-Feb-21;55;45947
DK011;08-Feb-21;71;46018
DK011;09-Feb-21;77;46095
DK011;10-Feb-21;70;46165
DK011;11-Feb-21;67;46232
DK011;12-Feb-21;55;46287
DK011;13-Feb-21;61;46348
DK011;14-Feb-21;58;46406
DK011;15-Feb-21;81;46487
DK011;16-Feb-21;78;46565
DK011;17-Feb-21;87;46652
DK011;18-Feb-21;54;46706
DK011;19-Feb-21;86;46792
DK011;20-Feb-21;74;46866
DK011;21-Feb-21;59;46925
DK011;22-Feb-21;74;46999
DK011;23-Feb-21;108;47107
DK011;24-Feb-21;98;47205
DK011;25-Feb-21;89;47294
DK011;26-Feb-21;101;47395
DK011;27-Feb-21;73;47468
DK011;28-Feb-21;107;47575
DK011;01-Mar-21;133;47708
DK011;02-Mar-21;108;47816
DK011;03-Mar-21;87;47903
DK011;04-Mar-21;103;48006
DK011;05-Mar-21;93;48099
DK011;06-Mar-21;92;48191
DK011;07-Mar-21;74;48265
DK011;08-Mar-21;91;48356
DK011;09-Mar-21;102;48458
DK011;10-Mar-21;68;48526
DK011;11-Mar-21;96;48622
DK011;12-Mar-21;89;48711
DK011;13-Mar-21;66;48777
DK011;14-Mar-21;80;48857
DK011;15-Mar-21;105;48962
DK011;16-Mar-21;126;49088
DK011;17-Mar-21;97;49185
DK011;18-Mar-21;112;49297
DK011;19-Mar-21;121;49418
DK011;20-Mar-21;114;49532
DK011;21-Mar-21;126;49658
DK011;22-Mar-21;134;49792
DK011;23-Mar-21;169;49961
DK011;24-Mar-21;173;50134
DK011;25-Mar-21;137;50271
DK011;26-Mar-21;160;50431
DK011;27-Mar-21;137;50568
DK011;28-Mar-21;130;50698
DK011;29-Mar-21;168;50866
DK011;30-Mar-21;172;51038
DK011;31-Mar-21;166;51204
DK011;01-Apr-21;149;51353
DK011;02-Apr-21;113;51466
DK011;03-Apr-21;112;51578
DK011;04-Apr-21;115;51693
DK011;05-Apr-21;101;51794
DK011;06-Apr-21;161;51955
DK011;07-Apr-21;160;52115
DK011;08-Apr-21;151;52266
DK011;09-Apr-21;177;52443
DK011;10-Apr-21;100;52543
DK011;11-Apr-21;116;52659
DK011;12-Apr-21;144;52803
DK011;13-Apr-21;148;52951
DK011;14-Apr-21;149;53100
DK011;15-Apr-21;162;53262
DK011;16-Apr-21;143;53405
DK011;17-Apr-21;107;53512
DK011;18-Apr-21;133;53645
DK011;19-Apr-21;167;53812
DK011;20-Apr-21;166;53978
DK011;21-Apr-21;128;54106
DK011;22-Apr-21;131;54237
DK011;23-Apr-21;112;54349
DK011;24-Apr-21;109;54458
DK011;25-Apr-21;139;54597
DK011;26-Apr-21;170;54767
DK011;27-Apr-21;212;54979
DK011;28-Apr-21;223;55202
DK011;29-Apr-21;202;55404
DK011;30-Apr-21;195;55599
DK011;01-May-21;154;55753
DK011;02-May-21;170;55923
DK011;03-May-21;258;56181
DK011;04-May-21;232;56413
DK011;05-May-21;246;56659
DK011;06-May-21;245;56904
DK011;07-May-21;221;57125
DK011;08-May-21;240;57365
DK011;09-May-21;181;57546
DK011;10-May-21;230;57776
DK011;11-May-21;316;58092
DK011;12-May-21;296;58388
DK011;13-May-21;245;58633
DK011;14-May-21;213;58846
DK011;15-May-21;205;59051
DK011;16-May-21;221;59272
DK011;17-May-21;272;59544
DK011;18-May-21;281;59825
DK011;19-May-21;292;60117
DK011;20-May-21;244;60361
DK011;21-May-21;187;60548
DK011;22-May-21;177;60725
DK011;23-May-21;148;60873
DK011;24-May-21;175;61048
DK011;25-May-21;244;61292
DK011;26-May-21;314;61606
DK011;27-May-21;240;61846
DK011;28-May-21;184;62030
DK011;29-May-21;179;62209
DK011;30-May-21;173;62382
DK011;31-May-21;228;62610
DK011;01-Jun-21;254;62864
DK011;02-Jun-21;223;63087
DK011;03-Jun-21;185;63272
DK011;04-Jun-21;167;63439
DK011;05-Jun-21;132;63571
DK011;06-Jun-21;124;63695
DK011;07-Jun-21;148;63843
DK011;08-Jun-21;127;63970
DK011;09-Jun-21;100;64070
DK011;10-Jun-21;99;64169
DK011;11-Jun-21;76;64245
DK011;12-Jun-21;46;64291
DK011;13-Jun-21;48;64339
DK011;14-Jun-21;57;64396
DK011;15-Jun-21;68;64464
DK011;16-Jun-21;70;64534
DK011;17-Jun-21;51;64585
DK011;18-Jun-21;53;64638
DK011;19-Jun-21;58;64696
DK011;20-Jun-21;40;64736
DK011;21-Jun-21;71;64807
DK011;22-Jun-21;68;64875
DK011;23-Jun-21;60;64935
DK011;24-Jun-21;80;65015
DK011;25-Jun-21;60;65075
DK011;26-Jun-21;60;65135
DK011;27-Jun-21;80;65215
DK011;28-Jun-21;119;65334
DK011;29-Jun-21;173;65507
DK011;30-Jun-21;154;65661
DK012;26-Feb-20;0;0
DK012;27-Feb-20;0;0
DK012;28-Feb-20;0;0
DK012;01-Mar-20;0;0
DK012;02-Mar-20;0;0
DK012;03-Mar-20;0;0
DK012;04-Mar-20;1;1
DK012;05-Mar-20;0;1
DK012;06-Mar-20;0;1
DK012;07-Mar-20;1;2
DK012;08-Mar-20;1;3
DK012;09-Mar-20;20;23
DK012;10-Mar-20;24;47
DK012;11-Mar-20;27;74
DK012;12-Mar-20;6;80
DK012;13-Mar-20;4;84
DK012;14-Mar-20;10;94
DK012;15-Mar-20;9;103
DK012;16-Mar-20;15;118
DK012;17-Mar-20;19;137
DK012;18-Mar-20;15;152
DK012;19-Mar-20;16;168
DK012;20-Mar-20;17;185
DK012;21-Mar-20;7;192
DK012;22-Mar-20;8;200
DK012;23-Mar-20;27;227
DK012;24-Mar-20;21;248
DK012;25-Mar-20;24;272
DK012;26-Mar-20;28;300
DK012;27-Mar-20;36;336
DK012;28-Mar-20;39;375
DK012;29-Mar-20;27;402
DK012;30-Mar-20;57;459
DK012;31-Mar-20;47;506
DK012;01-Apr-20;57;563
DK012;02-Apr-20;60;623
DK012;03-Apr-20;96;719
DK012;04-Apr-20;64;783
DK012;05-Apr-20;35;818
DK012;06-Apr-20;67;885
DK012;07-Apr-20;74;959
DK012;08-Apr-20;59;1018
DK012;09-Apr-20;36;1054
DK012;10-Apr-20;38;1092
DK012;11-Apr-20;30;1122
DK012;12-Apr-20;48;1170
DK012;13-Apr-20;50;1220
DK012;14-Apr-20;67;1287
DK012;15-Apr-20;56;1343
DK012;16-Apr-20;38;1381
DK012;17-Apr-20;39;1420
DK012;18-Apr-20;16;1436
DK012;19-Apr-20;21;1457
DK012;20-Apr-20;64;1521
DK012;21-Apr-20;47;1568
DK012;22-Apr-20;63;1631
DK012;23-Apr-20;62;1693
DK012;24-Apr-20;28;1721
DK012;25-Apr-20;21;1742
DK012;26-Apr-20;16;1758
DK012;27-Apr-20;53;1811
DK012;28-Apr-20;34;1845
DK012;29-Apr-20;38;1883
DK012;30-Apr-20;33;1916
DK012;01-May-20;38;1954
DK012;02-May-20;15;1969
DK012;03-May-20;16;1985
DK012;04-May-20;33;2018
DK012;05-May-20;27;2045
DK012;06-May-20;27;2072
DK012;07-May-20;34;2106
DK012;08-May-20;19;2125
DK012;09-May-20;21;2146
DK012;10-May-20;14;2160
DK012;11-May-20;16;2176
DK012;12-May-20;7;2183
DK012;13-May-20;14;2197
DK012;14-May-20;15;2212
DK012;15-May-20;24;2236
DK012;16-May-20;7;2243
DK012;17-May-20;8;2251
DK012;18-May-20;13;2264
DK012;19-May-20;11;2275
DK012;20-May-20;12;2287
DK012;21-May-20;6;2293
DK012;22-May-20;21;2314
DK012;23-May-20;9;2323
DK012;24-May-20;11;2334
DK012;25-May-20;15;2349
DK012;26-May-20;16;2365
DK012;27-May-20;21;2386
DK012;28-May-20;10;2396
DK012;29-May-20;8;2404
DK012;30-May-20;8;2412
DK012;31-May-20;3;2415
DK012;01-Jun-20;7;2422
DK012;02-Jun-20;16;2438
DK012;03-Jun-20;17;2455
DK012;04-Jun-20;13;2468
DK012;05-Jun-20;13;2481
DK012;06-Jun-20;5;2486
DK012;07-Jun-20;7;2493
DK012;08-Jun-20;13;2506
DK012;09-Jun-20;6;2512
DK012;10-Jun-20;7;2519
DK012;11-Jun-20;8;2527
DK012;12-Jun-20;8;2535
DK012;13-Jun-20;8;2543
DK012;14-Jun-20;4;2547
DK012;15-Jun-20;8;2555
DK012;16-Jun-20;7;2562
DK012;17-Jun-20;17;2579
DK012;18-Jun-20;6;2585
DK012;19-Jun-20;12;2597
DK012;20-Jun-20;9;2606
DK012;21-Jun-20;6;2612
DK012;22-Jun-20;15;2627
DK012;23-Jun-20;2;2629
DK012;24-Jun-20;5;2634
DK012;25-Jun-20;6;2640
DK012;26-Jun-20;7;2647
DK012;27-Jun-20;0;2647
DK012;28-Jun-20;2;2649
DK012;29-Jun-20;5;2654
DK012;30-Jun-20;4;2658
DK012;01-Jul-20;2;2660
DK012;02-Jul-20;1;2661
DK012;03-Jul-20;5;2666
DK012;04-Jul-20;2;2668
DK012;05-Jul-20;1;2669
DK012;06-Jul-20;1;2670
DK012;07-Jul-20;4;2674
DK012;08-Jul-20;3;2677
DK012;09-Jul-20;7;2684
DK012;10-Jul-20;5;2689
DK012;11-Jul-20;1;2690
DK012;12-Jul-20;3;2693
DK012;13-Jul-20;5;2698
DK012;14-Jul-20;4;2702
DK012;15-Jul-20;14;2716
DK012;16-Jul-20;19;2735
DK012;17-Jul-20;7;2742
DK012;18-Jul-20;15;2757
DK012;19-Jul-20;3;2760
DK012;20-Jul-20;10;2770
DK012;21-Jul-20;8;2778
DK012;22-Jul-20;10;2788
DK012;23-Jul-20;17;2805
DK012;24-Jul-20;6;2811
DK012;25-Jul-20;4;2815
DK012;26-Jul-20;7;2822
DK012;27-Jul-20;6;2828
DK012;28-Jul-20;8;2836
DK012;29-Jul-20;8;2844
DK012;30-Jul-20;8;2852
DK012;31-Jul-20;3;2855
DK012;01-Aug-20;3;2858
DK012;02-Aug-20;9;2867
DK012;03-Aug-20;8;2875
DK012;04-Aug-20;7;2882
DK012;05-Aug-20;8;2890
DK012;06-Aug-20;14;2904
DK012;07-Aug-20;7;2911
DK012;08-Aug-20;6;2917
DK012;09-Aug-20;21;2938
DK012;10-Aug-20;19;2957
DK012;11-Aug-20;16;2973
DK012;12-Aug-20;21;2994
DK012;13-Aug-20;12;3006
DK012;14-Aug-20;18;3024
DK012;15-Aug-20;8;3032
DK012;16-Aug-20;10;3042
DK012;17-Aug-20;9;3051
DK012;18-Aug-20;14;3065
DK012;19-Aug-20;12;3077
DK012;20-Aug-20;7;3084
DK012;21-Aug-20;12;3096
DK012;22-Aug-20;4;3100
DK012;23-Aug-20;7;3107
DK012;24-Aug-20;6;3113
DK012;25-Aug-20;16;3129
DK012;26-Aug-20;11;3140
DK012;27-Aug-20;5;3145
DK012;28-Aug-20;10;3155
DK012;29-Aug-20;7;3162
DK012;30-Aug-20;21;3183
DK012;31-Aug-20;30;3213
DK012;01-Sep-20;42;3255
DK012;02-Sep-20;36;3291
DK012;03-Sep-20;41;3332
DK012;04-Sep-20;33;3365
DK012;05-Sep-20;35;3400
DK012;06-Sep-20;57;3457
DK012;07-Sep-20;49;3506
DK012;08-Sep-20;59;3565
DK012;09-Sep-20;55;3620
DK012;10-Sep-20;69;3689
DK012;11-Sep-20;58;3747
DK012;12-Sep-20;73;3820
DK012;13-Sep-20;70;3890
DK012;14-Sep-20;77;3967
DK012;15-Sep-20;80;4047
DK012;16-Sep-20;102;4149
DK012;17-Sep-20;108;4257
DK012;18-Sep-20;103;4360
DK012;19-Sep-20;76;4436
DK012;20-Sep-20;79;4515
DK012;21-Sep-20;117;4632
DK012;22-Sep-20;100;4732
DK012;23-Sep-20;101;4833
DK012;24-Sep-20;126;4959
DK012;25-Sep-20;86;5045
DK012;26-Sep-20;71;5116
DK012;27-Sep-20;79;5195
DK012;28-Sep-20;81;5276
DK012;29-Sep-20;77;5353
DK012;30-Sep-20;62;5415
DK012;01-Oct-20;70;5485
DK012;02-Oct-20;59;5544
DK012;03-Oct-20;60;5604
DK012;04-Oct-20;62;5666
DK012;05-Oct-20;53;5719
DK012;06-Oct-20;44;5763
DK012;07-Oct-20;62;5825
DK012;08-Oct-20;55;5880
DK012;09-Oct-20;56;5936
DK012;10-Oct-20;40;5976
DK012;11-Oct-20;29;6005
DK012;12-Oct-20;44;6049
DK012;13-Oct-20;57;6106
DK012;14-Oct-20;62;6168
DK012;15-Oct-20;52;6220
DK012;16-Oct-20;60;6280
DK012;17-Oct-20;55;6335
DK012;18-Oct-20;77;6412
DK012;19-Oct-20;105;6517
DK012;20-Oct-20;123;6640
DK012;21-Oct-20;131;6771
DK012;22-Oct-20;141;6912
DK012;23-Oct-20;141;7053
DK012;24-Oct-20;145;7198
DK012;25-Oct-20;167;7365
DK012;26-Oct-20;199;7564
DK012;27-Oct-20;236;7800
DK012;28-Oct-20;198;7998
DK012;29-Oct-20;188;8186
DK012;30-Oct-20;220;8406
DK012;31-Oct-20;179;8585
DK012;01-Nov-20;189;8774
DK012;02-Nov-20;232;9006
DK012;03-Nov-20;223;9229
DK012;04-Nov-20;222;9451
DK012;05-Nov-20;182;9633
DK012;06-Nov-20;192;9825
DK012;07-Nov-20;145;9970
DK012;08-Nov-20;122;10092
DK012;09-Nov-20;163;10255
DK012;10-Nov-20;188;10443
DK012;11-Nov-20;173;10616
DK012;12-Nov-20;174;10790
DK012;13-Nov-20;211;11001
DK012;14-Nov-20;158;11159
DK012;15-Nov-20;182;11341
DK012;16-Nov-20;195;11536
DK012;17-Nov-20;214;11750
DK012;18-Nov-20;188;11938
DK012;19-Nov-20;187;12125
DK012;20-Nov-20;184;12309
DK012;21-Nov-20;148;12457
DK012;22-Nov-20;165;12622
DK012;23-Nov-20;188;12810
DK012;24-Nov-20;231;13041
DK012;25-Nov-20;186;13227
DK012;26-Nov-20;181;13408
DK012;27-Nov-20;204;13612
DK012;28-Nov-20;170;13782
DK012;29-Nov-20;214;13996
DK012;30-Nov-20;254;14250
DK012;01-Dec-20;292;14542
DK012;02-Dec-20;331;14873
DK012;03-Dec-20;338;15211
DK012;04-Dec-20;347;15558
DK012;05-Dec-20;302;15860
DK012;06-Dec-20;348;16208
DK012;07-Dec-20;455;16663
DK012;08-Dec-20;445;17108
DK012;09-Dec-20;491;17599
DK012;10-Dec-20;506;18105
DK012;11-Dec-20;535;18640
DK012;12-Dec-20;476;19116
DK012;13-Dec-20;584;19700
DK012;14-Dec-20;614;20314
DK012;15-Dec-20;654;20968
DK012;16-Dec-20;672;21640
DK012;17-Dec-20;522;22162
DK012;18-Dec-20;457;22619
DK012;19-Dec-20;400;23019
DK012;20-Dec-20;396;23415
DK012;21-Dec-20;477;23892
DK012;22-Dec-20;499;24391
DK012;23-Dec-20;495;24886
DK012;24-Dec-20;237;25123
DK012;25-Dec-20;280;25403
DK012;26-Dec-20;466;25869
DK012;27-Dec-20;362;26231
DK012;28-Dec-20;412;26643
DK012;29-Dec-20;357;27000
DK012;30-Dec-20;410;27410
DK012;31-Dec-20;186;27596
DK012;01-Jan-21;200;27796
DK012;02-Jan-21;320;28116
DK012;03-Jan-21;229;28345
DK012;04-Jan-21;389;28734
DK012;05-Jan-21;291;29025
DK012;06-Jan-21;244;29269
DK012;07-Jan-21;188;29457
DK012;08-Jan-21;214;29671
DK012;09-Jan-21;176;29847
DK012;10-Jan-21;159;30006
DK012;11-Jan-21;231;30237
DK012;12-Jan-21;178;30415
DK012;13-Jan-21;189;30604
DK012;14-Jan-21;120;30724
DK012;15-Jan-21;138;30862
DK012;16-Jan-21;123;30985
DK012;17-Jan-21;107;31092
DK012;18-Jan-21;162;31254
DK012;19-Jan-21;131;31385
DK012;20-Jan-21;119;31504
DK012;21-Jan-21;136;31640
DK012;22-Jan-21;113;31753
DK012;23-Jan-21;79;31832
DK012;24-Jan-21;91;31923
DK012;25-Jan-21;124;32047
DK012;26-Jan-21;100;32147
DK012;27-Jan-21;98;32245
DK012;28-Jan-21;93;32338
DK012;29-Jan-21;60;32398
DK012;30-Jan-21;47;32445
DK012;31-Jan-21;68;32513
DK012;01-Feb-21;84;32597
DK012;02-Feb-21;66;32663
DK012;03-Feb-21;57;32720
DK012;04-Feb-21;74;32794
DK012;05-Feb-21;63;32857
DK012;06-Feb-21;65;32922
DK012;07-Feb-21;77;32999
DK012;08-Feb-21;58;33057
DK012;09-Feb-21;59;33116
DK012;10-Feb-21;59;33175
DK012;11-Feb-21;62;33237
DK012;12-Feb-21;49;33286
DK012;13-Feb-21;43;33329
DK012;14-Feb-21;44;33373
DK012;15-Feb-21;48;33421
DK012;16-Feb-21;56;33477
DK012;17-Feb-21;65;33542
DK012;18-Feb-21;56;33598
DK012;19-Feb-21;68;33666
DK012;20-Feb-21;49;33715
DK012;21-Feb-21;67;33782
DK012;22-Feb-21;85;33867
DK012;23-Feb-21;95;33962
DK012;24-Feb-21;79;34041
DK012;25-Feb-21;88;34129
DK012;26-Feb-21;86;34215
DK012;27-Feb-21;87;34302
DK012;28-Feb-21;76;34378
DK012;01-Mar-21;86;34464
DK012;02-Mar-21;90;34554
DK012;03-Mar-21;62;34616
DK012;04-Mar-21;83;34699
DK012;05-Mar-21;69;34768
DK012;06-Mar-21;72;34840
DK012;07-Mar-21;69;34909
DK012;08-Mar-21;113;35022
DK012;09-Mar-21;106;35128
DK012;10-Mar-21;97;35225
DK012;11-Mar-21;112;35337
DK012;12-Mar-21;87;35424
DK012;13-Mar-21;85;35509
DK012;14-Mar-21;91;35600
DK012;15-Mar-21;110;35710
DK012;16-Mar-21;94;35804
DK012;17-Mar-21;101;35905
DK012;18-Mar-21;118;36023
DK012;19-Mar-21;142;36165
DK012;20-Mar-21;103;36268
DK012;21-Mar-21;85;36353
DK012;22-Mar-21;142;36495
DK012;23-Mar-21;138;36633
DK012;24-Mar-21;133;36766
DK012;25-Mar-21;118;36884
DK012;26-Mar-21;129;37013
DK012;27-Mar-21;120;37133
DK012;28-Mar-21;121;37254
DK012;29-Mar-21;150;37404
DK012;30-Mar-21;110;37514
DK012;31-Mar-21;127;37641
DK012;01-Apr-21;137;37778
DK012;02-Apr-21;108;37886
DK012;03-Apr-21;72;37958
DK012;04-Apr-21;77;38035
DK012;05-Apr-21;110;38145
DK012;06-Apr-21;148;38293
DK012;07-Apr-21;105;38398
DK012;08-Apr-21;129;38527
DK012;09-Apr-21;123;38650
DK012;10-Apr-21;99;38749
DK012;11-Apr-21;79;38828
DK012;12-Apr-21;157;38985
DK012;13-Apr-21;127;39112
DK012;14-Apr-21;106;39218
DK012;15-Apr-21;101;39319
DK012;16-Apr-21;115;39434
DK012;17-Apr-21;118;39552
DK012;18-Apr-21;145;39697
DK012;19-Apr-21;146;39843
DK012;20-Apr-21;115;39958
DK012;21-Apr-21;127;40085
DK012;22-Apr-21;86;40171
DK012;23-Apr-21;101;40272
DK012;24-Apr-21;74;40346
DK012;25-Apr-21;77;40423
DK012;26-Apr-21;113;40536
DK012;27-Apr-21;143;40679
DK012;28-Apr-21;118;40797
DK012;29-Apr-21;119;40916
DK012;30-Apr-21;102;41018
DK012;01-May-21;100;41118
DK012;02-May-21;119;41237
DK012;03-May-21;135;41372
DK012;04-May-21;118;41490
DK012;05-May-21;129;41619
DK012;06-May-21;113;41732
DK012;07-May-21;114;41846
DK012;08-May-21;112;41958
DK012;09-May-21;128;42086
DK012;10-May-21;132;42218
DK012;11-May-21;174;42392
DK012;12-May-21;145;42537
DK012;13-May-21;115;42652
DK012;14-May-21;115;42767
DK012;15-May-21;121;42888
DK012;16-May-21;124;43012
DK012;17-May-21;124;43136
DK012;18-May-21;160;43296
DK012;19-May-21;123;43419
DK012;20-May-21;128;43547
DK012;21-May-21;107;43654
DK012;22-May-21;88;43742
DK012;23-May-21;81;43823
DK012;24-May-21;110;43933
DK012;25-May-21;99;44032
DK012;26-May-21;135;44167
DK012;27-May-21;119;44286
DK012;28-May-21;107;44393
DK012;29-May-21;100;44493
DK012;30-May-21;100;44593
DK012;31-May-21;121;44714
DK012;01-Jun-21;150;44864
DK012;02-Jun-21;113;44977
DK012;03-Jun-21;90;45067
DK012;04-Jun-21;79;45146
DK012;05-Jun-21;68;45214
DK012;06-Jun-21;67;45281
DK012;07-Jun-21;70;45351
DK012;08-Jun-21;50;45401
DK012;09-Jun-21;52;45453
DK012;10-Jun-21;47;45500
DK012;11-Jun-21;24;45524
DK012;12-Jun-21;33;45557
DK012;13-Jun-21;24;45581
DK012;14-Jun-21;38;45619
DK012;15-Jun-21;27;45646
DK012;16-Jun-21;37;45683
DK012;17-Jun-21;35;45718
DK012;18-Jun-21;30;45748
DK012;19-Jun-21;21;45769
DK012;20-Jun-21;21;45790
DK012;21-Jun-21;30;45820
DK012;22-Jun-21;22;45842
DK012;23-Jun-21;29;45871
DK012;24-Jun-21;17;45888
DK012;25-Jun-21;24;45912
DK012;26-Jun-21;25;45937
DK012;27-Jun-21;23;45960
DK012;28-Jun-21;32;45992
DK012;29-Jun-21;53;46045
DK012;30-Jun-21;26;46071
DK013;26-Feb-20;0;0
DK013;27-Feb-20;0;0
DK013;28-Feb-20;0;0
DK013;01-Mar-20;0;0
DK013;02-Mar-20;0;0
DK013;03-Mar-20;0;0
DK013;04-Mar-20;0;0
DK013;05-Mar-20;5;5
DK013;06-Mar-20;0;5
DK013;07-Mar-20;5;10
DK013;08-Mar-20;6;16
DK013;09-Mar-20;22;38
DK013;10-Mar-20;29;67
DK013;11-Mar-20;18;85
DK013;12-Mar-20;3;88
DK013;13-Mar-20;6;94
DK013;14-Mar-20;0;94
DK013;15-Mar-20;4;98
DK013;16-Mar-20;8;106
DK013;17-Mar-20;6;112
DK013;18-Mar-20;9;121
DK013;19-Mar-20;10;131
DK013;20-Mar-20;10;141
DK013;21-Mar-20;13;154
DK013;22-Mar-20;10;164
DK013;23-Mar-20;12;176
DK013;24-Mar-20;15;191
DK013;25-Mar-20;13;204
DK013;26-Mar-20;19;223
DK013;27-Mar-20;22;245
DK013;28-Mar-20;19;264
DK013;29-Mar-20;10;274
DK013;30-Mar-20;31;305
DK013;31-Mar-20;18;323
DK013;01-Apr-20;26;349
DK013;02-Apr-20;41;390
DK013;03-Apr-20;40;430
DK013;04-Apr-20;27;457
DK013;05-Apr-20;18;475
DK013;06-Apr-20;31;506
DK013;07-Apr-20;26;532
DK013;08-Apr-20;26;558
DK013;09-Apr-20;5;563
DK013;10-Apr-20;9;572
DK013;11-Apr-20;13;585
DK013;12-Apr-20;16;601
DK013;13-Apr-20;8;609
DK013;14-Apr-20;19;628
DK013;15-Apr-20;15;643
DK013;16-Apr-20;12;655
DK013;17-Apr-20;15;670
DK013;18-Apr-20;14;684
DK013;19-Apr-20;10;694
DK013;20-Apr-20;18;712
DK013;21-Apr-20;22;734
DK013;22-Apr-20;37;771
DK013;23-Apr-20;31;802
DK013;24-Apr-20;18;820
DK013;25-Apr-20;11;831
DK013;26-Apr-20;22;853
DK013;27-Apr-20;20;873
DK013;28-Apr-20;11;884
DK013;29-Apr-20;19;903
DK013;30-Apr-20;21;924
DK013;01-May-20;13;937
DK013;02-May-20;16;953
DK013;03-May-20;4;957
DK013;04-May-20;14;971
DK013;05-May-20;10;981
DK013;06-May-20;17;998
DK013;07-May-20;18;1016
DK013;08-May-20;15;1031
DK013;09-May-20;11;1042
DK013;10-May-20;10;1052
DK013;11-May-20;19;1071
DK013;12-May-20;12;1083
DK013;13-May-20;14;1097
DK013;14-May-20;8;1105
DK013;15-May-20;13;1118
DK013;16-May-20;3;1121
DK013;17-May-20;10;1131
DK013;18-May-20;14;1145
DK013;19-May-20;11;1156
DK013;20-May-20;26;1182
DK013;21-May-20;8;1190
DK013;22-May-20;13;1203
DK013;23-May-20;13;1216
DK013;24-May-20;10;1226
DK013;25-May-20;23;1249
DK013;26-May-20;9;1258
DK013;27-May-20;13;1271
DK013;28-May-20;11;1282
DK013;29-May-20;13;1295
DK013;30-May-20;7;1302
DK013;31-May-20;5;1307
DK013;01-Jun-20;7;1314
DK013;02-Jun-20;9;1323
DK013;03-Jun-20;6;1329
DK013;04-Jun-20;6;1335
DK013;05-Jun-20;7;1342
DK013;06-Jun-20;4;1346
DK013;07-Jun-20;2;1348
DK013;08-Jun-20;7;1355
DK013;09-Jun-20;4;1359
DK013;10-Jun-20;1;1360
DK013;11-Jun-20;14;1374
DK013;12-Jun-20;11;1385
DK013;13-Jun-20;7;1392
DK013;14-Jun-20;0;1392
DK013;15-Jun-20;12;1404
DK013;16-Jun-20;11;1415
DK013;17-Jun-20;9;1424
DK013;18-Jun-20;18;1442
DK013;19-Jun-20;4;1446
DK013;20-Jun-20;12;1458
DK013;21-Jun-20;2;1460
DK013;22-Jun-20;8;1468
DK013;23-Jun-20;3;1471
DK013;24-Jun-20;4;1475
DK013;25-Jun-20;3;1478
DK013;26-Jun-20;2;1480
DK013;27-Jun-20;1;1481
DK013;28-Jun-20;0;1481
DK013;29-Jun-20;4;1485
DK013;30-Jun-20;1;1486
DK013;01-Jul-20;1;1487
DK013;02-Jul-20;3;1490
DK013;03-Jul-20;2;1492
DK013;04-Jul-20;3;1495
DK013;05-Jul-20;1;1496
DK013;06-Jul-20;0;1496
DK013;07-Jul-20;0;1496
DK013;08-Jul-20;1;1497
DK013;09-Jul-20;6;1503
DK013;10-Jul-20;2;1505
DK013;11-Jul-20;2;1507
DK013;12-Jul-20;6;1513
DK013;13-Jul-20;2;1515
DK013;14-Jul-20;1;1516
DK013;15-Jul-20;4;1520
DK013;16-Jul-20;5;1525
DK013;17-Jul-20;3;1528
DK013;18-Jul-20;3;1531
DK013;19-Jul-20;3;1534
DK013;20-Jul-20;2;1536
DK013;21-Jul-20;2;1538
DK013;22-Jul-20;2;1540
DK013;23-Jul-20;3;1543
DK013;24-Jul-20;4;1547
DK013;25-Jul-20;3;1550
DK013;26-Jul-20;1;1551
DK013;27-Jul-20;8;1559
DK013;28-Jul-20;6;1565
DK013;29-Jul-20;1;1566
DK013;30-Jul-20;3;1569
DK013;31-Jul-20;2;1571
DK013;01-Aug-20;2;1573
DK013;02-Aug-20;1;1574
DK013;03-Aug-20;1;1575
DK013;04-Aug-20;10;1585
DK013;05-Aug-20;3;1588
DK013;06-Aug-20;8;1596
DK013;07-Aug-20;4;1600
DK013;08-Aug-20;1;1601
DK013;09-Aug-20;5;1606
DK013;10-Aug-20;5;1611
DK013;11-Aug-20;5;1616
DK013;12-Aug-20;4;1620
DK013;13-Aug-20;1;1621
DK013;14-Aug-20;8;1629
DK013;15-Aug-20;3;1632
DK013;16-Aug-20;2;1634
DK013;17-Aug-20;6;1640
DK013;18-Aug-20;5;1645
DK013;19-Aug-20;4;1649
DK013;20-Aug-20;3;1652
DK013;21-Aug-20;4;1656
DK013;22-Aug-20;2;1658
DK013;23-Aug-20;4;1662
DK013;24-Aug-20;5;1667
DK013;25-Aug-20;1;1668
DK013;26-Aug-20;7;1675
DK013;27-Aug-20;1;1676
DK013;28-Aug-20;4;1680
DK013;29-Aug-20;4;1684
DK013;30-Aug-20;1;1685
DK013;31-Aug-20;1;1686
DK013;01-Sep-20;8;1694
DK013;02-Sep-20;6;1700
DK013;03-Sep-20;12;1712
DK013;04-Sep-20;18;1730
DK013;05-Sep-20;15;1745
DK013;06-Sep-20;14;1759
DK013;07-Sep-20;16;1775
DK013;08-Sep-20;15;1790
DK013;09-Sep-20;20;1810
DK013;10-Sep-20;27;1837
DK013;11-Sep-20;15;1852
DK013;12-Sep-20;23;1875
DK013;13-Sep-20;18;1893
DK013;14-Sep-20;35;1928
DK013;15-Sep-20;28;1956
DK013;16-Sep-20;32;1988
DK013;17-Sep-20;46;2034
DK013;18-Sep-20;28;2062
DK013;19-Sep-20;32;2094
DK013;20-Sep-20;32;2126
DK013;21-Sep-20;38;2164
DK013;22-Sep-20;29;2193
DK013;23-Sep-20;37;2230
DK013;24-Sep-20;33;2263
DK013;25-Sep-20;30;2293
DK013;26-Sep-20;19;2312
DK013;27-Sep-20;36;2348
DK013;28-Sep-20;37;2385
DK013;29-Sep-20;31;2416
DK013;30-Sep-20;33;2449
DK013;01-Oct-20;25;2474
DK013;02-Oct-20;24;2498
DK013;03-Oct-20;16;2514
DK013;04-Oct-20;21;2535
DK013;05-Oct-20;31;2566
DK013;06-Oct-20;34;2600
DK013;07-Oct-20;27;2627
DK013;08-Oct-20;25;2652
DK013;09-Oct-20;23;2675
DK013;10-Oct-20;17;2692
DK013;11-Oct-20;18;2710
DK013;12-Oct-20;30;2740
DK013;13-Oct-20;27;2767
DK013;14-Oct-20;43;2810
DK013;15-Oct-20;32;2842
DK013;16-Oct-20;34;2876
DK013;17-Oct-20;45;2921
DK013;18-Oct-20;33;2954
DK013;19-Oct-20;51;3005
DK013;20-Oct-20;71;3076
DK013;21-Oct-20;47;3123
DK013;22-Oct-20;63;3186
DK013;23-Oct-20;55;3241
DK013;24-Oct-20;83;3324
DK013;25-Oct-20;80;3404
DK013;26-Oct-20;61;3465
DK013;27-Oct-20;89;3554
DK013;28-Oct-20;84;3638
DK013;29-Oct-20;52;3690
DK013;30-Oct-20;64;3754
DK013;31-Oct-20;67;3821
DK013;01-Nov-20;78;3899
DK013;02-Nov-20;73;3972
DK013;03-Nov-20;78;4050
DK013;04-Nov-20;84;4134
DK013;05-Nov-20;75;4209
DK013;06-Nov-20;66;4275
DK013;07-Nov-20;56;4331
DK013;08-Nov-20;57;4388
DK013;09-Nov-20;89;4477
DK013;10-Nov-20;65;4542
DK013;11-Nov-20;58;4600
DK013;12-Nov-20;70;4670
DK013;13-Nov-20;77;4747
DK013;14-Nov-20;63;4810
DK013;15-Nov-20;68;4878
DK013;16-Nov-20;79;4957
DK013;17-Nov-20;65;5022
DK013;18-Nov-20;98;5120
DK013;19-Nov-20;72;5192
DK013;20-Nov-20;75;5267
DK013;21-Nov-20;95;5362
DK013;22-Nov-20;82;5444
DK013;23-Nov-20;114;5558
DK013;24-Nov-20;108;5666
DK013;25-Nov-20;121;5787
DK013;26-Nov-20;115;5902
DK013;27-Nov-20;131;6033
DK013;28-Nov-20;107;6140
DK013;29-Nov-20;131;6271
DK013;30-Nov-20;167;6438
DK013;01-Dec-20;168;6606
DK013;02-Dec-20;186;6792
DK013;03-Dec-20;170;6962
DK013;04-Dec-20;170;7132
DK013;05-Dec-20;142;7274
DK013;06-Dec-20;177;7451
DK013;07-Dec-20;208;7659
DK013;08-Dec-20;270;7929
DK013;09-Dec-20;241;8170
DK013;10-Dec-20;274;8444
DK013;11-Dec-20;293;8737
DK013;12-Dec-20;285;9022
DK013;13-Dec-20;327;9349
DK013;14-Dec-20;333;9682
DK013;15-Dec-20;381;10063
DK013;16-Dec-20;412;10475
DK013;17-Dec-20;338;10813
DK013;18-Dec-20;305;11118
DK013;19-Dec-20;283;11401
DK013;20-Dec-20;247;11648
DK013;21-Dec-20;319;11967
DK013;22-Dec-20;262;12229
DK013;23-Dec-20;247;12476
DK013;24-Dec-20;214;12690
DK013;25-Dec-20;182;12872
DK013;26-Dec-20;275;13147
DK013;27-Dec-20;220;13367
DK013;28-Dec-20;307;13674
DK013;29-Dec-20;242;13916
DK013;30-Dec-20;298;14214
DK013;31-Dec-20;156;14370
DK013;01-Jan-21;140;14510
DK013;02-Jan-21;178;14688
DK013;03-Jan-21;146;14834
DK013;04-Jan-21;230;15064
DK013;05-Jan-21;200;15264
DK013;06-Jan-21;175;15439
DK013;07-Jan-21;139;15578
DK013;08-Jan-21;137;15715
DK013;09-Jan-21;123;15838
DK013;10-Jan-21;90;15928
DK013;11-Jan-21;151;16079
DK013;12-Jan-21;134;16213
DK013;13-Jan-21;98;16311
DK013;14-Jan-21;117;16428
DK013;15-Jan-21;75;16503
DK013;16-Jan-21;76;16579
DK013;17-Jan-21;80;16659
DK013;18-Jan-21;105;16764
DK013;19-Jan-21;80;16844
DK013;20-Jan-21;51;16895
DK013;21-Jan-21;80;16975
DK013;22-Jan-21;45;17020
DK013;23-Jan-21;52;17072
DK013;24-Jan-21;52;17124
DK013;25-Jan-21;66;17190
DK013;26-Jan-21;55;17245
DK013;27-Jan-21;44;17289
DK013;28-Jan-21;55;17344
DK013;29-Jan-21;38;17382
DK013;30-Jan-21;37;17419
DK013;31-Jan-21;38;17457
DK013;01-Feb-21;41;17498
DK013;02-Feb-21;34;17532
DK013;03-Feb-21;38;17570
DK013;04-Feb-21;34;17604
DK013;05-Feb-21;39;17643
DK013;06-Feb-21;28;17671
DK013;07-Feb-21;38;17709
DK013;08-Feb-21;31;17740
DK013;09-Feb-21;42;17782
DK013;10-Feb-21;46;17828
DK013;11-Feb-21;19;17847
DK013;12-Feb-21;41;17888
DK013;13-Feb-21;21;17909
DK013;14-Feb-21;20;17929
DK013;15-Feb-21;30;17959
DK013;16-Feb-21;30;17989
DK013;17-Feb-21;31;18020
DK013;18-Feb-21;34;18054
DK013;19-Feb-21;27;18081
DK013;20-Feb-21;29;18110
DK013;21-Feb-21;34;18144
DK013;22-Feb-21;36;18180
DK013;23-Feb-21;51;18231
DK013;24-Feb-21;53;18284
DK013;25-Feb-21;50;18334
DK013;26-Feb-21;44;18378
DK013;27-Feb-21;40;18418
DK013;28-Feb-21;52;18470
DK013;01-Mar-21;45;18515
DK013;02-Mar-21;52;18567
DK013;03-Mar-21;63;18630
DK013;04-Mar-21;38;18668
DK013;05-Mar-21;44;18712
DK013;06-Mar-21;39;18751
DK013;07-Mar-21;45;18796
DK013;08-Mar-21;50;18846
DK013;09-Mar-21;56;18902
DK013;10-Mar-21;46;18948
DK013;11-Mar-21;39;18987
DK013;12-Mar-21;39;19026
DK013;13-Mar-21;41;19067
DK013;14-Mar-21;45;19112
DK013;15-Mar-21;40;19152
DK013;16-Mar-21;54;19206
DK013;17-Mar-21;52;19258
DK013;18-Mar-21;57;19315
DK013;19-Mar-21;64;19379
DK013;20-Mar-21;69;19448
DK013;21-Mar-21;64;19512
DK013;22-Mar-21;84;19596
DK013;23-Mar-21;83;19679
DK013;24-Mar-21;82;19761
DK013;25-Mar-21;94;19855
DK013;26-Mar-21;83;19938
DK013;27-Mar-21;79;20017
DK013;28-Mar-21;71;20088
DK013;29-Mar-21;86;20174
DK013;30-Mar-21;83;20257
DK013;31-Mar-21;77;20334
DK013;01-Apr-21;68;20402
DK013;02-Apr-21;52;20454
DK013;03-Apr-21;54;20508
DK013;04-Apr-21;48;20556
DK013;05-Apr-21;58;20614
DK013;06-Apr-21;64;20678
DK013;07-Apr-21;59;20737
DK013;08-Apr-21;75;20812
DK013;09-Apr-21;67;20879
DK013;10-Apr-21;60;20939
DK013;11-Apr-21;42;20981
DK013;12-Apr-21;59;21040
DK013;13-Apr-21;57;21097
DK013;14-Apr-21;74;21171
DK013;15-Apr-21;60;21231
DK013;16-Apr-21;72;21303
DK013;17-Apr-21;82;21385
DK013;18-Apr-21;72;21457
DK013;19-Apr-21;64;21521
DK013;20-Apr-21;77;21598
DK013;21-Apr-21;60;21658
DK013;22-Apr-21;70;21728
DK013;23-Apr-21;44;21772
DK013;24-Apr-21;46;21818
DK013;25-Apr-21;56;21874
DK013;26-Apr-21;62;21936
DK013;27-Apr-21;76;22012
DK013;28-Apr-21;51;22063
DK013;29-Apr-21;55;22118
DK013;30-Apr-21;66;22184
DK013;01-May-21;46;22230
DK013;02-May-21;65;22295
DK013;03-May-21;94;22389
DK013;04-May-21;104;22493
DK013;05-May-21;128;22621
DK013;06-May-21;76;22697
DK013;07-May-21;82;22779
DK013;08-May-21;81;22860
DK013;09-May-21;76;22936
DK013;10-May-21;104;23040
DK013;11-May-21;122;23162
DK013;12-May-21;114;23276
DK013;13-May-21;77;23353
DK013;14-May-21;65;23418
DK013;15-May-21;88;23506
DK013;16-May-21;94;23600
DK013;17-May-21;95;23695
DK013;18-May-21;98;23793
DK013;19-May-21;79;23872
DK013;20-May-21;76;23948
DK013;21-May-21;76;24024
DK013;22-May-21;58;24082
DK013;23-May-21;73;24155
DK013;24-May-21;67;24222
DK013;25-May-21;74;24296
DK013;26-May-21;92;24388
DK013;27-May-21;70;24458
DK013;28-May-21;79;24537
DK013;29-May-21;68;24605
DK013;30-May-21;61;24666
DK013;31-May-21;76;24742
DK013;01-Jun-21;93;24835
DK013;02-Jun-21;72;24907
DK013;03-Jun-21;68;24975
DK013;04-Jun-21;54;25029
DK013;05-Jun-21;37;25066
DK013;06-Jun-21;44;25110
DK013;07-Jun-21;38;25148
DK013;08-Jun-21;40;25188
DK013;09-Jun-21;37;25225
DK013;10-Jun-21;26;25251
DK013;11-Jun-21;20;25271
DK013;12-Jun-21;28;25299
DK013;13-Jun-21;14;25313
DK013;14-Jun-21;22;25335
DK013;15-Jun-21;29;25364
DK013;16-Jun-21;34;25398
DK013;17-Jun-21;14;25412
DK013;18-Jun-21;12;25424
DK013;19-Jun-21;13;25437
DK013;20-Jun-21;13;25450
DK013;21-Jun-21;6;25456
DK013;22-Jun-21;10;25466
DK013;23-Jun-21;7;25473
DK013;24-Jun-21;9;25482
DK013;25-Jun-21;12;25494
DK013;26-Jun-21;8;25502
DK013;27-Jun-21;13;25515
DK013;28-Jun-21;18;25533
DK013;29-Jun-21;18;25551
DK013;30-Jun-21;19;25570
DK014;26-Feb-20;0;0
DK014;27-Feb-20;0;0
DK014;28-Feb-20;0;0
DK014;01-Mar-20;0;0
DK014;02-Mar-20;0;0
DK014;03-Mar-20;0;0
DK014;04-Mar-20;0;0
DK014;05-Mar-20;0;0
DK014;06-Mar-20;0;0
DK014;07-Mar-20;0;0
DK014;08-Mar-20;0;0
DK014;09-Mar-20;0;0
DK014;10-Mar-20;0;0
DK014;11-Mar-20;0;0
DK014;12-Mar-20;0;0
DK014;13-Mar-20;0;0
DK014;14-Mar-20;0;0
DK014;15-Mar-20;1;1
DK014;16-Mar-20;0;1
DK014;17-Mar-20;0;1
DK014;18-Mar-20;0;1
DK014;19-Mar-20;2;3
DK014;20-Mar-20;2;5
DK014;21-Mar-20;0;5
DK014;22-Mar-20;0;5
DK014;23-Mar-20;0;5
DK014;24-Mar-20;2;7
DK014;25-Mar-20;1;8
DK014;26-Mar-20;4;12
DK014;27-Mar-20;3;15
DK014;28-Mar-20;1;16
DK014;29-Mar-20;0;16
DK014;30-Mar-20;5;21
DK014;31-Mar-20;0;21
DK014;01-Apr-20;4;25
DK014;02-Apr-20;2;27
DK014;03-Apr-20;8;35
DK014;04-Apr-20;8;43
DK014;05-Apr-20;1;44
DK014;06-Apr-20;2;46
DK014;07-Apr-20;1;47
DK014;08-Apr-20;3;50
DK014;09-Apr-20;0;50
DK014;10-Apr-20;2;52
DK014;11-Apr-20;1;53
DK014;12-Apr-20;0;53
DK014;13-Apr-20;0;53
DK014;14-Apr-20;0;53
DK014;15-Apr-20;1;54
DK014;16-Apr-20;0;54
DK014;17-Apr-20;2;56
DK014;18-Apr-20;0;56
DK014;19-Apr-20;0;56
DK014;20-Apr-20;2;58
DK014;21-Apr-20;1;59
DK014;22-Apr-20;2;61
DK014;23-Apr-20;1;62
DK014;24-Apr-20;0;62
DK014;25-Apr-20;2;64
DK014;26-Apr-20;0;64
DK014;27-Apr-20;3;67
DK014;28-Apr-20;0;67
DK014;29-Apr-20;3;70
DK014;30-Apr-20;0;70
DK014;01-May-20;0;70
DK014;02-May-20;0;70
DK014;03-May-20;0;70
DK014;04-May-20;0;70
DK014;05-May-20;0;70
DK014;06-May-20;0;70
DK014;07-May-20;0;70
DK014;08-May-20;0;70
DK014;09-May-20;0;70
DK014;10-May-20;0;70
DK014;11-May-20;0;70
DK014;12-May-20;1;71
DK014;13-May-20;0;71
DK014;14-May-20;0;71
DK014;15-May-20;0;71
DK014;16-May-20;0;71
DK014;17-May-20;0;71
DK014;18-May-20;0;71
DK014;19-May-20;0;71
DK014;20-May-20;0;71
DK014;21-May-20;0;71
DK014;22-May-20;0;71
DK014;23-May-20;0;71
DK014;24-May-20;0;71
DK014;25-May-20;0;71
DK014;26-May-20;0;71
DK014;27-May-20;0;71
DK014;28-May-20;0;71
DK014;29-May-20;1;72
DK014;30-May-20;0;72
DK014;31-May-20;0;72
DK014;01-Jun-20;0;72
DK014;02-Jun-20;1;73
DK014;03-Jun-20;0;73
DK014;04-Jun-20;0;73
DK014;05-Jun-20;0;73
DK014;06-Jun-20;0;73
DK014;07-Jun-20;0;73
DK014;08-Jun-20;0;73
DK014;09-Jun-20;1;74
DK014;10-Jun-20;0;74
DK014;11-Jun-20;2;76
DK014;12-Jun-20;0;76
DK014;13-Jun-20;0;76
DK014;14-Jun-20;1;77
DK014;15-Jun-20;0;77
DK014;16-Jun-20;0;77
DK014;17-Jun-20;0;77
DK014;18-Jun-20;0;77
DK014;19-Jun-20;1;78
DK014;20-Jun-20;0;78
DK014;21-Jun-20;1;79
DK014;22-Jun-20;0;79
DK014;23-Jun-20;0;79
DK014;24-Jun-20;0;79
DK014;25-Jun-20;0;79
DK014;26-Jun-20;0;79
DK014;27-Jun-20;2;81
DK014;28-Jun-20;0;81
DK014;29-Jun-20;1;82
DK014;30-Jun-20;0;82
DK014;01-Jul-20;0;82
DK014;02-Jul-20;0;82
DK014;03-Jul-20;0;82
DK014;04-Jul-20;0;82
DK014;05-Jul-20;0;82
DK014;06-Jul-20;0;82
DK014;07-Jul-20;0;82
DK014;08-Jul-20;0;82
DK014;09-Jul-20;0;82
DK014;10-Jul-20;0;82
DK014;11-Jul-20;0;82
DK014;12-Jul-20;0;82
DK014;13-Jul-20;0;82
DK014;14-Jul-20;0;82
DK014;15-Jul-20;0;82
DK014;16-Jul-20;0;82
DK014;17-Jul-20;0;82
DK014;18-Jul-20;0;82
DK014;19-Jul-20;0;82
DK014;20-Jul-20;0;82
DK014;21-Jul-20;1;83
DK014;22-Jul-20;0;83
DK014;23-Jul-20;0;83
DK014;24-Jul-20;0;83
DK014;25-Jul-20;0;83
DK014;26-Jul-20;0;83
DK014;27-Jul-20;0;83
DK014;28-Jul-20;0;83
DK014;29-Jul-20;0;83
DK014;30-Jul-20;0;83
DK014;31-Jul-20;0;83
DK014;01-Aug-20;0;83
DK014;02-Aug-20;0;83
DK014;03-Aug-20;0;83
DK014;04-Aug-20;0;83
DK014;05-Aug-20;0;83
DK014;06-Aug-20;0;83
DK014;07-Aug-20;0;83
DK014;08-Aug-20;0;83
DK014;09-Aug-20;0;83
DK014;10-Aug-20;0;83
DK014;11-Aug-20;0;83
DK014;12-Aug-20;0;83
DK014;13-Aug-20;0;83
DK014;14-Aug-20;0;83
DK014;15-Aug-20;0;83
DK014;16-Aug-20;0;83
DK014;17-Aug-20;0;83
DK014;18-Aug-20;0;83
DK014;19-Aug-20;0;83
DK014;20-Aug-20;0;83
DK014;21-Aug-20;0;83
DK014;22-Aug-20;0;83
DK014;23-Aug-20;0;83
DK014;24-Aug-20;0;83
DK014;25-Aug-20;0;83
DK014;26-Aug-20;0;83
DK014;27-Aug-20;0;83
DK014;28-Aug-20;0;83
DK014;29-Aug-20;0;83
DK014;30-Aug-20;0;83
DK014;31-Aug-20;1;84
DK014;01-Sep-20;0;84
DK014;02-Sep-20;1;85
DK014;03-Sep-20;0;85
DK014;04-Sep-20;3;88
DK014;05-Sep-20;2;90
DK014;06-Sep-20;1;91
DK014;07-Sep-20;0;91
DK014;08-Sep-20;3;94
DK014;09-Sep-20;0;94
DK014;10-Sep-20;1;95
DK014;11-Sep-20;0;95
DK014;12-Sep-20;0;95
DK014;13-Sep-20;0;95
DK014;14-Sep-20;0;95
DK014;15-Sep-20;0;95
DK014;16-Sep-20;1;96
DK014;17-Sep-20;2;98
DK014;18-Sep-20;0;98
DK014;19-Sep-20;2;100
DK014;20-Sep-20;0;100
DK014;21-Sep-20;2;102
DK014;22-Sep-20;0;102
DK014;23-Sep-20;0;102
DK014;24-Sep-20;1;103
DK014;25-Sep-20;0;103
DK014;26-Sep-20;2;105
DK014;27-Sep-20;0;105
DK014;28-Sep-20;2;107
DK014;29-Sep-20;0;107
DK014;30-Sep-20;0;107
DK014;01-Oct-20;0;107
DK014;02-Oct-20;1;108
DK014;03-Oct-20;0;108
DK014;04-Oct-20;0;108
DK014;05-Oct-20;1;109
DK014;06-Oct-20;1;110
DK014;07-Oct-20;0;110
DK014;08-Oct-20;1;111
DK014;09-Oct-20;2;113
DK014;10-Oct-20;0;113
DK014;11-Oct-20;0;113
DK014;12-Oct-20;1;114
DK014;13-Oct-20;1;115
DK014;14-Oct-20;1;116
DK014;15-Oct-20;0;116
DK014;16-Oct-20;2;118
DK014;17-Oct-20;0;118
DK014;18-Oct-20;4;122
DK014;19-Oct-20;0;122
DK014;20-Oct-20;0;122
DK014;21-Oct-20;1;123
DK014;22-Oct-20;0;123
DK014;23-Oct-20;1;124
DK014;24-Oct-20;0;124
DK014;25-Oct-20;0;124
DK014;26-Oct-20;0;124
DK014;27-Oct-20;0;124
DK014;28-Oct-20;2;126
DK014;29-Oct-20;1;127
DK014;30-Oct-20;2;129
DK014;31-Oct-20;1;130
DK014;01-Nov-20;6;136
DK014;02-Nov-20;0;136
DK014;03-Nov-20;4;140
DK014;04-Nov-20;2;142
DK014;05-Nov-20;2;144
DK014;06-Nov-20;2;146
DK014;07-Nov-20;5;151
DK014;08-Nov-20;1;152
DK014;09-Nov-20;5;157
DK014;10-Nov-20;9;166
DK014;11-Nov-20;5;171
DK014;12-Nov-20;5;176
DK014;13-Nov-20;9;185
DK014;14-Nov-20;8;193
DK014;15-Nov-20;8;201
DK014;16-Nov-20;6;207
DK014;17-Nov-20;12;219
DK014;18-Nov-20;9;228
DK014;19-Nov-20;8;236
DK014;20-Nov-20;7;243
DK014;21-Nov-20;8;251
DK014;22-Nov-20;9;260
DK014;23-Nov-20;6;266
DK014;24-Nov-20;11;277
DK014;25-Nov-20;10;287
DK014;26-Nov-20;3;290
DK014;27-Nov-20;3;293
DK014;28-Nov-20;3;296
DK014;29-Nov-20;4;300
DK014;30-Nov-20;2;302
DK014;01-Dec-20;4;306
DK014;02-Dec-20;9;315
DK014;03-Dec-20;3;318
DK014;04-Dec-20;8;326
DK014;05-Dec-20;3;329
DK014;06-Dec-20;4;333
DK014;07-Dec-20;8;341
DK014;08-Dec-20;9;350
DK014;09-Dec-20;9;359
DK014;10-Dec-20;6;365
DK014;11-Dec-20;10;375
DK014;12-Dec-20;3;378
DK014;13-Dec-20;7;385
DK014;14-Dec-20;10;395
DK014;15-Dec-20;6;401
DK014;16-Dec-20;8;409
DK014;17-Dec-20;16;425
DK014;18-Dec-20;8;433
DK014;19-Dec-20;8;441
DK014;20-Dec-20;4;445
DK014;21-Dec-20;6;451
DK014;22-Dec-20;6;457
DK014;23-Dec-20;14;471
DK014;24-Dec-20;4;475
DK014;25-Dec-20;3;478
DK014;26-Dec-20;7;485
DK014;27-Dec-20;5;490
DK014;28-Dec-20;9;499
DK014;29-Dec-20;10;509
DK014;30-Dec-20;6;515
DK014;31-Dec-20;1;516
DK014;01-Jan-21;0;516
DK014;02-Jan-21;2;518
DK014;03-Jan-21;3;521
DK014;04-Jan-21;7;528
DK014;05-Jan-21;3;531
DK014;06-Jan-21;2;533
DK014;07-Jan-21;0;533
DK014;08-Jan-21;3;536
DK014;09-Jan-21;1;537
DK014;10-Jan-21;1;538
DK014;11-Jan-21;2;540
DK014;12-Jan-21;2;542
DK014;13-Jan-21;1;543
DK014;14-Jan-21;0;543
DK014;15-Jan-21;2;545
DK014;16-Jan-21;0;545
DK014;17-Jan-21;2;547
DK014;18-Jan-21;1;548
DK014;19-Jan-21;0;548
DK014;20-Jan-21;2;550
DK014;21-Jan-21;1;551
DK014;22-Jan-21;0;551
DK014;23-Jan-21;0;551
DK014;24-Jan-21;0;551
DK014;25-Jan-21;0;551
DK014;26-Jan-21;2;553
DK014;27-Jan-21;0;553
DK014;28-Jan-21;0;553
DK014;29-Jan-21;1;554
DK014;30-Jan-21;0;554
DK014;31-Jan-21;0;554
DK014;01-Feb-21;1;555
DK014;02-Feb-21;0;555
DK014;03-Feb-21;0;555
DK014;04-Feb-21;0;555
DK014;05-Feb-21;0;555
DK014;06-Feb-21;0;555
DK014;07-Feb-21;0;555
DK014;08-Feb-21;0;555
DK014;09-Feb-21;0;555
DK014;10-Feb-21;1;556
DK014;11-Feb-21;0;556
DK014;12-Feb-21;0;556
DK014;13-Feb-21;0;556
DK014;14-Feb-21;1;557
DK014;15-Feb-21;1;558
DK014;16-Feb-21;0;558
DK014;17-Feb-21;1;559
DK014;18-Feb-21;1;560
DK014;19-Feb-21;0;560
DK014;20-Feb-21;2;562
DK014;21-Feb-21;0;562
DK014;22-Feb-21;1;563
DK014;23-Feb-21;0;563
DK014;24-Feb-21;0;563
DK014;25-Feb-21;1;564
DK014;26-Feb-21;0;564
DK014;27-Feb-21;1;565
DK014;28-Feb-21;0;565
DK014;01-Mar-21;0;565
DK014;02-Mar-21;1;566
DK014;03-Mar-21;1;567
DK014;04-Mar-21;1;568
DK014;05-Mar-21;1;569
DK014;06-Mar-21;0;569
DK014;07-Mar-21;1;570
DK014;08-Mar-21;0;570
DK014;09-Mar-21;1;571
DK014;10-Mar-21;0;571
DK014;11-Mar-21;1;572
DK014;12-Mar-21;0;572
DK014;13-Mar-21;0;572
DK014;14-Mar-21;0;572
DK014;15-Mar-21;0;572
DK014;16-Mar-21;0;572
DK014;17-Mar-21;1;573
DK014;18-Mar-21;0;573
DK014;19-Mar-21;0;573
DK014;20-Mar-21;0;573
DK014;21-Mar-21;1;574
DK014;22-Mar-21;1;575
DK014;23-Mar-21;0;575
DK014;24-Mar-21;0;575
DK014;25-Mar-21;1;576
DK014;26-Mar-21;0;576
DK014;27-Mar-21;0;576
DK014;28-Mar-21;0;576
DK014;29-Mar-21;0;576
DK014;30-Mar-21;1;577
DK014;31-Mar-21;1;578
DK014;01-Apr-21;0;578
DK014;02-Apr-21;0;578
DK014;03-Apr-21;1;579
DK014;04-Apr-21;0;579
DK014;05-Apr-21;0;579
DK014;06-Apr-21;0;579
DK014;07-Apr-21;1;580
DK014;08-Apr-21;0;580
DK014;09-Apr-21;2;582
DK014;10-Apr-21;0;582
DK014;11-Apr-21;0;582
DK014;12-Apr-21;0;582
DK014;13-Apr-21;0;582
DK014;14-Apr-21;3;585
DK014;15-Apr-21;2;587
DK014;16-Apr-21;1;588
DK014;17-Apr-21;0;588
DK014;18-Apr-21;1;589
DK014;19-Apr-21;1;590
DK014;20-Apr-21;0;590
DK014;21-Apr-21;0;590
DK014;22-Apr-21;1;591
DK014;23-Apr-21;2;593
DK014;24-Apr-21;0;593
DK014;25-Apr-21;0;593
DK014;26-Apr-21;1;594
DK014;27-Apr-21;0;594
DK014;28-Apr-21;1;595
DK014;29-Apr-21;1;596
DK014;30-Apr-21;4;600
DK014;01-May-21;1;601
DK014;02-May-21;0;601
DK014;03-May-21;2;603
DK014;04-May-21;6;609
DK014;05-May-21;4;613
DK014;06-May-21;5;618
DK014;07-May-21;2;620
DK014;08-May-21;5;625
DK014;09-May-21;5;630
DK014;10-May-21;2;632
DK014;11-May-21;2;634
DK014;12-May-21;1;635
DK014;13-May-21;1;636
DK014;14-May-21;1;637
DK014;15-May-21;1;638
DK014;16-May-21;2;640
DK014;17-May-21;3;643
DK014;18-May-21;3;646
DK014;19-May-21;2;648
DK014;20-May-21;3;651
DK014;21-May-21;1;652
DK014;22-May-21;3;655
DK014;23-May-21;2;657
DK014;24-May-21;4;661
DK014;25-May-21;1;662
DK014;26-May-21;2;664
DK014;27-May-21;6;670
DK014;28-May-21;0;670
DK014;29-May-21;6;676
DK014;30-May-21;1;677
DK014;31-May-21;5;682
DK014;01-Jun-21;0;682
DK014;02-Jun-21;3;685
DK014;03-Jun-21;4;689
DK014;04-Jun-21;3;692
DK014;05-Jun-21;0;692
DK014;06-Jun-21;2;694
DK014;07-Jun-21;11;705
DK014;08-Jun-21;2;707
DK014;09-Jun-21;1;708
DK014;10-Jun-21;2;710
DK014;11-Jun-21;1;711
DK014;12-Jun-21;1;712
DK014;13-Jun-21;0;712
DK014;14-Jun-21;0;712
DK014;15-Jun-21;1;713
DK014;16-Jun-21;0;713
DK014;17-Jun-21;0;713
DK014;18-Jun-21;1;714
DK014;19-Jun-21;0;714
DK014;20-Jun-21;1;715
DK014;21-Jun-21;1;716
DK014;22-Jun-21;0;716
DK014;23-Jun-21;1;717
DK014;24-Jun-21;2;719
DK014;25-Jun-21;0;719
DK014;26-Jun-21;0;719
DK014;27-Jun-21;0;719
DK014;28-Jun-21;0;719
DK014;29-Jun-21;0;719
DK014;30-Jun-21;1;720
DK021;26-Feb-20;1;1
DK021;27-Feb-20;0;1
DK021;28-Feb-20;0;1
DK021;01-Mar-20;0;1
DK021;02-Mar-20;0;1
DK021;03-Mar-20;0;1
DK021;04-Mar-20;1;2
DK021;05-Mar-20;0;2
DK021;06-Mar-20;0;2
DK021;07-Mar-20;0;2
DK021;08-Mar-20;2;4
DK021;09-Mar-20;12;16
DK021;10-Mar-20;18;34
DK021;11-Mar-20;13;47
DK021;12-Mar-20;3;50
DK021;13-Mar-20;2;52
DK021;14-Mar-20;3;55
DK021;15-Mar-20;4;59
DK021;16-Mar-20;3;62
DK021;17-Mar-20;4;66
DK021;18-Mar-20;1;67
DK021;19-Mar-20;3;70
DK021;20-Mar-20;2;72
DK021;21-Mar-20;2;74
DK021;22-Mar-20;1;75
DK021;23-Mar-20;9;84
DK021;24-Mar-20;7;91
DK021;25-Mar-20;14;105
DK021;26-Mar-20;6;111
DK021;27-Mar-20;14;125
DK021;28-Mar-20;4;129
DK021;29-Mar-20;5;134
DK021;30-Mar-20;26;160
DK021;31-Mar-20;12;172
DK021;01-Apr-20;4;176
DK021;02-Apr-20;20;196
DK021;03-Apr-20;11;207
DK021;04-Apr-20;11;218
DK021;05-Apr-20;7;225
DK021;06-Apr-20;21;246
DK021;07-Apr-20;19;265
DK021;08-Apr-20;16;281
DK021;09-Apr-20;5;286
DK021;10-Apr-20;3;289
DK021;11-Apr-20;1;290
DK021;12-Apr-20;7;297
DK021;13-Apr-20;5;302
DK021;14-Apr-20;11;313
DK021;15-Apr-20;9;322
DK021;16-Apr-20;10;332
DK021;17-Apr-20;8;340
DK021;18-Apr-20;3;343
DK021;19-Apr-20;6;349
DK021;20-Apr-20;3;352
DK021;21-Apr-20;7;359
DK021;22-Apr-20;7;366
DK021;23-Apr-20;11;377
DK021;24-Apr-20;9;386
DK021;25-Apr-20;8;394
DK021;26-Apr-20;11;405
DK021;27-Apr-20;8;413
DK021;28-Apr-20;5;418
DK021;29-Apr-20;1;419
DK021;30-Apr-20;7;426
DK021;01-May-20;9;435
DK021;02-May-20;3;438
DK021;03-May-20;4;442
DK021;04-May-20;9;451
DK021;05-May-20;6;457
DK021;06-May-20;6;463
DK021;07-May-20;8;471
DK021;08-May-20;4;475
DK021;09-May-20;3;478
DK021;10-May-20;4;482
DK021;11-May-20;3;485
DK021;12-May-20;9;494
DK021;13-May-20;3;497
DK021;14-May-20;3;500
DK021;15-May-20;4;504
DK021;16-May-20;2;506
DK021;17-May-20;2;508
DK021;18-May-20;4;512
DK021;19-May-20;2;514
DK021;20-May-20;5;519
DK021;21-May-20;2;521
DK021;22-May-20;4;525
DK021;23-May-20;2;527
DK021;24-May-20;2;529
DK021;25-May-20;2;531
DK021;26-May-20;2;533
DK021;27-May-20;4;537
DK021;28-May-20;3;540
DK021;29-May-20;7;547
DK021;30-May-20;4;551
DK021;31-May-20;4;555
DK021;01-Jun-20;5;560
DK021;02-Jun-20;11;571
DK021;03-Jun-20;13;584
DK021;04-Jun-20;4;588
DK021;05-Jun-20;4;592
DK021;06-Jun-20;2;594
DK021;07-Jun-20;0;594
DK021;08-Jun-20;2;596
DK021;09-Jun-20;3;599
DK021;10-Jun-20;4;603
DK021;11-Jun-20;8;611
DK021;12-Jun-20;3;614
DK021;13-Jun-20;1;615
DK021;14-Jun-20;0;615
DK021;15-Jun-20;4;619
DK021;16-Jun-20;3;622
DK021;17-Jun-20;12;634
DK021;18-Jun-20;4;638
DK021;19-Jun-20;9;647
DK021;20-Jun-20;2;649
DK021;21-Jun-20;0;649
DK021;22-Jun-20;2;651
DK021;23-Jun-20;1;652
DK021;24-Jun-20;1;653
DK021;25-Jun-20;0;653
DK021;26-Jun-20;1;654
DK021;27-Jun-20;0;654
DK021;28-Jun-20;0;654
DK021;29-Jun-20;0;654
DK021;30-Jun-20;1;655
DK021;01-Jul-20;0;655
DK021;02-Jul-20;0;655
DK021;03-Jul-20;0;655
DK021;04-Jul-20;0;655
DK021;05-Jul-20;0;655
DK021;06-Jul-20;1;656
DK021;07-Jul-20;0;656
DK021;08-Jul-20;1;657
DK021;09-Jul-20;5;662
DK021;10-Jul-20;3;665
DK021;11-Jul-20;0;665
DK021;12-Jul-20;0;665
DK021;13-Jul-20;3;668
DK021;14-Jul-20;4;672
DK021;15-Jul-20;1;673
DK021;16-Jul-20;3;676
DK021;17-Jul-20;1;677
DK021;18-Jul-20;8;685
DK021;19-Jul-20;3;688
DK021;20-Jul-20;4;692
DK021;21-Jul-20;3;695
DK021;22-Jul-20;5;700
DK021;23-Jul-20;3;703
DK021;24-Jul-20;1;704
DK021;25-Jul-20;7;711
DK021;26-Jul-20;1;712
DK021;27-Jul-20;4;716
DK021;28-Jul-20;1;717
DK021;29-Jul-20;3;720
DK021;30-Jul-20;1;721
DK021;31-Jul-20;4;725
DK021;01-Aug-20;1;726
DK021;02-Aug-20;3;729
DK021;03-Aug-20;2;731
DK021;04-Aug-20;8;739
DK021;05-Aug-20;1;740
DK021;06-Aug-20;2;742
DK021;07-Aug-20;3;745
DK021;08-Aug-20;3;748
DK021;09-Aug-20;2;750
DK021;10-Aug-20;5;755
DK021;11-Aug-20;9;764
DK021;12-Aug-20;0;764
DK021;13-Aug-20;0;764
DK021;14-Aug-20;2;766
DK021;15-Aug-20;1;767
DK021;16-Aug-20;5;772
DK021;17-Aug-20;1;773
DK021;18-Aug-20;6;779
DK021;19-Aug-20;1;780
DK021;20-Aug-20;4;784
DK021;21-Aug-20;3;787
DK021;22-Aug-20;2;789
DK021;23-Aug-20;2;791
DK021;24-Aug-20;3;794
DK021;25-Aug-20;1;795
DK021;26-Aug-20;5;800
DK021;27-Aug-20;1;801
DK021;28-Aug-20;5;806
DK021;29-Aug-20;1;807
DK021;30-Aug-20;2;809
DK021;31-Aug-20;6;815
DK021;01-Sep-20;11;826
DK021;02-Sep-20;12;838
DK021;03-Sep-20;10;848
DK021;04-Sep-20;15;863
DK021;05-Sep-20;8;871
DK021;06-Sep-20;11;882
DK021;07-Sep-20;25;907
DK021;08-Sep-20;16;923
DK021;09-Sep-20;11;934
DK021;10-Sep-20;10;944
DK021;11-Sep-20;9;953
DK021;12-Sep-20;14;967
DK021;13-Sep-20;7;974
DK021;14-Sep-20;14;988
DK021;15-Sep-20;19;1007
DK021;16-Sep-20;19;1026
DK021;17-Sep-20;20;1046
DK021;18-Sep-20;23;1069
DK021;19-Sep-20;26;1095
DK021;20-Sep-20;23;1118
DK021;21-Sep-20;28;1146
DK021;22-Sep-20;33;1179
DK021;23-Sep-20;57;1236
DK021;24-Sep-20;39;1275
DK021;25-Sep-20;46;1321
DK021;26-Sep-20;23;1344
DK021;27-Sep-20;20;1364
DK021;28-Sep-20;34;1398
DK021;29-Sep-20;28;1426
DK021;30-Sep-20;32;1458
DK021;01-Oct-20;24;1482
DK021;02-Oct-20;23;1505
DK021;03-Oct-20;15;1520
DK021;04-Oct-20;13;1533
DK021;05-Oct-20;18;1551
DK021;06-Oct-20;16;1567
DK021;07-Oct-20;16;1583
DK021;08-Oct-20;10;1593
DK021;09-Oct-20;10;1603
DK021;10-Oct-20;11;1614
DK021;11-Oct-20;15;1629
DK021;12-Oct-20;14;1643
DK021;13-Oct-20;9;1652
DK021;14-Oct-20;10;1662
DK021;15-Oct-20;15;1677
DK021;16-Oct-20;23;1700
DK021;17-Oct-20;13;1713
DK021;18-Oct-20;21;1734
DK021;19-Oct-20;32;1766
DK021;20-Oct-20;33;1799
DK021;21-Oct-20;49;1848
DK021;22-Oct-20;32;1880
DK021;23-Oct-20;43;1923
DK021;24-Oct-20;37;1960
DK021;25-Oct-20;36;1996
DK021;26-Oct-20;45;2041
DK021;27-Oct-20;57;2098
DK021;28-Oct-20;80;2178
DK021;29-Oct-20;49;2227
DK021;30-Oct-20;79;2306
DK021;31-Oct-20;45;2351
DK021;01-Nov-20;35;2386
DK021;02-Nov-20;68;2454
DK021;03-Nov-20;59;2513
DK021;04-Nov-20;84;2597
DK021;05-Nov-20;47;2644
DK021;06-Nov-20;68;2712
DK021;07-Nov-20;47;2759
DK021;08-Nov-20;30;2789
DK021;09-Nov-20;38;2827
DK021;10-Nov-20;55;2882
DK021;11-Nov-20;58;2940
DK021;12-Nov-20;43;2983
DK021;13-Nov-20;63;3046
DK021;14-Nov-20;46;3092
DK021;15-Nov-20;53;3145
DK021;16-Nov-20;70;3215
DK021;17-Nov-20;59;3274
DK021;18-Nov-20;76;3350
DK021;19-Nov-20;63;3413
DK021;20-Nov-20;91;3504
DK021;21-Nov-20;59;3563
DK021;22-Nov-20;40;3603
DK021;23-Nov-20;57;3660
DK021;24-Nov-20;67;3727
DK021;25-Nov-20;85;3812
DK021;26-Nov-20;61;3873
DK021;27-Nov-20;60;3933
DK021;28-Nov-20;65;3998
DK021;29-Nov-20;57;4055
DK021;30-Nov-20;76;4131
DK021;01-Dec-20;71;4202
DK021;02-Dec-20;91;4293
DK021;03-Dec-20;98;4391
DK021;04-Dec-20;95;4486
DK021;05-Dec-20;105;4591
DK021;06-Dec-20;96;4687
DK021;07-Dec-20;141;4828
DK021;08-Dec-20;159;4987
DK021;09-Dec-20;152;5139
DK021;10-Dec-20;135;5274
DK021;11-Dec-20;184;5458
DK021;12-Dec-20;141;5599
DK021;13-Dec-20;130;5729
DK021;14-Dec-20;185;5914
DK021;15-Dec-20;220;6134
DK021;16-Dec-20;256;6390
DK021;17-Dec-20;192;6582
DK021;18-Dec-20;163;6745
DK021;19-Dec-20;137;6882
DK021;20-Dec-20;139;7021
DK021;21-Dec-20;184;7205
DK021;22-Dec-20;167;7372
DK021;23-Dec-20;135;7507
DK021;24-Dec-20;68;7575
DK021;25-Dec-20;88;7663
DK021;26-Dec-20;139;7802
DK021;27-Dec-20;121;7923
DK021;28-Dec-20;201;8124
DK021;29-Dec-20;149;8273
DK021;30-Dec-20;151;8424
DK021;31-Dec-20;57;8481
DK021;01-Jan-21;37;8518
DK021;02-Jan-21;97;8615
DK021;03-Jan-21;69;8684
DK021;04-Jan-21;135;8819
DK021;05-Jan-21;114;8933
DK021;06-Jan-21;92;9025
DK021;07-Jan-21;68;9093
DK021;08-Jan-21;70;9163
DK021;09-Jan-21;73;9236
DK021;10-Jan-21;56;9292
DK021;11-Jan-21;88;9380
DK021;12-Jan-21;59;9439
DK021;13-Jan-21;59;9498
DK021;14-Jan-21;59;9557
DK021;15-Jan-21;45;9602
DK021;16-Jan-21;34;9636
DK021;17-Jan-21;54;9690
DK021;18-Jan-21;60;9750
DK021;19-Jan-21;52;9802
DK021;20-Jan-21;56;9858
DK021;21-Jan-21;55;9913
DK021;22-Jan-21;46;9959
DK021;23-Jan-21;45;10004
DK021;24-Jan-21;41;10045
DK021;25-Jan-21;59;10104
DK021;26-Jan-21;59;10163
DK021;27-Jan-21;44;10207
DK021;28-Jan-21;42;10249
DK021;29-Jan-21;33;10282
DK021;30-Jan-21;32;10314
DK021;31-Jan-21;23;10337
DK021;01-Feb-21;49;10386
DK021;02-Feb-21;33;10419
DK021;03-Feb-21;35;10454
DK021;04-Feb-21;35;10489
DK021;05-Feb-21;32;10521
DK021;06-Feb-21;20;10541
DK021;07-Feb-21;25;10566
DK021;08-Feb-21;49;10615
DK021;09-Feb-21;29;10644
DK021;10-Feb-21;25;10669
DK021;11-Feb-21;33;10702
DK021;12-Feb-21;23;10725
DK021;13-Feb-21;16;10741
DK021;14-Feb-21;20;10761
DK021;15-Feb-21;27;10788
DK021;16-Feb-21;18;10806
DK021;17-Feb-21;17;10823
DK021;18-Feb-21;23;10846
DK021;19-Feb-21;26;10872
DK021;20-Feb-21;19;10891
DK021;21-Feb-21;23;10914
DK021;22-Feb-21;35;10949
DK021;23-Feb-21;33;10982
DK021;24-Feb-21;39;11021
DK021;25-Feb-21;42;11063
DK021;26-Feb-21;27;11090
DK021;27-Feb-21;25;11115
DK021;28-Feb-21;15;11130
DK021;01-Mar-21;50;11180
DK021;02-Mar-21;26;11206
DK021;03-Mar-21;20;11226
DK021;04-Mar-21;29;11255
DK021;05-Mar-21;19;11274
DK021;06-Mar-21;27;11301
DK021;07-Mar-21;18;11319
DK021;08-Mar-21;37;11356
DK021;09-Mar-21;24;11380
DK021;10-Mar-21;21;11401
DK021;11-Mar-21;33;11434
DK021;12-Mar-21;19;11453
DK021;13-Mar-21;15;11468
DK021;14-Mar-21;15;11483
DK021;15-Mar-21;28;11511
DK021;16-Mar-21;30;11541
DK021;17-Mar-21;34;11575
DK021;18-Mar-21;25;11600
DK021;19-Mar-21;31;11631
DK021;20-Mar-21;22;11653
DK021;21-Mar-21;26;11679
DK021;22-Mar-21;32;11711
DK021;23-Mar-21;32;11743
DK021;24-Mar-21;41;11784
DK021;25-Mar-21;23;11807
DK021;26-Mar-21;28;11835
DK021;27-Mar-21;25;11860
DK021;28-Mar-21;29;11889
DK021;29-Mar-21;45;11934
DK021;30-Mar-21;33;11967
DK021;31-Mar-21;24;11991
DK021;01-Apr-21;44;12035
DK021;02-Apr-21;21;12056
DK021;03-Apr-21;28;12084
DK021;04-Apr-21;21;12105
DK021;05-Apr-21;22;12127
DK021;06-Apr-21;20;12147
DK021;07-Apr-21;27;12174
DK021;08-Apr-21;44;12218
DK021;09-Apr-21;34;12252
DK021;10-Apr-21;32;12284
DK021;11-Apr-21;41;12325
DK021;12-Apr-21;37;12362
DK021;13-Apr-21;42;12404
DK021;14-Apr-21;28;12432
DK021;15-Apr-21;36;12468
DK021;16-Apr-21;36;12504
DK021;17-Apr-21;27;12531
DK021;18-Apr-21;28;12559
DK021;19-Apr-21;40;12599
DK021;20-Apr-21;42;12641
DK021;21-Apr-21;32;12673
DK021;22-Apr-21;29;12702
DK021;23-Apr-21;29;12731
DK021;24-Apr-21;26;12757
DK021;25-Apr-21;31;12788
DK021;26-Apr-21;35;12823
DK021;27-Apr-21;35;12858
DK021;28-Apr-21;25;12883
DK021;29-Apr-21;39;12922
DK021;30-Apr-21;28;12950
DK021;01-May-21;34;12984
DK021;02-May-21;22;13006
DK021;03-May-21;57;13063
DK021;04-May-21;37;13100
DK021;05-May-21;40;13140
DK021;06-May-21;51;13191
DK021;07-May-21;36;13227
DK021;08-May-21;38;13265
DK021;09-May-21;39;13304
DK021;10-May-21;60;13364
DK021;11-May-21;76;13440
DK021;12-May-21;63;13503
DK021;13-May-21;52;13555
DK021;14-May-21;51;13606
DK021;15-May-21;68;13674
DK021;16-May-21;56;13730
DK021;17-May-21;66;13796
DK021;18-May-21;55;13851
DK021;19-May-21;80;13931
DK021;20-May-21;47;13978
DK021;21-May-21;41;14019
DK021;22-May-21;43;14062
DK021;23-May-21;34;14096
DK021;24-May-21;36;14132
DK021;25-May-21;46;14178
DK021;26-May-21;43;14221
DK021;27-May-21;52;14273
DK021;28-May-21;48;14321
DK021;29-May-21;35;14356
DK021;30-May-21;42;14398
DK021;31-May-21;36;14434
DK021;01-Jun-21;41;14475
DK021;02-Jun-21;37;14512
DK021;03-Jun-21;48;14560
DK021;04-Jun-21;40;14600
DK021;05-Jun-21;64;14664
DK021;06-Jun-21;32;14696
DK021;07-Jun-21;32;14728
DK021;08-Jun-21;28;14756
DK021;09-Jun-21;38;14794
DK021;10-Jun-21;17;14811
DK021;11-Jun-21;14;14825
DK021;12-Jun-21;15;14840
DK021;13-Jun-21;8;14848
DK021;14-Jun-21;20;14868
DK021;15-Jun-21;10;14878
DK021;16-Jun-21;19;14897
DK021;17-Jun-21;15;14912
DK021;18-Jun-21;9;14921
DK021;19-Jun-21;10;14931
DK021;20-Jun-21;5;14936
DK021;21-Jun-21;4;14940
DK021;22-Jun-21;11;14951
DK021;23-Jun-21;8;14959
DK021;24-Jun-21;5;14964
DK021;25-Jun-21;7;14971
DK021;26-Jun-21;3;14974
DK021;27-Jun-21;8;14982
DK021;28-Jun-21;11;14993
DK021;29-Jun-21;34;15027
DK021;30-Jun-21;7;15034
DK022;26-Feb-20;0;0
DK022;27-Feb-20;0;0
DK022;28-Feb-20;0;0
DK022;01-Mar-20;0;0
DK022;02-Mar-20;1;1
DK022;03-Mar-20;0;1
DK022;04-Mar-20;0;1
DK022;05-Mar-20;0;1
DK022;06-Mar-20;1;2
DK022;07-Mar-20;0;2
DK022;08-Mar-20;2;4
DK022;09-Mar-20;25;29
DK022;10-Mar-20;9;38
DK022;11-Mar-20;14;52
DK022;12-Mar-20;3;55
DK022;13-Mar-20;1;56
DK022;14-Mar-20;4;60
DK022;15-Mar-20;6;66
DK022;16-Mar-20;12;78
DK022;17-Mar-20;6;84
DK022;18-Mar-20;13;97
DK022;19-Mar-20;3;100
DK022;20-Mar-20;17;117
DK022;21-Mar-20;6;123
DK022;22-Mar-20;10;133
DK022;23-Mar-20;8;141
DK022;24-Mar-20;11;152
DK022;25-Mar-20;15;167
DK022;26-Mar-20;13;180
DK022;27-Mar-20;14;194
DK022;28-Mar-20;20;214
DK022;29-Mar-20;10;224
DK022;30-Mar-20;30;254
DK022;31-Mar-20;26;280
DK022;01-Apr-20;29;309
DK022;02-Apr-20;45;354
DK022;03-Apr-20;41;395
DK022;04-Apr-20;15;410
DK022;05-Apr-20;11;421
DK022;06-Apr-20;42;463
DK022;07-Apr-20;34;497
DK022;08-Apr-20;36;533
DK022;09-Apr-20;14;547
DK022;10-Apr-20;18;565
DK022;11-Apr-20;14;579
DK022;12-Apr-20;12;591
DK022;13-Apr-20;13;604
DK022;14-Apr-20;40;644
DK022;15-Apr-20;21;665
DK022;16-Apr-20;14;679
DK022;17-Apr-20;35;714
DK022;18-Apr-20;19;733
DK022;19-Apr-20;23;756
DK022;20-Apr-20;33;789
DK022;21-Apr-20;39;828
DK022;22-Apr-20;27;855
DK022;23-Apr-20;39;894
DK022;24-Apr-20;26;920
DK022;25-Apr-20;15;935
DK022;26-Apr-20;7;942
DK022;27-Apr-20;53;995
DK022;28-Apr-20;24;1019
DK022;29-Apr-20;20;1039
DK022;30-Apr-20;24;1063
DK022;01-May-20;16;1079
DK022;02-May-20;26;1105
DK022;03-May-20;7;1112
DK022;04-May-20;20;1132
DK022;05-May-20;29;1161
DK022;06-May-20;9;1170
DK022;07-May-20;24;1194
DK022;08-May-20;5;1199
DK022;09-May-20;8;1207
DK022;10-May-20;4;1211
DK022;11-May-20;9;1220
DK022;12-May-20;1;1221
DK022;13-May-20;10;1231
DK022;14-May-20;11;1242
DK022;15-May-20;10;1252
DK022;16-May-20;6;1258
DK022;17-May-20;5;1263
DK022;18-May-20;4;1267
DK022;19-May-20;6;1273
DK022;20-May-20;7;1280
DK022;21-May-20;3;1283
DK022;22-May-20;10;1293
DK022;23-May-20;2;1295
DK022;24-May-20;3;1298
DK022;25-May-20;3;1301
DK022;26-May-20;5;1306
DK022;27-May-20;4;1310
DK022;28-May-20;4;1314
DK022;29-May-20;4;1318
DK022;30-May-20;5;1323
DK022;31-May-20;2;1325
DK022;01-Jun-20;3;1328
DK022;02-Jun-20;5;1333
DK022;03-Jun-20;5;1338
DK022;04-Jun-20;2;1340
DK022;05-Jun-20;0;1340
DK022;06-Jun-20;0;1340
DK022;07-Jun-20;0;1340
DK022;08-Jun-20;0;1340
DK022;09-Jun-20;1;1341
DK022;10-Jun-20;3;1344
DK022;11-Jun-20;1;1345
DK022;12-Jun-20;1;1346
DK022;13-Jun-20;5;1351
DK022;14-Jun-20;2;1353
DK022;15-Jun-20;0;1353
DK022;16-Jun-20;4;1357
DK022;17-Jun-20;0;1357
DK022;18-Jun-20;2;1359
DK022;19-Jun-20;6;1365
DK022;20-Jun-20;2;1367
DK022;21-Jun-20;1;1368
DK022;22-Jun-20;0;1368
DK022;23-Jun-20;0;1368
DK022;24-Jun-20;4;1372
DK022;25-Jun-20;1;1373
DK022;26-Jun-20;1;1374
DK022;27-Jun-20;0;1374
DK022;28-Jun-20;0;1374
DK022;29-Jun-20;2;1376
DK022;30-Jun-20;3;1379
DK022;01-Jul-20;0;1379
DK022;02-Jul-20;0;1379
DK022;03-Jul-20;0;1379
DK022;04-Jul-20;0;1379
DK022;05-Jul-20;0;1379
DK022;06-Jul-20;0;1379
DK022;07-Jul-20;0;1379
DK022;08-Jul-20;1;1380
DK022;09-Jul-20;4;1384
DK022;10-Jul-20;1;1385
DK022;11-Jul-20;2;1387
DK022;12-Jul-20;5;1392
DK022;13-Jul-20;6;1398
DK022;14-Jul-20;1;1399
DK022;15-Jul-20;3;1402
DK022;16-Jul-20;6;1408
DK022;17-Jul-20;9;1417
DK022;18-Jul-20;5;1422
DK022;19-Jul-20;4;1426
DK022;20-Jul-20;3;1429
DK022;21-Jul-20;1;1430
DK022;22-Jul-20;1;1431
DK022;23-Jul-20;2;1433
DK022;24-Jul-20;1;1434
DK022;25-Jul-20;2;1436
DK022;26-Jul-20;1;1437
DK022;27-Jul-20;18;1455
DK022;28-Jul-20;25;1480
DK022;29-Jul-20;10;1490
DK022;30-Jul-20;25;1515
DK022;31-Jul-20;9;1524
DK022;01-Aug-20;13;1537
DK022;02-Aug-20;6;1543
DK022;03-Aug-20;27;1570
DK022;04-Aug-20;13;1583
DK022;05-Aug-20;7;1590
DK022;06-Aug-20;30;1620
DK022;07-Aug-20;4;1624
DK022;08-Aug-20;5;1629
DK022;09-Aug-20;2;1631
DK022;10-Aug-20;5;1636
DK022;11-Aug-20;9;1645
DK022;12-Aug-20;5;1650
DK022;13-Aug-20;2;1652
DK022;14-Aug-20;12;1664
DK022;15-Aug-20;5;1669
DK022;16-Aug-20;2;1671
DK022;17-Aug-20;5;1676
DK022;18-Aug-20;8;1684
DK022;19-Aug-20;3;1687
DK022;20-Aug-20;7;1694
DK022;21-Aug-20;2;1696
DK022;22-Aug-20;3;1699
DK022;23-Aug-20;2;1701
DK022;24-Aug-20;3;1704
DK022;25-Aug-20;3;1707
DK022;26-Aug-20;4;1711
DK022;27-Aug-20;6;1717
DK022;28-Aug-20;4;1721
DK022;29-Aug-20;1;1722
DK022;30-Aug-20;3;1725
DK022;31-Aug-20;3;1728
DK022;01-Sep-20;5;1733
DK022;02-Sep-20;2;1735
DK022;03-Sep-20;5;1740
DK022;04-Sep-20;8;1748
DK022;05-Sep-20;9;1757
DK022;06-Sep-20;7;1764
DK022;07-Sep-20;41;1805
DK022;08-Sep-20;34;1839
DK022;09-Sep-20;13;1852
DK022;10-Sep-20;40;1892
DK022;11-Sep-20;12;1904
DK022;12-Sep-20;9;1913
DK022;13-Sep-20;10;1923
DK022;14-Sep-20;17;1940
DK022;15-Sep-20;18;1958
DK022;16-Sep-20;27;1985
DK022;17-Sep-20;24;2009
DK022;18-Sep-20;25;2034
DK022;19-Sep-20;22;2056
DK022;20-Sep-20;23;2079
DK022;21-Sep-20;28;2107
DK022;22-Sep-20;35;2142
DK022;23-Sep-20;38;2180
DK022;24-Sep-20;42;2222
DK022;25-Sep-20;19;2241
DK022;26-Sep-20;30;2271
DK022;27-Sep-20;19;2290
DK022;28-Sep-20;28;2318
DK022;29-Sep-20;24;2342
DK022;30-Sep-20;27;2369
DK022;01-Oct-20;32;2401
DK022;02-Oct-20;18;2419
DK022;03-Oct-20;17;2436
DK022;04-Oct-20;17;2453
DK022;05-Oct-20;22;2475
DK022;06-Oct-20;24;2499
DK022;07-Oct-20;21;2520
DK022;08-Oct-20;18;2538
DK022;09-Oct-20;20;2558
DK022;10-Oct-20;14;2572
DK022;11-Oct-20;14;2586
DK022;12-Oct-20;55;2641
DK022;13-Oct-20;15;2656
DK022;14-Oct-20;26;2682
DK022;15-Oct-20;24;2706
DK022;16-Oct-20;25;2731
DK022;17-Oct-20;15;2746
DK022;18-Oct-20;14;2760
DK022;19-Oct-20;36;2796
DK022;20-Oct-20;37;2833
DK022;21-Oct-20;27;2860
DK022;22-Oct-20;43;2903
DK022;23-Oct-20;36;2939
DK022;24-Oct-20;52;2991
DK022;25-Oct-20;43;3034
DK022;26-Oct-20;54;3088
DK022;27-Oct-20;78;3166
DK022;28-Oct-20;61;3227
DK022;29-Oct-20;71;3298
DK022;30-Oct-20;73;3371
DK022;31-Oct-20;63;3434
DK022;01-Nov-20;49;3483
DK022;02-Nov-20;115;3598
DK022;03-Nov-20;87;3685
DK022;04-Nov-20;87;3772
DK022;05-Nov-20;93;3865
DK022;06-Nov-20;76;3941
DK022;07-Nov-20;68;4009
DK022;08-Nov-20;60;4069
DK022;09-Nov-20;80;4149
DK022;10-Nov-20;92;4241
DK022;11-Nov-20;94;4335
DK022;12-Nov-20;75;4410
DK022;13-Nov-20;88;4498
DK022;14-Nov-20;57;4555
DK022;15-Nov-20;57;4612
DK022;16-Nov-20;73;4685
DK022;17-Nov-20;78;4763
DK022;18-Nov-20;71;4834
DK022;19-Nov-20;77;4911
DK022;20-Nov-20;65;4976
DK022;21-Nov-20;52;5028
DK022;22-Nov-20;55;5083
DK022;23-Nov-20;86;5169
DK022;24-Nov-20;83;5252
DK022;25-Nov-20;85;5337
DK022;26-Nov-20;103;5440
DK022;27-Nov-20;73;5513
DK022;28-Nov-20;81;5594
DK022;29-Nov-20;86;5680
DK022;30-Nov-20;130;5810
DK022;01-Dec-20;136;5946
DK022;02-Dec-20;177;6123
DK022;03-Dec-20;151;6274
DK022;04-Dec-20;169;6443
DK022;05-Dec-20;162;6605
DK022;06-Dec-20;178;6783
DK022;07-Dec-20;241;7024
DK022;08-Dec-20;307;7331
DK022;09-Dec-20;286;7617
DK022;10-Dec-20;292;7909
DK022;11-Dec-20;321;8230
DK022;12-Dec-20;272;8502
DK022;13-Dec-20;246;8748
DK022;14-Dec-20;407;9155
DK022;15-Dec-20;389;9544
DK022;16-Dec-20;429;9973
DK022;17-Dec-20;378;10351
DK022;18-Dec-20;312;10663
DK022;19-Dec-20;251;10914
DK022;20-Dec-20;259;11173
DK022;21-Dec-20;305;11478
DK022;22-Dec-20;292;11770
DK022;23-Dec-20;307;12077
DK022;24-Dec-20;88;12165
DK022;25-Dec-20;117;12282
DK022;26-Dec-20;306;12588
DK022;27-Dec-20;205;12793
DK022;28-Dec-20;343;13136
DK022;29-Dec-20;293;13429
DK022;30-Dec-20;368;13797
DK022;31-Dec-20;96;13893
DK022;01-Jan-21;102;13995
DK022;02-Jan-21;225;14220
DK022;03-Jan-21;152;14372
DK022;04-Jan-21;263;14635
DK022;05-Jan-21;236;14871
DK022;06-Jan-21;180;15051
DK022;07-Jan-21;180;15231
DK022;08-Jan-21;152;15383
DK022;09-Jan-21;139;15522
DK022;10-Jan-21;111;15633
DK022;11-Jan-21;136;15769
DK022;12-Jan-21;175;15944
DK022;13-Jan-21;98;16042
DK022;14-Jan-21;87;16129
DK022;15-Jan-21;87;16216
DK022;16-Jan-21;71;16287
DK022;17-Jan-21;61;16348
DK022;18-Jan-21;80;16428
DK022;19-Jan-21;112;16540
DK022;20-Jan-21;93;16633
DK022;21-Jan-21;91;16724
DK022;22-Jan-21;84;16808
DK022;23-Jan-21;55;16863
DK022;24-Jan-21;43;16906
DK022;25-Jan-21;72;16978
DK022;26-Jan-21;76;17054
DK022;27-Jan-21;58;17112
DK022;28-Jan-21;41;17153
DK022;29-Jan-21;29;17182
DK022;30-Jan-21;24;17206
DK022;31-Jan-21;38;17244
DK022;01-Feb-21;39;17283
DK022;02-Feb-21;43;17326
DK022;03-Feb-21;37;17363
DK022;04-Feb-21;39;17402
DK022;05-Feb-21;29;17431
DK022;06-Feb-21;47;17478
DK022;07-Feb-21;21;17499
DK022;08-Feb-21;54;17553
DK022;09-Feb-21;44;17597
DK022;10-Feb-21;37;17634
DK022;11-Feb-21;49;17683
DK022;12-Feb-21;29;17712
DK022;13-Feb-21;15;17727
DK022;14-Feb-21;26;17753
DK022;15-Feb-21;21;17774
DK022;16-Feb-21;45;17819
DK022;17-Feb-21;31;17850
DK022;18-Feb-21;44;17894
DK022;19-Feb-21;51;17945
DK022;20-Feb-21;42;17987
DK022;21-Feb-21;35;18022
DK022;22-Feb-21;58;18080
DK022;23-Feb-21;66;18146
DK022;24-Feb-21;50;18196
DK022;25-Feb-21;62;18258
DK022;26-Feb-21;39;18297
DK022;27-Feb-21;37;18334
DK022;28-Feb-21;34;18368
DK022;01-Mar-21;56;18424
DK022;02-Mar-21;69;18493
DK022;03-Mar-21;64;18557
DK022;04-Mar-21;52;18609
DK022;05-Mar-21;47;18656
DK022;06-Mar-21;44;18700
DK022;07-Mar-21;42;18742
DK022;08-Mar-21;42;18784
DK022;09-Mar-21;54;18838
DK022;10-Mar-21;37;18875
DK022;11-Mar-21;49;18924
DK022;12-Mar-21;43;18967
DK022;13-Mar-21;32;18999
DK022;14-Mar-21;32;19031
DK022;15-Mar-21;51;19082
DK022;16-Mar-21;62;19144
DK022;17-Mar-21;52;19196
DK022;18-Mar-21;58;19254
DK022;19-Mar-21;51;19305
DK022;20-Mar-21;31;19336
DK022;21-Mar-21;25;19361
DK022;22-Mar-21;49;19410
DK022;23-Mar-21;56;19466
DK022;24-Mar-21;39;19505
DK022;25-Mar-21;40;19545
DK022;26-Mar-21;51;19596
DK022;27-Mar-21;53;19649
DK022;28-Mar-21;34;19683
DK022;29-Mar-21;44;19727
DK022;30-Mar-21;30;19757
DK022;31-Mar-21;34;19791
DK022;01-Apr-21;46;19837
DK022;02-Apr-21;42;19879
DK022;03-Apr-21;28;19907
DK022;04-Apr-21;20;19927
DK022;05-Apr-21;41;19968
DK022;06-Apr-21;44;20012
DK022;07-Apr-21;57;20069
DK022;08-Apr-21;53;20122
DK022;09-Apr-21;57;20179
DK022;10-Apr-21;25;20204
DK022;11-Apr-21;33;20237
DK022;12-Apr-21;69;20306
DK022;13-Apr-21;58;20364
DK022;14-Apr-21;48;20412
DK022;15-Apr-21;53;20465
DK022;16-Apr-21;50;20515
DK022;17-Apr-21;43;20558
DK022;18-Apr-21;50;20608
DK022;19-Apr-21;62;20670
DK022;20-Apr-21;57;20727
DK022;21-Apr-21;54;20781
DK022;22-Apr-21;55;20836
DK022;23-Apr-21;35;20871
DK022;24-Apr-21;41;20912
DK022;25-Apr-21;33;20945
DK022;26-Apr-21;66;21011
DK022;27-Apr-21;60;21071
DK022;28-Apr-21;67;21138
DK022;29-Apr-21;59;21197
DK022;30-Apr-21;41;21238
DK022;01-May-21;34;21272
DK022;02-May-21;33;21305
DK022;03-May-21;78;21383
DK022;04-May-21;80;21463
DK022;05-May-21;82;21545
DK022;06-May-21;94;21639
DK022;07-May-21;77;21716
DK022;08-May-21;46;21762
DK022;09-May-21;59;21821
DK022;10-May-21;123;21944
DK022;11-May-21;90;22034
DK022;12-May-21;124;22158
DK022;13-May-21;67;22225
DK022;14-May-21;84;22309
DK022;15-May-21;65;22374
DK022;16-May-21;68;22442
DK022;17-May-21;92;22534
DK022;18-May-21;104;22638
DK022;19-May-21;117;22755
DK022;20-May-21;108;22863
DK022;21-May-21;94;22957
DK022;22-May-21;40;22997
DK022;23-May-21;64;23061
DK022;24-May-21;84;23145
DK022;25-May-21;82;23227
DK022;26-May-21;85;23312
DK022;27-May-21;75;23387
DK022;28-May-21;64;23451
DK022;29-May-21;46;23497
DK022;30-May-21;40;23537
DK022;31-May-21;64;23601
DK022;01-Jun-21;60;23661
DK022;02-Jun-21;64;23725
DK022;03-Jun-21;54;23779
DK022;04-Jun-21;47;23826
DK022;05-Jun-21;38;23864
DK022;06-Jun-21;32;23896
DK022;07-Jun-21;28;23924
DK022;08-Jun-21;39;23963
DK022;09-Jun-21;34;23997
DK022;10-Jun-21;33;24030
DK022;11-Jun-21;20;24050
DK022;12-Jun-21;19;24069
DK022;13-Jun-21;15;24084
DK022;14-Jun-21;28;24112
DK022;15-Jun-21;18;24130
DK022;16-Jun-21;17;24147
DK022;17-Jun-21;15;24162
DK022;18-Jun-21;14;24176
DK022;19-Jun-21;12;24188
DK022;20-Jun-21;11;24199
DK022;21-Jun-21;6;24205
DK022;22-Jun-21;7;24212
DK022;23-Jun-21;8;24220
DK022;24-Jun-21;7;24227
DK022;25-Jun-21;13;24240
DK022;26-Jun-21;4;24244
DK022;27-Jun-21;3;24247
DK022;28-Jun-21;10;24257
DK022;29-Jun-21;9;24266
DK022;30-Jun-21;6;24272
DK031;26-Feb-20;0;0
DK031;27-Feb-20;0;0
DK031;28-Feb-20;0;0
DK031;01-Mar-20;0;0
DK031;02-Mar-20;1;1
DK031;03-Mar-20;0;1
DK031;04-Mar-20;0;1
DK031;05-Mar-20;0;1
DK031;06-Mar-20;0;1
DK031;07-Mar-20;0;1
DK031;08-Mar-20;1;2
DK031;09-Mar-20;20;22
DK031;10-Mar-20;11;33
DK031;11-Mar-20;14;47
DK031;12-Mar-20;6;53
DK031;13-Mar-20;1;54
DK031;14-Mar-20;3;57
DK031;15-Mar-20;2;59
DK031;16-Mar-20;5;64
DK031;17-Mar-20;2;66
DK031;18-Mar-20;2;68
DK031;19-Mar-20;5;73
DK031;20-Mar-20;4;77
DK031;21-Mar-20;2;79
DK031;22-Mar-20;2;81
DK031;23-Mar-20;9;90
DK031;24-Mar-20;12;102
DK031;25-Mar-20;7;109
DK031;26-Mar-20;9;118
DK031;27-Mar-20;13;131
DK031;28-Mar-20;10;141
DK031;29-Mar-20;3;144
DK031;30-Mar-20;20;164
DK031;31-Mar-20;13;177
DK031;01-Apr-20;14;191
DK031;02-Apr-20;23;214
DK031;03-Apr-20;27;241
DK031;04-Apr-20;5;246
DK031;05-Apr-20;4;250
DK031;06-Apr-20;23;273
DK031;07-Apr-20;15;288
DK031;08-Apr-20;9;297
DK031;09-Apr-20;6;303
DK031;10-Apr-20;7;310
DK031;11-Apr-20;6;316
DK031;12-Apr-20;9;325
DK031;13-Apr-20;2;327
DK031;14-Apr-20;17;344
DK031;15-Apr-20;8;352
DK031;16-Apr-20;14;366
DK031;17-Apr-20;5;371
DK031;18-Apr-20;2;373
DK031;19-Apr-20;3;376
DK031;20-Apr-20;3;379
DK031;21-Apr-20;7;386
DK031;22-Apr-20;1;387
DK031;23-Apr-20;2;389
DK031;24-Apr-20;1;390
DK031;25-Apr-20;8;398
DK031;26-Apr-20;2;400
DK031;27-Apr-20;2;402
DK031;28-Apr-20;0;402
DK031;29-Apr-20;0;402
DK031;30-Apr-20;2;404
DK031;01-May-20;1;405
DK031;02-May-20;5;410
DK031;03-May-20;5;415
DK031;04-May-20;0;415
DK031;05-May-20;2;417
DK031;06-May-20;0;417
DK031;07-May-20;0;417
DK031;08-May-20;2;419
DK031;09-May-20;0;419
DK031;10-May-20;2;421
DK031;11-May-20;7;428
DK031;12-May-20;4;432
DK031;13-May-20;4;436
DK031;14-May-20;3;439
DK031;15-May-20;8;447
DK031;16-May-20;1;448
DK031;17-May-20;1;449
DK031;18-May-20;6;455
DK031;19-May-20;3;458
DK031;20-May-20;3;461
DK031;21-May-20;0;461
DK031;22-May-20;3;464
DK031;23-May-20;0;464
DK031;24-May-20;1;465
DK031;25-May-20;0;465
DK031;26-May-20;0;465
DK031;27-May-20;0;465
DK031;28-May-20;2;467
DK031;29-May-20;3;470
DK031;30-May-20;1;471
DK031;31-May-20;0;471
DK031;01-Jun-20;2;473
DK031;02-Jun-20;4;477
DK031;03-Jun-20;1;478
DK031;04-Jun-20;2;480
DK031;05-Jun-20;1;481
DK031;06-Jun-20;0;481
DK031;07-Jun-20;0;481
DK031;08-Jun-20;6;487
DK031;09-Jun-20;2;489
DK031;10-Jun-20;1;490
DK031;11-Jun-20;0;490
DK031;12-Jun-20;0;490
DK031;13-Jun-20;0;490
DK031;14-Jun-20;0;490
DK031;15-Jun-20;0;490
DK031;16-Jun-20;0;490
DK031;17-Jun-20;2;492
DK031;18-Jun-20;0;492
DK031;19-Jun-20;0;492
DK031;20-Jun-20;0;492
DK031;21-Jun-20;0;492
DK031;22-Jun-20;0;492
DK031;23-Jun-20;1;493
DK031;24-Jun-20;5;498
DK031;25-Jun-20;1;499
DK031;26-Jun-20;1;500
DK031;27-Jun-20;0;500
DK031;28-Jun-20;0;500
DK031;29-Jun-20;1;501
DK031;30-Jun-20;0;501
DK031;01-Jul-20;0;501
DK031;02-Jul-20;0;501
DK031;03-Jul-20;0;501
DK031;04-Jul-20;2;503
DK031;05-Jul-20;0;503
DK031;06-Jul-20;0;503
DK031;07-Jul-20;0;503
DK031;08-Jul-20;0;503
DK031;09-Jul-20;0;503
DK031;10-Jul-20;1;504
DK031;11-Jul-20;0;504
DK031;12-Jul-20;0;504
DK031;13-Jul-20;2;506
DK031;14-Jul-20;2;508
DK031;15-Jul-20;1;509
DK031;16-Jul-20;2;511
DK031;17-Jul-20;0;511
DK031;18-Jul-20;0;511
DK031;19-Jul-20;0;511
DK031;20-Jul-20;0;511
DK031;21-Jul-20;0;511
DK031;22-Jul-20;0;511
DK031;23-Jul-20;1;512
DK031;24-Jul-20;1;513
DK031;25-Jul-20;2;515
DK031;26-Jul-20;3;518
DK031;27-Jul-20;5;523
DK031;28-Jul-20;2;525
DK031;29-Jul-20;5;530
DK031;30-Jul-20;5;535
DK031;31-Jul-20;6;541
DK031;01-Aug-20;2;543
DK031;02-Aug-20;0;543
DK031;03-Aug-20;3;546
DK031;04-Aug-20;6;552
DK031;05-Aug-20;6;558
DK031;06-Aug-20;8;566
DK031;07-Aug-20;1;567
DK031;08-Aug-20;3;570
DK031;09-Aug-20;5;575
DK031;10-Aug-20;9;584
DK031;11-Aug-20;3;587
DK031;12-Aug-20;2;589
DK031;13-Aug-20;6;595
DK031;14-Aug-20;10;605
DK031;15-Aug-20;6;611
DK031;16-Aug-20;5;616
DK031;17-Aug-20;7;623
DK031;18-Aug-20;7;630
DK031;19-Aug-20;4;634
DK031;20-Aug-20;4;638
DK031;21-Aug-20;7;645
DK031;22-Aug-20;6;651
DK031;23-Aug-20;2;653
DK031;24-Aug-20;4;657
DK031;25-Aug-20;2;659
DK031;26-Aug-20;7;666
DK031;27-Aug-20;7;673
DK031;28-Aug-20;17;690
DK031;29-Aug-20;6;696
DK031;30-Aug-20;12;708
DK031;31-Aug-20;15;723
DK031;01-Sep-20;37;760
DK031;02-Sep-20;23;783
DK031;03-Sep-20;19;802
DK031;04-Sep-20;20;822
DK031;05-Sep-20;30;852
DK031;06-Sep-20;15;867
DK031;07-Sep-20;17;884
DK031;08-Sep-20;32;916
DK031;09-Sep-20;33;949
DK031;10-Sep-20;31;980
DK031;11-Sep-20;22;1002
DK031;12-Sep-20;11;1013
DK031;13-Sep-20;20;1033
DK031;14-Sep-20;14;1047
DK031;15-Sep-20;13;1060
DK031;16-Sep-20;16;1076
DK031;17-Sep-20;27;1103
DK031;18-Sep-20;14;1117
DK031;19-Sep-20;10;1127
DK031;20-Sep-20;12;1139
DK031;21-Sep-20;19;1158
DK031;22-Sep-20;26;1184
DK031;23-Sep-20;28;1212
DK031;24-Sep-20;34;1246
DK031;25-Sep-20;27;1273
DK031;26-Sep-20;12;1285
DK031;27-Sep-20;16;1301
DK031;28-Sep-20;17;1318
DK031;29-Sep-20;16;1334
DK031;30-Sep-20;30;1364
DK031;01-Oct-20;20;1384
DK031;02-Oct-20;19;1403
DK031;03-Oct-20;26;1429
DK031;04-Oct-20;16;1445
DK031;05-Oct-20;35;1480
DK031;06-Oct-20;24;1504
DK031;07-Oct-20;17;1521
DK031;08-Oct-20;24;1545
DK031;09-Oct-20;22;1567
DK031;10-Oct-20;16;1583
DK031;11-Oct-20;8;1591
DK031;12-Oct-20;27;1618
DK031;13-Oct-20;34;1652
DK031;14-Oct-20;30;1682
DK031;15-Oct-20;37;1719
DK031;16-Oct-20;29;1748
DK031;17-Oct-20;25;1773
DK031;18-Oct-20;28;1801
DK031;19-Oct-20;53;1854
DK031;20-Oct-20;47;1901
DK031;21-Oct-20;55;1956
DK031;22-Oct-20;65;2021
DK031;23-Oct-20;57;2078
DK031;24-Oct-20;48;2126
DK031;25-Oct-20;74;2200
DK031;26-Oct-20;62;2262
DK031;27-Oct-20;69;2331
DK031;28-Oct-20;64;2395
DK031;29-Oct-20;49;2444
DK031;30-Oct-20;51;2495
DK031;31-Oct-20;36;2531
DK031;01-Nov-20;73;2604
DK031;02-Nov-20;54;2658
DK031;03-Nov-20;47;2705
DK031;04-Nov-20;60;2765
DK031;05-Nov-20;46;2811
DK031;06-Nov-20;50;2861
DK031;07-Nov-20;45;2906
DK031;08-Nov-20;48;2954
DK031;09-Nov-20;55;3009
DK031;10-Nov-20;41;3050
DK031;11-Nov-20;42;3092
DK031;12-Nov-20;44;3136
DK031;13-Nov-20;45;3181
DK031;14-Nov-20;74;3255
DK031;15-Nov-20;59;3314
DK031;16-Nov-20;63;3377
DK031;17-Nov-20;89;3466
DK031;18-Nov-20;72;3538
DK031;19-Nov-20;88;3626
DK031;20-Nov-20;75;3701
DK031;21-Nov-20;58;3759
DK031;22-Nov-20;72;3831
DK031;23-Nov-20;88;3919
DK031;24-Nov-20;90;4009
DK031;25-Nov-20;65;4074
DK031;26-Nov-20;84;4158
DK031;27-Nov-20;108;4266
DK031;28-Nov-20;72;4338
DK031;29-Nov-20;67;4405
DK031;30-Nov-20;118;4523
DK031;01-Dec-20;107;4630
DK031;02-Dec-20;112;4742
DK031;03-Dec-20;143;4885
DK031;04-Dec-20;105;4990
DK031;05-Dec-20;79;5069
DK031;06-Dec-20;117;5186
DK031;07-Dec-20;166;5352
DK031;08-Dec-20;192;5544
DK031;09-Dec-20;173;5717
DK031;10-Dec-20;148;5865
DK031;11-Dec-20;188;6053
DK031;12-Dec-20;165;6218
DK031;13-Dec-20;168;6386
DK031;14-Dec-20;216;6602
DK031;15-Dec-20;273;6875
DK031;16-Dec-20;282;7157
DK031;17-Dec-20;239;7396
DK031;18-Dec-20;195;7591
DK031;19-Dec-20;191;7782
DK031;20-Dec-20;173;7955
DK031;21-Dec-20;195;8150
DK031;22-Dec-20;148;8298
DK031;23-Dec-20;176;8474
DK031;24-Dec-20;76;8550
DK031;25-Dec-20;88;8638
DK031;26-Dec-20;133;8771
DK031;27-Dec-20;109;8880
DK031;28-Dec-20;146;9026
DK031;29-Dec-20;104;9130
DK031;30-Dec-20;148;9278
DK031;31-Dec-20;63;9341
DK031;01-Jan-21;70;9411
DK031;02-Jan-21;123;9534
DK031;03-Jan-21;83;9617
DK031;04-Jan-21;136;9753
DK031;05-Jan-21;104;9857
DK031;06-Jan-21;72;9929
DK031;07-Jan-21;105;10034
DK031;08-Jan-21;86;10120
DK031;09-Jan-21;58;10178
DK031;10-Jan-21;74;10252
DK031;11-Jan-21;82;10334
DK031;12-Jan-21;69;10403
DK031;13-Jan-21;61;10464
DK031;14-Jan-21;63;10527
DK031;15-Jan-21;44;10571
DK031;16-Jan-21;50;10621
DK031;17-Jan-21;43;10664
DK031;18-Jan-21;49;10713
DK031;19-Jan-21;51;10764
DK031;20-Jan-21;38;10802
DK031;21-Jan-21;48;10850
DK031;22-Jan-21;52;10902
DK031;23-Jan-21;40;10942
DK031;24-Jan-21;27;10969
DK031;25-Jan-21;53;11022
DK031;26-Jan-21;46;11068
DK031;27-Jan-21;27;11095
DK031;28-Jan-21;28;11123
DK031;29-Jan-21;29;11152
DK031;30-Jan-21;30;11182
DK031;31-Jan-21;26;11208
DK031;01-Feb-21;39;11247
DK031;02-Feb-21;49;11296
DK031;03-Feb-21;49;11345
DK031;04-Feb-21;35;11380
DK031;05-Feb-21;39;11419
DK031;06-Feb-21;48;11467
DK031;07-Feb-21;33;11500
DK031;08-Feb-21;37;11537
DK031;09-Feb-21;36;11573
DK031;10-Feb-21;27;11600
DK031;11-Feb-21;25;11625
DK031;12-Feb-21;17;11642
DK031;13-Feb-21;26;11668
DK031;14-Feb-21;45;11713
DK031;15-Feb-21;31;11744
DK031;16-Feb-21;65;11809
DK031;17-Feb-21;55;11864
DK031;18-Feb-21;65;11929
DK031;19-Feb-21;41;11970
DK031;20-Feb-21;43;12013
DK031;21-Feb-21;68;12081
DK031;22-Feb-21;81;12162
DK031;23-Feb-21;51;12213
DK031;24-Feb-21;55;12268
DK031;25-Feb-21;48;12316
DK031;26-Feb-21;58;12374
DK031;27-Feb-21;38;12412
DK031;28-Feb-21;57;12469
DK031;01-Mar-21;44;12513
DK031;02-Mar-21;55;12568
DK031;03-Mar-21;40;12608
DK031;04-Mar-21;41;12649
DK031;05-Mar-21;38;12687
DK031;06-Mar-21;37;12724
DK031;07-Mar-21;39;12763
DK031;08-Mar-21;38;12801
DK031;09-Mar-21;49;12850
DK031;10-Mar-21;44;12894
DK031;11-Mar-21;42;12936
DK031;12-Mar-21;34;12970
DK031;13-Mar-21;26;12996
DK031;14-Mar-21;52;13048
DK031;15-Mar-21;67;13115
DK031;16-Mar-21;66;13181
DK031;17-Mar-21;83;13264
DK031;18-Mar-21;64;13328
DK031;19-Mar-21;51;13379
DK031;20-Mar-21;51;13430
DK031;21-Mar-21;48;13478
DK031;22-Mar-21;84;13562
DK031;23-Mar-21;65;13627
DK031;24-Mar-21;69;13696
DK031;25-Mar-21;57;13753
DK031;26-Mar-21;55;13808
DK031;27-Mar-21;33;13841
DK031;28-Mar-21;56;13897
DK031;29-Mar-21;68;13965
DK031;30-Mar-21;57;14022
DK031;31-Mar-21;49;14071
DK031;01-Apr-21;44;14115
DK031;02-Apr-21;40;14155
DK031;03-Apr-21;28;14183
DK031;04-Apr-21;29;14212
DK031;05-Apr-21;35;14247
DK031;06-Apr-21;58;14305
DK031;07-Apr-21;45;14350
DK031;08-Apr-21;33;14383
DK031;09-Apr-21;42;14425
DK031;10-Apr-21;21;14446
DK031;11-Apr-21;32;14478
DK031;12-Apr-21;27;14505
DK031;13-Apr-21;27;14532
DK031;14-Apr-21;22;14554
DK031;15-Apr-21;34;14588
DK031;16-Apr-21;36;14624
DK031;17-Apr-21;30;14654
DK031;18-Apr-21;28;14682
DK031;19-Apr-21;29;14711
DK031;20-Apr-21;31;14742
DK031;21-Apr-21;20;14762
DK031;22-Apr-21;33;14795
DK031;23-Apr-21;21;14816
DK031;24-Apr-21;13;14829
DK031;25-Apr-21;22;14851
DK031;26-Apr-21;27;14878
DK031;27-Apr-21;25;14903
DK031;28-Apr-21;20;14923
DK031;29-Apr-21;36;14959
DK031;30-Apr-21;37;14996
DK031;01-May-21;25;15021
DK031;02-May-21;26;15047
DK031;03-May-21;29;15076
DK031;04-May-21;40;15116
DK031;05-May-21;32;15148
DK031;06-May-21;39;15187
DK031;07-May-21;38;15225
DK031;08-May-21;31;15256
DK031;09-May-21;27;15283
DK031;10-May-21;46;15329
DK031;11-May-21;58;15387
DK031;12-May-21;31;15418
DK031;13-May-21;39;15457
DK031;14-May-21;38;15495
DK031;15-May-21;41;15536
DK031;16-May-21;34;15570
DK031;17-May-21;69;15639
DK031;18-May-21;59;15698
DK031;19-May-21;48;15746
DK031;20-May-21;74;15820
DK031;21-May-21;38;15858
DK031;22-May-21;46;15904
DK031;23-May-21;38;15942
DK031;24-May-21;34;15976
DK031;25-May-21;59;16035
DK031;26-May-21;52;16087
DK031;27-May-21;62;16149
DK031;28-May-21;78;16227
DK031;29-May-21;58;16285
DK031;30-May-21;44;16329
DK031;31-May-21;62;16391
DK031;01-Jun-21;37;16428
DK031;02-Jun-21;34;16462
DK031;03-Jun-21;27;16489
DK031;04-Jun-21;31;16520
DK031;05-Jun-21;18;16538
DK031;06-Jun-21;24;16562
DK031;07-Jun-21;32;16594
DK031;08-Jun-21;24;16618
DK031;09-Jun-21;22;16640
DK031;10-Jun-21;21;16661
DK031;11-Jun-21;9;16670
DK031;12-Jun-21;6;16676
DK031;13-Jun-21;13;16689
DK031;14-Jun-21;10;16699
DK031;15-Jun-21;11;16710
DK031;16-Jun-21;5;16715
DK031;17-Jun-21;8;16723
DK031;18-Jun-21;2;16725
DK031;19-Jun-21;6;16731
DK031;20-Jun-21;2;16733
DK031;21-Jun-21;12;16745
DK031;22-Jun-21;13;16758
DK031;23-Jun-21;9;16767
DK031;24-Jun-21;8;16775
DK031;25-Jun-21;6;16781
DK031;26-Jun-21;7;16788
DK031;27-Jun-21;5;16793
DK031;28-Jun-21;4;16797
DK031;29-Jun-21;8;16805
DK031;30-Jun-21;4;16809
DK032;26-Feb-20;0;0
DK032;27-Feb-20;0;0
DK032;28-Feb-20;0;0
DK032;01-Mar-20;0;0
DK032;02-Mar-20;0;0
DK032;03-Mar-20;0;0
DK032;04-Mar-20;0;0
DK032;05-Mar-20;0;0
DK032;06-Mar-20;0;0
DK032;07-Mar-20;0;0
DK032;08-Mar-20;8;8
DK032;09-Mar-20;29;37
DK032;10-Mar-20;16;53
DK032;11-Mar-20;29;82
DK032;12-Mar-20;2;84
DK032;13-Mar-20;0;84
DK032;14-Mar-20;2;86
DK032;15-Mar-20;1;87
DK032;16-Mar-20;1;88
DK032;17-Mar-20;4;92
DK032;18-Mar-20;2;94
DK032;19-Mar-20;11;105
DK032;20-Mar-20;10;115
DK032;21-Mar-20;4;119
DK032;22-Mar-20;3;122
DK032;23-Mar-20;2;124
DK032;24-Mar-20;11;135
DK032;25-Mar-20;12;147
DK032;26-Mar-20;14;161
DK032;27-Mar-20;18;179
DK032;28-Mar-20;13;192
DK032;29-Mar-20;9;201
DK032;30-Mar-20;20;221
DK032;31-Mar-20;11;232
DK032;01-Apr-20;22;254
DK032;02-Apr-20;30;284
DK032;03-Apr-20;35;319
DK032;04-Apr-20;11;330
DK032;05-Apr-20;8;338
DK032;06-Apr-20;24;362
DK032;07-Apr-20;20;382
DK032;08-Apr-20;10;392
DK032;09-Apr-20;6;398
DK032;10-Apr-20;0;398
DK032;11-Apr-20;8;406
DK032;12-Apr-20;4;410
DK032;13-Apr-20;4;414
DK032;14-Apr-20;8;422
DK032;15-Apr-20;6;428
DK032;16-Apr-20;3;431
DK032;17-Apr-20;5;436
DK032;18-Apr-20;1;437
DK032;19-Apr-20;1;438
DK032;20-Apr-20;3;441
DK032;21-Apr-20;5;446
DK032;22-Apr-20;1;447
DK032;23-Apr-20;6;453
DK032;24-Apr-20;4;457
DK032;25-Apr-20;0;457
DK032;26-Apr-20;5;462
DK032;27-Apr-20;2;464
DK032;28-Apr-20;0;464
DK032;29-Apr-20;6;470
DK032;30-Apr-20;0;470
DK032;01-May-20;4;474
DK032;02-May-20;1;475
DK032;03-May-20;0;475
DK032;04-May-20;4;479
DK032;05-May-20;3;482
DK032;06-May-20;2;484
DK032;07-May-20;3;487
DK032;08-May-20;1;488
DK032;09-May-20;0;488
DK032;10-May-20;2;490
DK032;11-May-20;5;495
DK032;12-May-20;5;500
DK032;13-May-20;2;502
DK032;14-May-20;5;507
DK032;15-May-20;4;511
DK032;16-May-20;2;513
DK032;17-May-20;3;516
DK032;18-May-20;4;520
DK032;19-May-20;1;521
DK032;20-May-20;1;522
DK032;21-May-20;0;522
DK032;22-May-20;1;523
DK032;23-May-20;0;523
DK032;24-May-20;0;523
DK032;25-May-20;2;525
DK032;26-May-20;5;530
DK032;27-May-20;0;530
DK032;28-May-20;0;530
DK032;29-May-20;0;530
DK032;30-May-20;0;530
DK032;31-May-20;0;530
DK032;01-Jun-20;0;530
DK032;02-Jun-20;0;530
DK032;03-Jun-20;0;530
DK032;04-Jun-20;2;532
DK032;05-Jun-20;1;533
DK032;06-Jun-20;1;534
DK032;07-Jun-20;0;534
DK032;08-Jun-20;2;536
DK032;09-Jun-20;0;536
DK032;10-Jun-20;0;536
DK032;11-Jun-20;0;536
DK032;12-Jun-20;1;537
DK032;13-Jun-20;0;537
DK032;14-Jun-20;0;537
DK032;15-Jun-20;0;537
DK032;16-Jun-20;1;538
DK032;17-Jun-20;0;538
DK032;18-Jun-20;1;539
DK032;19-Jun-20;0;539
DK032;20-Jun-20;0;539
DK032;21-Jun-20;1;540
DK032;22-Jun-20;0;540
DK032;23-Jun-20;1;541
DK032;24-Jun-20;0;541
DK032;25-Jun-20;0;541
DK032;26-Jun-20;0;541
DK032;27-Jun-20;0;541
DK032;28-Jun-20;1;542
DK032;29-Jun-20;1;543
DK032;30-Jun-20;1;544
DK032;01-Jul-20;0;544
DK032;02-Jul-20;0;544
DK032;03-Jul-20;0;544
DK032;04-Jul-20;0;544
DK032;05-Jul-20;1;545
DK032;06-Jul-20;1;546
DK032;07-Jul-20;1;547
DK032;08-Jul-20;1;548
DK032;09-Jul-20;0;548
DK032;10-Jul-20;2;550
DK032;11-Jul-20;2;552
DK032;12-Jul-20;0;552
DK032;13-Jul-20;0;552
DK032;14-Jul-20;2;554
DK032;15-Jul-20;1;555
DK032;16-Jul-20;3;558
DK032;17-Jul-20;0;558
DK032;18-Jul-20;0;558
DK032;19-Jul-20;0;558
DK032;20-Jul-20;1;559
DK032;21-Jul-20;0;559
DK032;22-Jul-20;2;561
DK032;23-Jul-20;4;565
DK032;24-Jul-20;3;568
DK032;25-Jul-20;1;569
DK032;26-Jul-20;1;570
DK032;27-Jul-20;5;575
DK032;28-Jul-20;3;578
DK032;29-Jul-20;4;582
DK032;30-Jul-20;2;584
DK032;31-Jul-20;5;589
DK032;01-Aug-20;4;593
DK032;02-Aug-20;3;596
DK032;03-Aug-20;6;602
DK032;04-Aug-20;6;608
DK032;05-Aug-20;3;611
DK032;06-Aug-20;6;617
DK032;07-Aug-20;3;620
DK032;08-Aug-20;0;620
DK032;09-Aug-20;5;625
DK032;10-Aug-20;3;628
DK032;11-Aug-20;6;634
DK032;12-Aug-20;5;639
DK032;13-Aug-20;6;645
DK032;14-Aug-20;0;645
DK032;15-Aug-20;5;650
DK032;16-Aug-20;6;656
DK032;17-Aug-20;3;659
DK032;18-Aug-20;3;662
DK032;19-Aug-20;9;671
DK032;20-Aug-20;7;678
DK032;21-Aug-20;8;686
DK032;22-Aug-20;13;699
DK032;23-Aug-20;13;712
DK032;24-Aug-20;2;714
DK032;25-Aug-20;8;722
DK032;26-Aug-20;3;725
DK032;27-Aug-20;8;733
DK032;28-Aug-20;5;738
DK032;29-Aug-20;8;746
DK032;30-Aug-20;7;753
DK032;31-Aug-20;7;760
DK032;01-Sep-20;14;774
DK032;02-Sep-20;13;787
DK032;03-Sep-20;16;803
DK032;04-Sep-20;6;809
DK032;05-Sep-20;21;830
DK032;06-Sep-20;4;834
DK032;07-Sep-20;7;841
DK032;08-Sep-20;23;864
DK032;09-Sep-20;22;886
DK032;10-Sep-20;24;910
DK032;11-Sep-20;20;930
DK032;12-Sep-20;33;963
DK032;13-Sep-20;32;995
DK032;14-Sep-20;29;1024
DK032;15-Sep-20;37;1061
DK032;16-Sep-20;52;1113
DK032;17-Sep-20;35;1148
DK032;18-Sep-20;38;1186
DK032;19-Sep-20;50;1236
DK032;20-Sep-20;30;1266
DK032;21-Sep-20;39;1305
DK032;22-Sep-20;45;1350
DK032;23-Sep-20;56;1406
DK032;24-Sep-20;46;1452
DK032;25-Sep-20;45;1497
DK032;26-Sep-20;26;1523
DK032;27-Sep-20;19;1542
DK032;28-Sep-20;42;1584
DK032;29-Sep-20;40;1624
DK032;30-Sep-20;36;1660
DK032;01-Oct-20;38;1698
DK032;02-Oct-20;28;1726
DK032;03-Oct-20;33;1759
DK032;04-Oct-20;26;1785
DK032;05-Oct-20;26;1811
DK032;06-Oct-20;29;1840
DK032;07-Oct-20;39;1879
DK032;08-Oct-20;31;1910
DK032;09-Oct-20;49;1959
DK032;10-Oct-20;13;1972
DK032;11-Oct-20;25;1997
DK032;12-Oct-20;46;2043
DK032;13-Oct-20;60;2103
DK032;14-Oct-20;44;2147
DK032;15-Oct-20;48;2195
DK032;16-Oct-20;48;2243
DK032;17-Oct-20;44;2287
DK032;18-Oct-20;49;2336
DK032;19-Oct-20;62;2398
DK032;20-Oct-20;70;2468
DK032;21-Oct-20;61;2529
DK032;22-Oct-20;66;2595
DK032;23-Oct-20;63;2658
DK032;24-Oct-20;49;2707
DK032;25-Oct-20;60;2767
DK032;26-Oct-20;104;2871
DK032;27-Oct-20;76;2947
DK032;28-Oct-20;123;3070
DK032;29-Oct-20;123;3193
DK032;30-Oct-20;76;3269
DK032;31-Oct-20;63;3332
DK032;01-Nov-20;66;3398
DK032;02-Nov-20;108;3506
DK032;03-Nov-20;134;3640
DK032;04-Nov-20;112;3752
DK032;05-Nov-20;104;3856
DK032;06-Nov-20;80;3936
DK032;07-Nov-20;57;3993
DK032;08-Nov-20;52;4045
DK032;09-Nov-20;110;4155
DK032;10-Nov-20;85;4240
DK032;11-Nov-20;120;4360
DK032;12-Nov-20;100;4460
DK032;13-Nov-20;123;4583
DK032;14-Nov-20;108;4691
DK032;15-Nov-20;91;4782
DK032;16-Nov-20;136;4918
DK032;17-Nov-20;149;5067
DK032;18-Nov-20;169;5236
DK032;19-Nov-20;135;5371
DK032;20-Nov-20;159;5530
DK032;21-Nov-20;103;5633
DK032;22-Nov-20;97;5730
DK032;23-Nov-20;139;5869
DK032;24-Nov-20;134;6003
DK032;25-Nov-20;131;6134
DK032;26-Nov-20;97;6231
DK032;27-Nov-20;105;6336
DK032;28-Nov-20;67;6403
DK032;29-Nov-20;67;6470
DK032;30-Nov-20;81;6551
DK032;01-Dec-20;101;6652
DK032;02-Dec-20;84;6736
DK032;03-Dec-20;105;6841
DK032;04-Dec-20;122;6963
DK032;05-Dec-20;76;7039
DK032;06-Dec-20;97;7136
DK032;07-Dec-20;143;7279
DK032;08-Dec-20;138;7417
DK032;09-Dec-20;159;7576
DK032;10-Dec-20;134;7710
DK032;11-Dec-20;154;7864
DK032;12-Dec-20;122;7986
DK032;13-Dec-20;131;8117
DK032;14-Dec-20;205;8322
DK032;15-Dec-20;268;8590
DK032;16-Dec-20;240;8830
DK032;17-Dec-20;255;9085
DK032;18-Dec-20;180;9265
DK032;19-Dec-20;175;9440
DK032;20-Dec-20;149;9589
DK032;21-Dec-20;256;9845
DK032;22-Dec-20;207;10052
DK032;23-Dec-20;261;10313
DK032;24-Dec-20;132;10445
DK032;25-Dec-20;144;10589
DK032;26-Dec-20;190;10779
DK032;27-Dec-20;150;10929
DK032;28-Dec-20;254;11183
DK032;29-Dec-20;237;11420
DK032;30-Dec-20;227;11647
DK032;31-Dec-20;103;11750
DK032;01-Jan-21;97;11847
DK032;02-Jan-21;137;11984
DK032;03-Jan-21;143;12127
DK032;04-Jan-21;213;12340
DK032;05-Jan-21;175;12515
DK032;06-Jan-21;141;12656
DK032;07-Jan-21;167;12823
DK032;08-Jan-21;142;12965
DK032;09-Jan-21;116;13081
DK032;10-Jan-21;75;13156
DK032;11-Jan-21;124;13280
DK032;12-Jan-21;83;13363
DK032;13-Jan-21;90;13453
DK032;14-Jan-21;87;13540
DK032;15-Jan-21;84;13624
DK032;16-Jan-21;77;13701
DK032;17-Jan-21;54;13755
DK032;18-Jan-21;103;13858
DK032;19-Jan-21;130;13988
DK032;20-Jan-21;80;14068
DK032;21-Jan-21;87;14155
DK032;22-Jan-21;64;14219
DK032;23-Jan-21;63;14282
DK032;24-Jan-21;44;14326
DK032;25-Jan-21;70;14396
DK032;26-Jan-21;60;14456
DK032;27-Jan-21;52;14508
DK032;28-Jan-21;41;14549
DK032;29-Jan-21;52;14601
DK032;30-Jan-21;40;14641
DK032;31-Jan-21;40;14681
DK032;01-Feb-21;54;14735
DK032;02-Feb-21;44;14779
DK032;03-Feb-21;50;14829
DK032;04-Feb-21;34;14863
DK032;05-Feb-21;36;14899
DK032;06-Feb-21;46;14945
DK032;07-Feb-21;29;14974
DK032;08-Feb-21;32;15006
DK032;09-Feb-21;62;15068
DK032;10-Feb-21;48;15116
DK032;11-Feb-21;34;15150
DK032;12-Feb-21;29;15179
DK032;13-Feb-21;62;15241
DK032;14-Feb-21;46;15287
DK032;15-Feb-21;63;15350
DK032;16-Feb-21;121;15471
DK032;17-Feb-21;112;15583
DK032;18-Feb-21;103;15686
DK032;19-Feb-21;81;15767
DK032;20-Feb-21;81;15848
DK032;21-Feb-21;83;15931
DK032;22-Feb-21;92;16023
DK032;23-Feb-21;94;16117
DK032;24-Feb-21;76;16193
DK032;25-Feb-21;68;16261
DK032;26-Feb-21;72;16333
DK032;27-Feb-21;51;16384
DK032;28-Feb-21;58;16442
DK032;01-Mar-21;79;16521
DK032;02-Mar-21;91;16612
DK032;03-Mar-21;107;16719
DK032;04-Mar-21;69;16788
DK032;05-Mar-21;74;16862
DK032;06-Mar-21;73;16935
DK032;07-Mar-21;68;17003
DK032;08-Mar-21;111;17114
DK032;09-Mar-21;137;17251
DK032;10-Mar-21;121;17372
DK032;11-Mar-21;105;17477
DK032;12-Mar-21;87;17564
DK032;13-Mar-21;113;17677
DK032;14-Mar-21;79;17756
DK032;15-Mar-21;123;17879
DK032;16-Mar-21;135;18014
DK032;17-Mar-21;113;18127
DK032;18-Mar-21;108;18235
DK032;19-Mar-21;85;18320
DK032;20-Mar-21;80;18400
DK032;21-Mar-21;72;18472
DK032;22-Mar-21;105;18577
DK032;23-Mar-21;94;18671
DK032;24-Mar-21;92;18763
DK032;25-Mar-21;59;18822
DK032;26-Mar-21;84;18906
DK032;27-Mar-21;85;18991
DK032;28-Mar-21;68;19059
DK032;29-Mar-21;65;19124
DK032;30-Mar-21;49;19173
DK032;31-Mar-21;57;19230
DK032;01-Apr-21;62;19292
DK032;02-Apr-21;47;19339
DK032;03-Apr-21;45;19384
DK032;04-Apr-21;32;19416
DK032;05-Apr-21;46;19462
DK032;06-Apr-21;51;19513
DK032;07-Apr-21;74;19587
DK032;08-Apr-21;55;19642
DK032;09-Apr-21;66;19708
DK032;10-Apr-21;72;19780
DK032;11-Apr-21;46;19826
DK032;12-Apr-21;79;19905
DK032;13-Apr-21;69;19974
DK032;14-Apr-21;71;20045
DK032;15-Apr-21;73;20118
DK032;16-Apr-21;60;20178
DK032;17-Apr-21;48;20226
DK032;18-Apr-21;51;20277
DK032;19-Apr-21;78;20355
DK032;20-Apr-21;72;20427
DK032;21-Apr-21;52;20479
DK032;22-Apr-21;55;20534
DK032;23-Apr-21;72;20606
DK032;24-Apr-21;62;20668
DK032;25-Apr-21;53;20721
DK032;26-Apr-21;84;20805
DK032;27-Apr-21;113;20918
DK032;28-Apr-21;88;21006
DK032;29-Apr-21;76;21082
DK032;30-Apr-21;88;21170
DK032;01-May-21;70;21240
DK032;02-May-21;78;21318
DK032;03-May-21;99;21417
DK032;04-May-21;93;21510
DK032;05-May-21;103;21613
DK032;06-May-21;47;21660
DK032;07-May-21;89;21749
DK032;08-May-21;52;21801
DK032;09-May-21;55;21856
DK032;10-May-21;70;21926
DK032;11-May-21;71;21997
DK032;12-May-21;69;22066
DK032;13-May-21;51;22117
DK032;14-May-21;59;22176
DK032;15-May-21;60;22236
DK032;16-May-21;65;22301
DK032;17-May-21;100;22401
DK032;18-May-21;84;22485
DK032;19-May-21;81;22566
DK032;20-May-21;44;22610
DK032;21-May-21;59;22669
DK032;22-May-21;60;22729
DK032;23-May-21;63;22792
DK032;24-May-21;68;22860
DK032;25-May-21;110;22970
DK032;26-May-21;104;23074
DK032;27-May-21;69;23143
DK032;28-May-21;62;23205
DK032;29-May-21;60;23265
DK032;30-May-21;66;23331
DK032;31-May-21;73;23404
DK032;01-Jun-21;91;23495
DK032;02-Jun-21;44;23539
DK032;03-Jun-21;38;23577
DK032;04-Jun-21;36;23613
DK032;05-Jun-21;37;23650
DK032;06-Jun-21;18;23668
DK032;07-Jun-21;43;23711
DK032;08-Jun-21;38;23749
DK032;09-Jun-21;27;23776
DK032;10-Jun-21;24;23800
DK032;11-Jun-21;22;23822
DK032;12-Jun-21;17;23839
DK032;13-Jun-21;18;23857
DK032;14-Jun-21;23;23880
DK032;15-Jun-21;22;23902
DK032;16-Jun-21;19;23921
DK032;17-Jun-21;7;23928
DK032;18-Jun-21;7;23935
DK032;19-Jun-21;8;23943
DK032;20-Jun-21;8;23951
DK032;21-Jun-21;13;23964
DK032;22-Jun-21;8;23972
DK032;23-Jun-21;10;23982
DK032;24-Jun-21;20;24002
DK032;25-Jun-21;12;24014
DK032;26-Jun-21;8;24022
DK032;27-Jun-21;13;24035
DK032;28-Jun-21;14;24049
DK032;29-Jun-21;12;24061
DK032;30-Jun-21;10;24071
DK041;26-Feb-20;0;0
DK041;27-Feb-20;0;0
DK041;28-Feb-20;0;0
DK041;01-Mar-20;0;0
DK041;02-Mar-20;0;0
DK041;03-Mar-20;0;0
DK041;04-Mar-20;0;0
DK041;05-Mar-20;0;0
DK041;06-Mar-20;0;0
DK041;07-Mar-20;0;0
DK041;08-Mar-20;0;0
DK041;09-Mar-20;7;7
DK041;10-Mar-20;9;16
DK041;11-Mar-20;3;19
DK041;12-Mar-20;2;21
DK041;13-Mar-20;4;25
DK041;14-Mar-20;2;27
DK041;15-Mar-20;2;29
DK041;16-Mar-20;2;31
DK041;17-Mar-20;3;34
DK041;18-Mar-20;3;37
DK041;19-Mar-20;15;52
DK041;20-Mar-20;6;58
DK041;21-Mar-20;5;63
DK041;22-Mar-20;3;66
DK041;23-Mar-20;11;77
DK041;24-Mar-20;10;87
DK041;25-Mar-20;14;101
DK041;26-Mar-20;14;115
DK041;27-Mar-20;16;131
DK041;28-Mar-20;14;145
DK041;29-Mar-20;3;148
DK041;30-Mar-20;22;170
DK041;31-Mar-20;40;210
DK041;01-Apr-20;32;242
DK041;02-Apr-20;21;263
DK041;03-Apr-20;42;305
DK041;04-Apr-20;21;326
DK041;05-Apr-20;14;340
DK041;06-Apr-20;36;376
DK041;07-Apr-20;41;417
DK041;08-Apr-20;28;445
DK041;09-Apr-20;13;458
DK041;10-Apr-20;10;468
DK041;11-Apr-20;22;490
DK041;12-Apr-20;15;505
DK041;13-Apr-20;14;519
DK041;14-Apr-20;31;550
DK041;15-Apr-20;24;574
DK041;16-Apr-20;28;602
DK041;17-Apr-20;14;616
DK041;18-Apr-20;12;628
DK041;19-Apr-20;13;641
DK041;20-Apr-20;21;662
DK041;21-Apr-20;14;676
DK041;22-Apr-20;28;704
DK041;23-Apr-20;20;724
DK041;24-Apr-20;15;739
DK041;25-Apr-20;19;758
DK041;26-Apr-20;12;770
DK041;27-Apr-20;12;782
DK041;28-Apr-20;17;799
DK041;29-Apr-20;11;810
DK041;30-Apr-20;7;817
DK041;01-May-20;10;827
DK041;02-May-20;11;838
DK041;03-May-20;4;842
DK041;04-May-20;7;849
DK041;05-May-20;5;854
DK041;06-May-20;3;857
DK041;07-May-20;6;863
DK041;08-May-20;3;866
DK041;09-May-20;3;869
DK041;10-May-20;2;871
DK041;11-May-20;1;872
DK041;12-May-20;1;873
DK041;13-May-20;2;875
DK041;14-May-20;0;875
DK041;15-May-20;1;876
DK041;16-May-20;0;876
DK041;17-May-20;5;881
DK041;18-May-20;3;884
DK041;19-May-20;2;886
DK041;20-May-20;0;886
DK041;21-May-20;0;886
DK041;22-May-20;2;888
DK041;23-May-20;0;888
DK041;24-May-20;0;888
DK041;25-May-20;0;888
DK041;26-May-20;0;888
DK041;27-May-20;0;888
DK041;28-May-20;0;888
DK041;29-May-20;0;888
DK041;30-May-20;0;888
DK041;31-May-20;0;888
DK041;01-Jun-20;0;888
DK041;02-Jun-20;0;888
DK041;03-Jun-20;0;888
DK041;04-Jun-20;0;888
DK041;05-Jun-20;0;888
DK041;06-Jun-20;0;888
DK041;07-Jun-20;0;888
DK041;08-Jun-20;1;889
DK041;09-Jun-20;1;890
DK041;10-Jun-20;1;891
DK041;11-Jun-20;0;891
DK041;12-Jun-20;1;892
DK041;13-Jun-20;1;893
DK041;14-Jun-20;1;894
DK041;15-Jun-20;0;894
DK041;16-Jun-20;2;896
DK041;17-Jun-20;2;898
DK041;18-Jun-20;1;899
DK041;19-Jun-20;0;899
DK041;20-Jun-20;0;899
DK041;21-Jun-20;0;899
DK041;22-Jun-20;0;899
DK041;23-Jun-20;1;900
DK041;24-Jun-20;0;900
DK041;25-Jun-20;1;901
DK041;26-Jun-20;0;901
DK041;27-Jun-20;0;901
DK041;28-Jun-20;0;901
DK041;29-Jun-20;1;902
DK041;30-Jun-20;0;902
DK041;01-Jul-20;0;902
DK041;02-Jul-20;0;902
DK041;03-Jul-20;0;902
DK041;04-Jul-20;0;902
DK041;05-Jul-20;0;902
DK041;06-Jul-20;0;902
DK041;07-Jul-20;0;902
DK041;08-Jul-20;0;902
DK041;09-Jul-20;0;902
DK041;10-Jul-20;0;902
DK041;11-Jul-20;0;902
DK041;12-Jul-20;1;903
DK041;13-Jul-20;0;903
DK041;14-Jul-20;1;904
DK041;15-Jul-20;2;906
DK041;16-Jul-20;2;908
DK041;17-Jul-20;0;908
DK041;18-Jul-20;0;908
DK041;19-Jul-20;0;908
DK041;20-Jul-20;0;908
DK041;21-Jul-20;2;910
DK041;22-Jul-20;0;910
DK041;23-Jul-20;0;910
DK041;24-Jul-20;1;911
DK041;25-Jul-20;0;911
DK041;26-Jul-20;0;911
DK041;27-Jul-20;0;911
DK041;28-Jul-20;2;913
DK041;29-Jul-20;1;914
DK041;30-Jul-20;2;916
DK041;31-Jul-20;1;917
DK041;01-Aug-20;4;921
DK041;02-Aug-20;3;924
DK041;03-Aug-20;9;933
DK041;04-Aug-20;2;935
DK041;05-Aug-20;4;939
DK041;06-Aug-20;1;940
DK041;07-Aug-20;4;944
DK041;08-Aug-20;1;945
DK041;09-Aug-20;7;952
DK041;10-Aug-20;0;952
DK041;11-Aug-20;3;955
DK041;12-Aug-20;2;957
DK041;13-Aug-20;4;961
DK041;14-Aug-20;2;963
DK041;15-Aug-20;14;977
DK041;16-Aug-20;3;980
DK041;17-Aug-20;10;990
DK041;18-Aug-20;5;995
DK041;19-Aug-20;5;1000
DK041;20-Aug-20;4;1004
DK041;21-Aug-20;6;1010
DK041;22-Aug-20;1;1011
DK041;23-Aug-20;3;1014
DK041;24-Aug-20;5;1019
DK041;25-Aug-20;4;1023
DK041;26-Aug-20;2;1025
DK041;27-Aug-20;7;1032
DK041;28-Aug-20;9;1041
DK041;29-Aug-20;6;1047
DK041;30-Aug-20;5;1052
DK041;31-Aug-20;2;1054
DK041;01-Sep-20;6;1060
DK041;02-Sep-20;4;1064
DK041;03-Sep-20;1;1065
DK041;04-Sep-20;7;1072
DK041;05-Sep-20;1;1073
DK041;06-Sep-20;3;1076
DK041;07-Sep-20;5;1081
DK041;08-Sep-20;5;1086
DK041;09-Sep-20;4;1090
DK041;10-Sep-20;13;1103
DK041;11-Sep-20;23;1126
DK041;12-Sep-20;7;1133
DK041;13-Sep-20;4;1137
DK041;14-Sep-20;10;1147
DK041;15-Sep-20;5;1152
DK041;16-Sep-20;18;1170
DK041;17-Sep-20;14;1184
DK041;18-Sep-20;9;1193
DK041;19-Sep-20;5;1198
DK041;20-Sep-20;7;1205
DK041;21-Sep-20;12;1217
DK041;22-Sep-20;10;1227
DK041;23-Sep-20;19;1246
DK041;24-Sep-20;9;1255
DK041;25-Sep-20;9;1264
DK041;26-Sep-20;14;1278
DK041;27-Sep-20;8;1286
DK041;28-Sep-20;13;1299
DK041;29-Sep-20;13;1312
DK041;30-Sep-20;12;1324
DK041;01-Oct-20;30;1354
DK041;02-Oct-20;23;1377
DK041;03-Oct-20;22;1399
DK041;04-Oct-20;14;1413
DK041;05-Oct-20;40;1453
DK041;06-Oct-20;30;1483
DK041;07-Oct-20;36;1519
DK041;08-Oct-20;59;1578
DK041;09-Oct-20;39;1617
DK041;10-Oct-20;25;1642
DK041;11-Oct-20;16;1658
DK041;12-Oct-20;33;1691
DK041;13-Oct-20;17;1708
DK041;14-Oct-20;32;1740
DK041;15-Oct-20;33;1773
DK041;16-Oct-20;25;1798
DK041;17-Oct-20;26;1824
DK041;18-Oct-20;18;1842
DK041;19-Oct-20;33;1875
DK041;20-Oct-20;42;1917
DK041;21-Oct-20;52;1969
DK041;22-Oct-20;37;2006
DK041;23-Oct-20;46;2052
DK041;24-Oct-20;42;2094
DK041;25-Oct-20;51;2145
DK041;26-Oct-20;55;2200
DK041;27-Oct-20;99;2299
DK041;28-Oct-20;58;2357
DK041;29-Oct-20;52;2409
DK041;30-Oct-20;66;2475
DK041;31-Oct-20;61;2536
DK041;01-Nov-20;47;2583
DK041;02-Nov-20;79;2662
DK041;03-Nov-20;58;2720
DK041;04-Nov-20;69;2789
DK041;05-Nov-20;52;2841
DK041;06-Nov-20;50;2891
DK041;07-Nov-20;58;2949
DK041;08-Nov-20;40;2989
DK041;09-Nov-20;56;3045
DK041;10-Nov-20;73;3118
DK041;11-Nov-20;87;3205
DK041;12-Nov-20;74;3279
DK041;13-Nov-20;89;3368
DK041;14-Nov-20;75;3443
DK041;15-Nov-20;86;3529
DK041;16-Nov-20;112;3641
DK041;17-Nov-20;98;3739
DK041;18-Nov-20;97;3836
DK041;19-Nov-20;100;3936
DK041;20-Nov-20;63;3999
DK041;21-Nov-20;62;4061
DK041;22-Nov-20;80;4141
DK041;23-Nov-20;50;4191
DK041;24-Nov-20;58;4249
DK041;25-Nov-20;70;4319
DK041;26-Nov-20;74;4393
DK041;27-Nov-20;55;4448
DK041;28-Nov-20;45;4493
DK041;29-Nov-20;59;4552
DK041;30-Nov-20;58;4610
DK041;01-Dec-20;72;4682
DK041;02-Dec-20;78;4760
DK041;03-Dec-20;80;4840
DK041;04-Dec-20;103;4943
DK041;05-Dec-20;62;5005
DK041;06-Dec-20;74;5079
DK041;07-Dec-20;95;5174
DK041;08-Dec-20;104;5278
DK041;09-Dec-20;127;5405
DK041;10-Dec-20;105;5510
DK041;11-Dec-20;100;5610
DK041;12-Dec-20;95;5705
DK041;13-Dec-20;95;5800
DK041;14-Dec-20;167;5967
DK041;15-Dec-20;146;6113
DK041;16-Dec-20;145;6258
DK041;17-Dec-20;126;6384
DK041;18-Dec-20;119;6503
DK041;19-Dec-20;104;6607
DK041;20-Dec-20;66;6673
DK041;21-Dec-20;122;6795
DK041;22-Dec-20;114;6909
DK041;23-Dec-20;114;7023
DK041;24-Dec-20;86;7109
DK041;25-Dec-20;69;7178
DK041;26-Dec-20;113;7291
DK041;27-Dec-20;113;7404
DK041;28-Dec-20;132;7536
DK041;29-Dec-20;112;7648
DK041;30-Dec-20;133;7781
DK041;31-Dec-20;64;7845
DK041;01-Jan-21;56;7901
DK041;02-Jan-21;92;7993
DK041;03-Jan-21;74;8067
DK041;04-Jan-21;72;8139
DK041;05-Jan-21;71;8210
DK041;06-Jan-21;45;8255
DK041;07-Jan-21;60;8315
DK041;08-Jan-21;47;8362
DK041;09-Jan-21;53;8415
DK041;10-Jan-21;46;8461
DK041;11-Jan-21;45;8506
DK041;12-Jan-21;30;8536
DK041;13-Jan-21;36;8572
DK041;14-Jan-21;36;8608
DK041;15-Jan-21;32;8640
DK041;16-Jan-21;16;8656
DK041;17-Jan-21;20;8676
DK041;18-Jan-21;20;8696
DK041;19-Jan-21;43;8739
DK041;20-Jan-21;29;8768
DK041;21-Jan-21;32;8800
DK041;22-Jan-21;22;8822
DK041;23-Jan-21;22;8844
DK041;24-Jan-21;13;8857
DK041;25-Jan-21;27;8884
DK041;26-Jan-21;21;8905
DK041;27-Jan-21;17;8922
DK041;28-Jan-21;25;8947
DK041;29-Jan-21;12;8959
DK041;30-Jan-21;10;8969
DK041;31-Jan-21;9;8978
DK041;01-Feb-21;18;8996
DK041;02-Feb-21;8;9004
DK041;03-Feb-21;16;9020
DK041;04-Feb-21;14;9034
DK041;05-Feb-21;16;9050
DK041;06-Feb-21;12;9062
DK041;07-Feb-21;6;9068
DK041;08-Feb-21;28;9096
DK041;09-Feb-21;14;9110
DK041;10-Feb-21;28;9138
DK041;11-Feb-21;14;9152
DK041;12-Feb-21;5;9157
DK041;13-Feb-21;10;9167
DK041;14-Feb-21;11;9178
DK041;15-Feb-21;10;9188
DK041;16-Feb-21;15;9203
DK041;17-Feb-21;13;9216
DK041;18-Feb-21;17;9233
DK041;19-Feb-21;14;9247
DK041;20-Feb-21;12;9259
DK041;21-Feb-21;20;9279
DK041;22-Feb-21;24;9303
DK041;23-Feb-21;19;9322
DK041;24-Feb-21;13;9335
DK041;25-Feb-21;23;9358
DK041;26-Feb-21;13;9371
DK041;27-Feb-21;7;9378
DK041;28-Feb-21;8;9386
DK041;01-Mar-21;12;9398
DK041;02-Mar-21;13;9411
DK041;03-Mar-21;22;9433
DK041;04-Mar-21;14;9447
DK041;05-Mar-21;10;9457
DK041;06-Mar-21;10;9467
DK041;07-Mar-21;13;9480
DK041;08-Mar-21;20;9500
DK041;09-Mar-21;12;9512
DK041;10-Mar-21;7;9519
DK041;11-Mar-21;16;9535
DK041;12-Mar-21;12;9547
DK041;13-Mar-21;14;9561
DK041;14-Mar-21;13;9574
DK041;15-Mar-21;15;9589
DK041;16-Mar-21;37;9626
DK041;17-Mar-21;16;9642
DK041;18-Mar-21;18;9660
DK041;19-Mar-21;14;9674
DK041;20-Mar-21;10;9684
DK041;21-Mar-21;24;9708
DK041;22-Mar-21;34;9742
DK041;23-Mar-21;23;9765
DK041;24-Mar-21;16;9781
DK041;25-Mar-21;12;9793
DK041;26-Mar-21;26;9819
DK041;27-Mar-21;20;9839
DK041;28-Mar-21;10;9849
DK041;29-Mar-21;18;9867
DK041;30-Mar-21;19;9886
DK041;31-Mar-21;14;9900
DK041;01-Apr-21;18;9918
DK041;02-Apr-21;23;9941
DK041;03-Apr-21;22;9963
DK041;04-Apr-21;23;9986
DK041;05-Apr-21;22;10008
DK041;06-Apr-21;33;10041
DK041;07-Apr-21;30;10071
DK041;08-Apr-21;41;10112
DK041;09-Apr-21;32;10144
DK041;10-Apr-21;24;10168
DK041;11-Apr-21;25;10193
DK041;12-Apr-21;22;10215
DK041;13-Apr-21;37;10252
DK041;14-Apr-21;45;10297
DK041;15-Apr-21;18;10315
DK041;16-Apr-21;33;10348
DK041;17-Apr-21;33;10381
DK041;18-Apr-21;46;10427
DK041;19-Apr-21;55;10482
DK041;20-Apr-21;49;10531
DK041;21-Apr-21;50;10581
DK041;22-Apr-21;41;10622
DK041;23-Apr-21;40;10662
DK041;24-Apr-21;46;10708
DK041;25-Apr-21;39;10747
DK041;26-Apr-21;53;10800
DK041;27-Apr-21;48;10848
DK041;28-Apr-21;40;10888
DK041;29-Apr-21;49;10937
DK041;30-Apr-21;54;10991
DK041;01-May-21;60;11051
DK041;02-May-21;47;11098
DK041;03-May-21;66;11164
DK041;04-May-21;74;11238
DK041;05-May-21;85;11323
DK041;06-May-21;53;11376
DK041;07-May-21;66;11442
DK041;08-May-21;86;11528
DK041;09-May-21;67;11595
DK041;10-May-21;119;11714
DK041;11-May-21;85;11799
DK041;12-May-21;75;11874
DK041;13-May-21;60;11934
DK041;14-May-21;60;11994
DK041;15-May-21;57;12051
DK041;16-May-21;48;12099
DK041;17-May-21;72;12171
DK041;18-May-21;57;12228
DK041;19-May-21;49;12277
DK041;20-May-21;39;12316
DK041;21-May-21;38;12354
DK041;22-May-21;50;12404
DK041;23-May-21;61;12465
DK041;24-May-21;45;12510
DK041;25-May-21;59;12569
DK041;26-May-21;58;12627
DK041;27-May-21;56;12683
DK041;28-May-21;35;12718
DK041;29-May-21;30;12748
DK041;30-May-21;30;12778
DK041;31-May-21;35;12813
DK041;01-Jun-21;38;12851
DK041;02-Jun-21;37;12888
DK041;03-Jun-21;22;12910
DK041;04-Jun-21;22;12932
DK041;05-Jun-21;24;12956
DK041;06-Jun-21;27;12983
DK041;07-Jun-21;17;13000
DK041;08-Jun-21;9;13009
DK041;09-Jun-21;8;13017
DK041;10-Jun-21;12;13029
DK041;11-Jun-21;10;13039
DK041;12-Jun-21;8;13047
DK041;13-Jun-21;9;13056
DK041;14-Jun-21;7;13063
DK041;15-Jun-21;10;13073
DK041;16-Jun-21;14;13087
DK041;17-Jun-21;4;13091
DK041;18-Jun-21;6;13097
DK041;19-Jun-21;4;13101
DK041;20-Jun-21;3;13104
DK041;21-Jun-21;2;13106
DK041;22-Jun-21;1;13107
DK041;23-Jun-21;8;13115
DK041;24-Jun-21;8;13123
DK041;25-Jun-21;5;13128
DK041;26-Jun-21;2;13130
DK041;27-Jun-21;4;13134
DK041;28-Jun-21;8;13142
DK041;29-Jun-21;2;13144
DK041;30-Jun-21;4;13148
DK042;26-Feb-20;0;0
DK042;27-Feb-20;0;0
DK042;28-Feb-20;1;1
DK042;01-Mar-20;0;1
DK042;02-Mar-20;0;1
DK042;03-Mar-20;0;1
DK042;04-Mar-20;0;1
DK042;05-Mar-20;0;1
DK042;06-Mar-20;0;1
DK042;07-Mar-20;1;2
DK042;08-Mar-20;22;24
DK042;09-Mar-20;38;62
DK042;10-Mar-20;63;125
DK042;11-Mar-20;22;147
DK042;12-Mar-20;6;153
DK042;13-Mar-20;3;156
DK042;14-Mar-20;4;160
DK042;15-Mar-20;2;162
DK042;16-Mar-20;0;162
DK042;17-Mar-20;4;166
DK042;18-Mar-20;8;174
DK042;19-Mar-20;9;183
DK042;20-Mar-20;3;186
DK042;21-Mar-20;0;186
DK042;22-Mar-20;6;192
DK042;23-Mar-20;10;202
DK042;24-Mar-20;6;208
DK042;25-Mar-20;8;216
DK042;26-Mar-20;13;229
DK042;27-Mar-20;9;238
DK042;28-Mar-20;7;245
DK042;29-Mar-20;5;250
DK042;30-Mar-20;19;269
DK042;31-Mar-20;10;279
DK042;01-Apr-20;22;301
DK042;02-Apr-20;29;330
DK042;03-Apr-20;29;359
DK042;04-Apr-20;9;368
DK042;05-Apr-20;6;374
DK042;06-Apr-20;35;409
DK042;07-Apr-20;25;434
DK042;08-Apr-20;22;456
DK042;09-Apr-20;10;466
DK042;10-Apr-20;7;473
DK042;11-Apr-20;12;485
DK042;12-Apr-20;6;491
DK042;13-Apr-20;17;508
DK042;14-Apr-20;15;523
DK042;15-Apr-20;3;526
DK042;16-Apr-20;14;540
DK042;17-Apr-20;9;549
DK042;18-Apr-20;5;554
DK042;19-Apr-20;2;556
DK042;20-Apr-20;5;561
DK042;21-Apr-20;4;565
DK042;22-Apr-20;4;569
DK042;23-Apr-20;12;581
DK042;24-Apr-20;12;593
DK042;25-Apr-20;10;603
DK042;26-Apr-20;3;606
DK042;27-Apr-20;6;612
DK042;28-Apr-20;7;619
DK042;29-Apr-20;6;625
DK042;30-Apr-20;6;631
DK042;01-May-20;6;637
DK042;02-May-20;9;646
DK042;03-May-20;6;652
DK042;04-May-20;1;653
DK042;05-May-20;3;656
DK042;06-May-20;3;659
DK042;07-May-20;4;663
DK042;08-May-20;2;665
DK042;09-May-20;1;666
DK042;10-May-20;1;667
DK042;11-May-20;2;669
DK042;12-May-20;0;669
DK042;13-May-20;2;671
DK042;14-May-20;4;675
DK042;15-May-20;3;678
DK042;16-May-20;4;682
DK042;17-May-20;3;685
DK042;18-May-20;4;689
DK042;19-May-20;3;692
DK042;20-May-20;0;692
DK042;21-May-20;1;693
DK042;22-May-20;1;694
DK042;23-May-20;2;696
DK042;24-May-20;0;696
DK042;25-May-20;1;697
DK042;26-May-20;2;699
DK042;27-May-20;2;701
DK042;28-May-20;0;701
DK042;29-May-20;0;701
DK042;30-May-20;0;701
DK042;31-May-20;0;701
DK042;01-Jun-20;3;704
DK042;02-Jun-20;3;707
DK042;03-Jun-20;0;707
DK042;04-Jun-20;5;712
DK042;05-Jun-20;0;712
DK042;06-Jun-20;1;713
DK042;07-Jun-20;0;713
DK042;08-Jun-20;2;715
DK042;09-Jun-20;0;715
DK042;10-Jun-20;1;716
DK042;11-Jun-20;1;717
DK042;12-Jun-20;3;720
DK042;13-Jun-20;1;721
DK042;14-Jun-20;0;721
DK042;15-Jun-20;1;722
DK042;16-Jun-20;3;725
DK042;17-Jun-20;1;726
DK042;18-Jun-20;0;726
DK042;19-Jun-20;2;728
DK042;20-Jun-20;2;730
DK042;21-Jun-20;1;731
DK042;22-Jun-20;1;732
DK042;23-Jun-20;3;735
DK042;24-Jun-20;3;738
DK042;25-Jun-20;4;742
DK042;26-Jun-20;3;745
DK042;27-Jun-20;3;748
DK042;28-Jun-20;4;752
DK042;29-Jun-20;0;752
DK042;30-Jun-20;2;754
DK042;01-Jul-20;2;756
DK042;02-Jul-20;1;757
DK042;03-Jul-20;1;758
DK042;04-Jul-20;0;758
DK042;05-Jul-20;1;759
DK042;06-Jul-20;0;759
DK042;07-Jul-20;1;760
DK042;08-Jul-20;1;761
DK042;09-Jul-20;4;765
DK042;10-Jul-20;0;765
DK042;11-Jul-20;0;765
DK042;12-Jul-20;0;765
DK042;13-Jul-20;6;771
DK042;14-Jul-20;3;774
DK042;15-Jul-20;1;775
DK042;16-Jul-20;3;778
DK042;17-Jul-20;1;779
DK042;18-Jul-20;0;779
DK042;19-Jul-20;1;780
DK042;20-Jul-20;3;783
DK042;21-Jul-20;0;783
DK042;22-Jul-20;0;783
DK042;23-Jul-20;2;785
DK042;24-Jul-20;7;792
DK042;25-Jul-20;5;797
DK042;26-Jul-20;4;801
DK042;27-Jul-20;6;807
DK042;28-Jul-20;10;817
DK042;29-Jul-20;9;826
DK042;30-Jul-20;19;845
DK042;31-Jul-20;17;862
DK042;01-Aug-20;26;888
DK042;02-Aug-20;36;924
DK042;03-Aug-20;44;968
DK042;04-Aug-20;57;1025
DK042;05-Aug-20;62;1087
DK042;06-Aug-20;85;1172
DK042;07-Aug-20;102;1274
DK042;08-Aug-20;56;1330
DK042;09-Aug-20;58;1388
DK042;10-Aug-20;80;1468
DK042;11-Aug-20;64;1532
DK042;12-Aug-20;79;1611
DK042;13-Aug-20;56;1667
DK042;14-Aug-20;28;1695
DK042;15-Aug-20;64;1759
DK042;16-Aug-20;29;1788
DK042;17-Aug-20;33;1821
DK042;18-Aug-20;36;1857
DK042;19-Aug-20;22;1879
DK042;20-Aug-20;27;1906
DK042;21-Aug-20;21;1927
DK042;22-Aug-20;28;1955
DK042;23-Aug-20;20;1975
DK042;24-Aug-20;24;1999
DK042;25-Aug-20;18;2017
DK042;26-Aug-20;18;2035
DK042;27-Aug-20;13;2048
DK042;28-Aug-20;16;2064
DK042;29-Aug-20;12;2076
DK042;30-Aug-20;18;2094
DK042;31-Aug-20;16;2110
DK042;01-Sep-20;27;2137
DK042;02-Sep-20;13;2150
DK042;03-Sep-20;15;2165
DK042;04-Sep-20;14;2179
DK042;05-Sep-20;13;2192
DK042;06-Sep-20;15;2207
DK042;07-Sep-20;15;2222
DK042;08-Sep-20;36;2258
DK042;09-Sep-20;24;2282
DK042;10-Sep-20;15;2297
DK042;11-Sep-20;48;2345
DK042;12-Sep-20;22;2367
DK042;13-Sep-20;12;2379
DK042;14-Sep-20;26;2405
DK042;15-Sep-20;42;2447
DK042;16-Sep-20;45;2492
DK042;17-Sep-20;47;2539
DK042;18-Sep-20;60;2599
DK042;19-Sep-20;44;2643
DK042;20-Sep-20;44;2687
DK042;21-Sep-20;53;2740
DK042;22-Sep-20;83;2823
DK042;23-Sep-20;105;2928
DK042;24-Sep-20;104;3032
DK042;25-Sep-20;95;3127
DK042;26-Sep-20;78;3205
DK042;27-Sep-20;71;3276
DK042;28-Sep-20;96;3372
DK042;29-Sep-20;94;3466
DK042;30-Sep-20;83;3549
DK042;01-Oct-20;78;3627
DK042;02-Oct-20;78;3705
DK042;03-Oct-20;48;3753
DK042;04-Oct-20;44;3797
DK042;05-Oct-20;65;3862
DK042;06-Oct-20;78;3940
DK042;07-Oct-20;116;4056
DK042;08-Oct-20;77;4133
DK042;09-Oct-20;77;4210
DK042;10-Oct-20;62;4272
DK042;11-Oct-20;50;4322
DK042;12-Oct-20;95;4417
DK042;13-Oct-20;78;4495
DK042;14-Oct-20;64;4559
DK042;15-Oct-20;78;4637
DK042;16-Oct-20;79;4716
DK042;17-Oct-20;49;4765
DK042;18-Oct-20;53;4818
DK042;19-Oct-20;106;4924
DK042;20-Oct-20;149;5073
DK042;21-Oct-20;181;5254
DK042;22-Oct-20;114;5368
DK042;23-Oct-20;128;5496
DK042;24-Oct-20;102;5598
DK042;25-Oct-20;105;5703
DK042;26-Oct-20;107;5810
DK042;27-Oct-20;141;5951
DK042;28-Oct-20;172;6123
DK042;29-Oct-20;89;6212
DK042;30-Oct-20;129;6341
DK042;31-Oct-20;108;6449
DK042;01-Nov-20;125;6574
DK042;02-Nov-20;126;6700
DK042;03-Nov-20;155;6855
DK042;04-Nov-20;165;7020
DK042;05-Nov-20;131;7151
DK042;06-Nov-20;112;7263
DK042;07-Nov-20;117;7380
DK042;08-Nov-20;114;7494
DK042;09-Nov-20;148;7642
DK042;10-Nov-20;152;7794
DK042;11-Nov-20;176;7970
DK042;12-Nov-20;174;8144
DK042;13-Nov-20;144;8288
DK042;14-Nov-20;149;8437
DK042;15-Nov-20;118;8555
DK042;16-Nov-20;189;8744
DK042;17-Nov-20;202;8946
DK042;18-Nov-20;201;9147
DK042;19-Nov-20;141;9288
DK042;20-Nov-20;154;9442
DK042;21-Nov-20;117;9559
DK042;22-Nov-20;112;9671
DK042;23-Nov-20;141;9812
DK042;24-Nov-20;179;9991
DK042;25-Nov-20;163;10154
DK042;26-Nov-20;172;10326
DK042;27-Nov-20;176;10502
DK042;28-Nov-20;167;10669
DK042;29-Nov-20;126;10795
DK042;30-Nov-20;268;11063
DK042;01-Dec-20;220;11283
DK042;02-Dec-20;248;11531
DK042;03-Dec-20;251;11782
DK042;04-Dec-20;299;12081
DK042;05-Dec-20;204;12285
DK042;06-Dec-20;231;12516
DK042;07-Dec-20;346;12862
DK042;08-Dec-20;415;13277
DK042;09-Dec-20;451;13728
DK042;10-Dec-20;494;14222
DK042;11-Dec-20;483;14705
DK042;12-Dec-20;449;15154
DK042;13-Dec-20;381;15535
DK042;14-Dec-20;597;16132
DK042;15-Dec-20;658;16790
DK042;16-Dec-20;602;17392
DK042;17-Dec-20;482;17874
DK042;18-Dec-20;429;18303
DK042;19-Dec-20;410;18713
DK042;20-Dec-20;324;19037
DK042;21-Dec-20;391;19428
DK042;22-Dec-20;356;19784
DK042;23-Dec-20;401;20185
DK042;24-Dec-20;159;20344
DK042;25-Dec-20;145;20489
DK042;26-Dec-20;347;20836
DK042;27-Dec-20;303;21139
DK042;28-Dec-20;436;21575
DK042;29-Dec-20;408;21983
DK042;30-Dec-20;347;22330
DK042;31-Dec-20;178;22508
DK042;01-Jan-21;175;22683
DK042;02-Jan-21;344;23027
DK042;03-Jan-21;256;23283
DK042;04-Jan-21;386;23669
DK042;05-Jan-21;244;23913
DK042;06-Jan-21;234;24147
DK042;07-Jan-21;276;24423
DK042;08-Jan-21;206;24629
DK042;09-Jan-21;170;24799
DK042;10-Jan-21;139;24938
DK042;11-Jan-21;151;25089
DK042;12-Jan-21;148;25237
DK042;13-Jan-21;135;25372
DK042;14-Jan-21;151;25523
DK042;15-Jan-21;86;25609
DK042;16-Jan-21;56;25665
DK042;17-Jan-21;58;25723
DK042;18-Jan-21;99;25822
DK042;19-Jan-21;69;25891
DK042;20-Jan-21;81;25972
DK042;21-Jan-21;88;26060
DK042;22-Jan-21;73;26133
DK042;23-Jan-21;62;26195
DK042;24-Jan-21;42;26237
DK042;25-Jan-21;56;26293
DK042;26-Jan-21;73;26366
DK042;27-Jan-21;46;26412
DK042;28-Jan-21;46;26458
DK042;29-Jan-21;33;26491
DK042;30-Jan-21;28;26519
DK042;31-Jan-21;36;26555
DK042;01-Feb-21;47;26602
DK042;02-Feb-21;54;26656
DK042;03-Feb-21;39;26695
DK042;04-Feb-21;54;26749
DK042;05-Feb-21;51;26800
DK042;06-Feb-21;57;26857
DK042;07-Feb-21;70;26927
DK042;08-Feb-21;39;26966
DK042;09-Feb-21;58;27024
DK042;10-Feb-21;60;27084
DK042;11-Feb-21;45;27129
DK042;12-Feb-21;34;27163
DK042;13-Feb-21;46;27209
DK042;14-Feb-21;33;27242
DK042;15-Feb-21;53;27295
DK042;16-Feb-21;69;27364
DK042;17-Feb-21;63;27427
DK042;18-Feb-21;70;27497
DK042;19-Feb-21;35;27532
DK042;20-Feb-21;53;27585
DK042;21-Feb-21;60;27645
DK042;22-Feb-21;58;27703
DK042;23-Feb-21;42;27745
DK042;24-Feb-21;47;27792
DK042;25-Feb-21;39;27831
DK042;26-Feb-21;32;27863
DK042;27-Feb-21;43;27906
DK042;28-Feb-21;38;27944
DK042;01-Mar-21;52;27996
DK042;02-Mar-21;69;28065
DK042;03-Mar-21;52;28117
DK042;04-Mar-21;33;28150
DK042;05-Mar-21;48;28198
DK042;06-Mar-21;36;28234
DK042;07-Mar-21;60;28294
DK042;08-Mar-21;72;28366
DK042;09-Mar-21;77;28443
DK042;10-Mar-21;72;28515
DK042;11-Mar-21;53;28568
DK042;12-Mar-21;49;28617
DK042;13-Mar-21;46;28663
DK042;14-Mar-21;56;28719
DK042;15-Mar-21;67;28786
DK042;16-Mar-21;87;28873
DK042;17-Mar-21;70;28943
DK042;18-Mar-21;55;28998
DK042;19-Mar-21;59;29057
DK042;20-Mar-21;58;29115
DK042;21-Mar-21;59;29174
DK042;22-Mar-21;66;29240
DK042;23-Mar-21;105;29345
DK042;24-Mar-21;92;29437
DK042;25-Mar-21;66;29503
DK042;26-Mar-21;54;29557
DK042;27-Mar-21;81;29638
DK042;28-Mar-21;66;29704
DK042;29-Mar-21;79;29783
DK042;30-Mar-21;73;29856
DK042;31-Mar-21;86;29942
DK042;01-Apr-21;91;30033
DK042;02-Apr-21;67;30100
DK042;03-Apr-21;87;30187
DK042;04-Apr-21;52;30239
DK042;05-Apr-21;66;30305
DK042;06-Apr-21;64;30369
DK042;07-Apr-21;78;30447
DK042;08-Apr-21;85;30532
DK042;09-Apr-21;61;30593
DK042;10-Apr-21;51;30644
DK042;11-Apr-21;72;30716
DK042;12-Apr-21;85;30801
DK042;13-Apr-21;114;30915
DK042;14-Apr-21;90;31005
DK042;15-Apr-21;137;31142
DK042;16-Apr-21;110;31252
DK042;17-Apr-21;103;31355
DK042;18-Apr-21;105;31460
DK042;19-Apr-21;126;31586
DK042;20-Apr-21;147;31733
DK042;21-Apr-21;94;31827
DK042;22-Apr-21;63;31890
DK042;23-Apr-21;79;31969
DK042;24-Apr-21;85;32054
DK042;25-Apr-21;79;32133
DK042;26-Apr-21;77;32210
DK042;27-Apr-21;99;32309
DK042;28-Apr-21;106;32415
DK042;29-Apr-21;97;32512
DK042;30-Apr-21;76;32588
DK042;01-May-21;99;32687
DK042;02-May-21;88;32775
DK042;03-May-21;124;32899
DK042;04-May-21;122;33021
DK042;05-May-21;114;33135
DK042;06-May-21;100;33235
DK042;07-May-21;109;33344
DK042;08-May-21;91;33435
DK042;09-May-21;84;33519
DK042;10-May-21;163;33682
DK042;11-May-21;180;33862
DK042;12-May-21;129;33991
DK042;13-May-21;91;34082
DK042;14-May-21;102;34184
DK042;15-May-21;135;34319
DK042;16-May-21;99;34418
DK042;17-May-21;137;34555
DK042;18-May-21;125;34680
DK042;19-May-21;129;34809
DK042;20-May-21;105;34914
DK042;21-May-21;92;35006
DK042;22-May-21;117;35123
DK042;23-May-21;120;35243
DK042;24-May-21;135;35378
DK042;25-May-21;163;35541
DK042;26-May-21;118;35659
DK042;27-May-21;135;35794
DK042;28-May-21;145;35939
DK042;29-May-21;117;36056
DK042;30-May-21;137;36193
DK042;31-May-21;155;36348
DK042;01-Jun-21;160;36508
DK042;02-Jun-21;155;36663
DK042;03-Jun-21;111;36774
DK042;04-Jun-21;138;36912
DK042;05-Jun-21;119;37031
DK042;06-Jun-21;94;37125
DK042;07-Jun-21;106;37231
DK042;08-Jun-21;88;37319
DK042;09-Jun-21;93;37412
DK042;10-Jun-21;68;37480
DK042;11-Jun-21;65;37545
DK042;12-Jun-21;35;37580
DK042;13-Jun-21;41;37621
DK042;14-Jun-21;53;37674
DK042;15-Jun-21;51;37725
DK042;16-Jun-21;48;37773
DK042;17-Jun-21;33;37806
DK042;18-Jun-21;37;37843
DK042;19-Jun-21;17;37860
DK042;20-Jun-21;35;37895
DK042;21-Jun-21;27;37922
DK042;22-Jun-21;20;37942
DK042;23-Jun-21;28;37970
DK042;24-Jun-21;34;38004
DK042;25-Jun-21;31;38035
DK042;26-Jun-21;14;38049
DK042;27-Jun-21;14;38063
DK042;28-Jun-21;32;38095
DK042;29-Jun-21;35;38130
DK042;30-Jun-21;34;38164
DK050;26-Feb-20;0;0
DK050;27-Feb-20;0;0
DK050;28-Feb-20;0;0
DK050;01-Mar-20;0;0
DK050;02-Mar-20;0;0
DK050;03-Mar-20;0;0
DK050;04-Mar-20;0;0
DK050;05-Mar-20;0;0
DK050;06-Mar-20;1;1
DK050;07-Mar-20;0;1
DK050;08-Mar-20;1;2
DK050;09-Mar-20;8;10
DK050;10-Mar-20;13;23
DK050;11-Mar-20;23;46
DK050;12-Mar-20;1;47
DK050;13-Mar-20;1;48
DK050;14-Mar-20;3;51
DK050;15-Mar-20;3;54
DK050;16-Mar-20;1;55
DK050;17-Mar-20;4;59
DK050;18-Mar-20;6;65
DK050;19-Mar-20;5;70
DK050;20-Mar-20;5;75
DK050;21-Mar-20;1;76
DK050;22-Mar-20;2;78
DK050;23-Mar-20;10;88
DK050;24-Mar-20;7;95
DK050;25-Mar-20;8;103
DK050;26-Mar-20;12;115
DK050;27-Mar-20;10;125
DK050;28-Mar-20;11;136
DK050;29-Mar-20;9;145
DK050;30-Mar-20;11;156
DK050;31-Mar-20;18;174
DK050;01-Apr-20;16;190
DK050;02-Apr-20;26;216
DK050;03-Apr-20;28;244
DK050;04-Apr-20;8;252
DK050;05-Apr-20;5;257
DK050;06-Apr-20;21;278
DK050;07-Apr-20;9;287
DK050;08-Apr-20;7;294
DK050;09-Apr-20;8;302
DK050;10-Apr-20;7;309
DK050;11-Apr-20;2;311
DK050;12-Apr-20;8;319
DK050;13-Apr-20;5;324
DK050;14-Apr-20;2;326
DK050;15-Apr-20;8;334
DK050;16-Apr-20;5;339
DK050;17-Apr-20;4;343
DK050;18-Apr-20;2;345
DK050;19-Apr-20;2;347
DK050;20-Apr-20;6;353
DK050;21-Apr-20;5;358
DK050;22-Apr-20;5;363
DK050;23-Apr-20;3;366
DK050;24-Apr-20;2;368
DK050;25-Apr-20;5;373
DK050;26-Apr-20;4;377
DK050;27-Apr-20;5;382
DK050;28-Apr-20;0;382
DK050;29-Apr-20;3;385
DK050;30-Apr-20;5;390
DK050;01-May-20;19;409
DK050;02-May-20;2;411
DK050;03-May-20;2;413
DK050;04-May-20;0;413
DK050;05-May-20;2;415
DK050;06-May-20;0;415
DK050;07-May-20;1;416
DK050;08-May-20;0;416
DK050;09-May-20;1;417
DK050;10-May-20;4;421
DK050;11-May-20;1;422
DK050;12-May-20;1;423
DK050;13-May-20;1;424
DK050;14-May-20;0;424
DK050;15-May-20;1;425
DK050;16-May-20;1;426
DK050;17-May-20;0;426
DK050;18-May-20;1;427
DK050;19-May-20;2;429
DK050;20-May-20;1;430
DK050;21-May-20;1;431
DK050;22-May-20;2;433
DK050;23-May-20;0;433
DK050;24-May-20;0;433
DK050;25-May-20;1;434
DK050;26-May-20;2;436
DK050;27-May-20;0;436
DK050;28-May-20;0;436
DK050;29-May-20;0;436
DK050;30-May-20;0;436
DK050;31-May-20;0;436
DK050;01-Jun-20;0;436
DK050;02-Jun-20;0;436
DK050;03-Jun-20;0;436
DK050;04-Jun-20;0;436
DK050;05-Jun-20;0;436
DK050;06-Jun-20;0;436
DK050;07-Jun-20;0;436
DK050;08-Jun-20;1;437
DK050;09-Jun-20;0;437
DK050;10-Jun-20;9;446
DK050;11-Jun-20;2;448
DK050;12-Jun-20;25;473
DK050;13-Jun-20;0;473
DK050;14-Jun-20;8;481
DK050;15-Jun-20;3;484
DK050;16-Jun-20;7;491
DK050;17-Jun-20;16;507
DK050;18-Jun-20;2;509
DK050;19-Jun-20;1;510
DK050;20-Jun-20;2;512
DK050;21-Jun-20;3;515
DK050;22-Jun-20;3;518
DK050;23-Jun-20;4;522
DK050;24-Jun-20;17;539
DK050;25-Jun-20;5;544
DK050;26-Jun-20;2;546
DK050;27-Jun-20;9;555
DK050;28-Jun-20;1;556
DK050;29-Jun-20;2;558
DK050;30-Jun-20;6;564
DK050;01-Jul-20;2;566
DK050;02-Jul-20;0;566
DK050;03-Jul-20;5;571
DK050;04-Jul-20;1;572
DK050;05-Jul-20;1;573
DK050;06-Jul-20;2;575
DK050;07-Jul-20;2;577
DK050;08-Jul-20;3;580
DK050;09-Jul-20;6;586
DK050;10-Jul-20;3;589
DK050;11-Jul-20;0;589
DK050;12-Jul-20;2;591
DK050;13-Jul-20;0;591
DK050;14-Jul-20;1;592
DK050;15-Jul-20;2;594
DK050;16-Jul-20;0;594
DK050;17-Jul-20;2;596
DK050;18-Jul-20;0;596
DK050;19-Jul-20;2;598
DK050;20-Jul-20;0;598
DK050;21-Jul-20;3;601
DK050;22-Jul-20;4;605
DK050;23-Jul-20;3;608
DK050;24-Jul-20;1;609
DK050;25-Jul-20;1;610
DK050;26-Jul-20;1;611
DK050;27-Jul-20;2;613
DK050;28-Jul-20;4;617
DK050;29-Jul-20;5;622
DK050;30-Jul-20;4;626
DK050;31-Jul-20;3;629
DK050;01-Aug-20;4;633
DK050;02-Aug-20;6;639
DK050;03-Aug-20;5;644
DK050;04-Aug-20;4;648
DK050;05-Aug-20;4;652
DK050;06-Aug-20;4;656
DK050;07-Aug-20;4;660
DK050;08-Aug-20;2;662
DK050;09-Aug-20;9;671
DK050;10-Aug-20;7;678
DK050;11-Aug-20;2;680
DK050;12-Aug-20;19;699
DK050;13-Aug-20;8;707
DK050;14-Aug-20;8;715
DK050;15-Aug-20;6;721
DK050;16-Aug-20;10;731
DK050;17-Aug-20;8;739
DK050;18-Aug-20;7;746
DK050;19-Aug-20;8;754
DK050;20-Aug-20;4;758
DK050;21-Aug-20;7;765
DK050;22-Aug-20;6;771
DK050;23-Aug-20;8;779
DK050;24-Aug-20;6;785
DK050;25-Aug-20;9;794
DK050;26-Aug-20;4;798
DK050;27-Aug-20;4;802
DK050;28-Aug-20;9;811
DK050;29-Aug-20;11;822
DK050;30-Aug-20;6;828
DK050;31-Aug-20;3;831
DK050;01-Sep-20;7;838
DK050;02-Sep-20;3;841
DK050;03-Sep-20;11;852
DK050;04-Sep-20;15;867
DK050;05-Sep-20;12;879
DK050;06-Sep-20;16;895
DK050;07-Sep-20;27;922
DK050;08-Sep-20;24;946
DK050;09-Sep-20;29;975
DK050;10-Sep-20;37;1012
DK050;11-Sep-20;43;1055
DK050;12-Sep-20;31;1086
DK050;13-Sep-20;42;1128
DK050;14-Sep-20;48;1176
DK050;15-Sep-20;61;1237
DK050;16-Sep-20;66;1303
DK050;17-Sep-20;37;1340
DK050;18-Sep-20;46;1386
DK050;19-Sep-20;31;1417
DK050;20-Sep-20;42;1459
DK050;21-Sep-20;58;1517
DK050;22-Sep-20;53;1570
DK050;23-Sep-20;49;1619
DK050;24-Sep-20;38;1657
DK050;25-Sep-20;40;1697
DK050;26-Sep-20;32;1729
DK050;27-Sep-20;22;1751
DK050;28-Sep-20;39;1790
DK050;29-Sep-20;44;1834
DK050;30-Sep-20;39;1873
DK050;01-Oct-20;41;1914
DK050;02-Oct-20;36;1950
DK050;03-Oct-20;31;1981
DK050;04-Oct-20;30;2011
DK050;05-Oct-20;60;2071
DK050;06-Oct-20;31;2102
DK050;07-Oct-20;49;2151
DK050;08-Oct-20;50;2201
DK050;09-Oct-20;43;2244
DK050;10-Oct-20;32;2276
DK050;11-Oct-20;30;2306
DK050;12-Oct-20;45;2351
DK050;13-Oct-20;55;2406
DK050;14-Oct-20;62;2468
DK050;15-Oct-20;33;2501
DK050;16-Oct-20;49;2550
DK050;17-Oct-20;42;2592
DK050;18-Oct-20;43;2635
DK050;19-Oct-20;72;2707
DK050;20-Oct-20;84;2791
DK050;21-Oct-20;92;2883
DK050;22-Oct-20;102;2985
DK050;23-Oct-20;117;3102
DK050;24-Oct-20;104;3206
DK050;25-Oct-20;108;3314
DK050;26-Oct-20;132;3446
DK050;27-Oct-20;148;3594
DK050;28-Oct-20;116;3710
DK050;29-Oct-20;120;3830
DK050;30-Oct-20;113;3943
DK050;31-Oct-20;96;4039
DK050;01-Nov-20;95;4134
DK050;02-Nov-20;116;4250
DK050;03-Nov-20;137;4387
DK050;04-Nov-20;83;4470
DK050;05-Nov-20;83;4553
DK050;06-Nov-20;60;4613
DK050;07-Nov-20;68;4681
DK050;08-Nov-20;41;4722
DK050;09-Nov-20;72;4794
DK050;10-Nov-20;61;4855
DK050;11-Nov-20;70;4925
DK050;12-Nov-20;67;4992
DK050;13-Nov-20;77;5069
DK050;14-Nov-20;65;5134
DK050;15-Nov-20;73;5207
DK050;16-Nov-20;58;5265
DK050;17-Nov-20;65;5330
DK050;18-Nov-20;53;5383
DK050;19-Nov-20;44;5427
DK050;20-Nov-20;64;5491
DK050;21-Nov-20;36;5527
DK050;22-Nov-20;38;5565
DK050;23-Nov-20;35;5600
DK050;24-Nov-20;42;5642
DK050;25-Nov-20;46;5688
DK050;26-Nov-20;45;5733
DK050;27-Nov-20;38;5771
DK050;28-Nov-20;26;5797
DK050;29-Nov-20;37;5834
DK050;30-Nov-20;39;5873
DK050;01-Dec-20;47;5920
DK050;02-Dec-20;60;5980
DK050;03-Dec-20;53;6033
DK050;04-Dec-20;65;6098
DK050;05-Dec-20;53;6151
DK050;06-Dec-20;70;6221
DK050;07-Dec-20;105;6326
DK050;08-Dec-20;139;6465
DK050;09-Dec-20;145;6610
DK050;10-Dec-20;166;6776
DK050;11-Dec-20;125;6901
DK050;12-Dec-20;160;7061
DK050;13-Dec-20;123;7184
DK050;14-Dec-20;193;7377
DK050;15-Dec-20;210;7587
DK050;16-Dec-20;226;7813
DK050;17-Dec-20;202;8015
DK050;18-Dec-20;213;8228
DK050;19-Dec-20;211;8439
DK050;20-Dec-20;169;8608
DK050;21-Dec-20;197;8805
DK050;22-Dec-20;242;9047
DK050;23-Dec-20;255;9302
DK050;24-Dec-20;134;9436
DK050;25-Dec-20;130;9566
DK050;26-Dec-20;178;9744
DK050;27-Dec-20;171;9915
DK050;28-Dec-20;261;10176
DK050;29-Dec-20;187;10363
DK050;30-Dec-20;213;10576
DK050;31-Dec-20;105;10681
DK050;01-Jan-21;93;10774
DK050;02-Jan-21;185;10959
DK050;03-Jan-21;178;11137
DK050;04-Jan-21;210;11347
DK050;05-Jan-21;154;11501
DK050;06-Jan-21;176;11677
DK050;07-Jan-21;144;11821
DK050;08-Jan-21;116;11937
DK050;09-Jan-21;101;12038
DK050;10-Jan-21;81;12119
DK050;11-Jan-21;107;12226
DK050;12-Jan-21;104;12330
DK050;13-Jan-21;119;12449
DK050;14-Jan-21;96;12545
DK050;15-Jan-21;83;12628
DK050;16-Jan-21;74;12702
DK050;17-Jan-21;65;12767
DK050;18-Jan-21;73;12840
DK050;19-Jan-21;93;12933
DK050;20-Jan-21;80;13013
DK050;21-Jan-21;75;13088
DK050;22-Jan-21;83;13171
DK050;23-Jan-21;44;13215
DK050;24-Jan-21;57;13272
DK050;25-Jan-21;51;13323
DK050;26-Jan-21;67;13390
DK050;27-Jan-21;36;13426
DK050;28-Jan-21;39;13465
DK050;29-Jan-21;31;13496
DK050;30-Jan-21;29;13525
DK050;31-Jan-21;32;13557
DK050;01-Feb-21;46;13603
DK050;02-Feb-21;45;13648
DK050;03-Feb-21;42;13690
DK050;04-Feb-21;30;13720
DK050;05-Feb-21;33;13753
DK050;06-Feb-21;30;13783
DK050;07-Feb-21;33;13816
DK050;08-Feb-21;38;13854
DK050;09-Feb-21;36;13890
DK050;10-Feb-21;44;13934
DK050;11-Feb-21;20;13954
DK050;12-Feb-21;33;13987
DK050;13-Feb-21;31;14018
DK050;14-Feb-21;34;14052
DK050;15-Feb-21;33;14085
DK050;16-Feb-21;21;14106
DK050;17-Feb-21;30;14136
DK050;18-Feb-21;74;14210
DK050;19-Feb-21;26;14236
DK050;20-Feb-21;26;14262
DK050;21-Feb-21;21;14283
DK050;22-Feb-21;39;14322
DK050;23-Feb-21;41;14363
DK050;24-Feb-21;25;14388
DK050;25-Feb-21;27;14415
DK050;26-Feb-21;20;14435
DK050;27-Feb-21;20;14455
DK050;28-Feb-21;26;14481
DK050;01-Mar-21;34;14515
DK050;02-Mar-21;19;14534
DK050;03-Mar-21;22;14556
DK050;04-Mar-21;18;14574
DK050;05-Mar-21;21;14595
DK050;06-Mar-21;17;14612
DK050;07-Mar-21;23;14635
DK050;08-Mar-21;21;14656
DK050;09-Mar-21;18;14674
DK050;10-Mar-21;24;14698
DK050;11-Mar-21;34;14732
DK050;12-Mar-21;20;14752
DK050;13-Mar-21;23;14775
DK050;14-Mar-21;23;14798
DK050;15-Mar-21;28;14826
DK050;16-Mar-21;49;14875
DK050;17-Mar-21;41;14916
DK050;18-Mar-21;29;14945
DK050;19-Mar-21;21;14966
DK050;20-Mar-21;39;15005
DK050;21-Mar-21;31;15036
DK050;22-Mar-21;45;15081
DK050;23-Mar-21;35;15116
DK050;24-Mar-21;41;15157
DK050;25-Mar-21;28;15185
DK050;26-Mar-21;24;15209
DK050;27-Mar-21;36;15245
DK050;28-Mar-21;25;15270
DK050;29-Mar-21;40;15310
DK050;30-Mar-21;41;15351
DK050;31-Mar-21;50;15401
DK050;01-Apr-21;46;15447
DK050;02-Apr-21;36;15483
DK050;03-Apr-21;39;15522
DK050;04-Apr-21;42;15564
DK050;05-Apr-21;50;15614
DK050;06-Apr-21;52;15666
DK050;07-Apr-21;68;15734
DK050;08-Apr-21;38;15772
DK050;09-Apr-21;54;15826
DK050;10-Apr-21;58;15884
DK050;11-Apr-21;42;15926
DK050;12-Apr-21;68;15994
DK050;13-Apr-21;54;16048
DK050;14-Apr-21;54;16102
DK050;15-Apr-21;49;16151
DK050;16-Apr-21;44;16195
DK050;17-Apr-21;56;16251
DK050;18-Apr-21;50;16301
DK050;19-Apr-21;89;16390
DK050;20-Apr-21;82;16472
DK050;21-Apr-21;39;16511
DK050;22-Apr-21;51;16562
DK050;23-Apr-21;79;16641
DK050;24-Apr-21;61;16702
DK050;25-Apr-21;64;16766
DK050;26-Apr-21;74;16840
DK050;27-Apr-21;75;16915
DK050;28-Apr-21;65;16980
DK050;29-Apr-21;59;17039
DK050;30-Apr-21;64;17103
DK050;01-May-21;64;17167
DK050;02-May-21;59;17226
DK050;03-May-21;73;17299
DK050;04-May-21;58;17357
DK050;05-May-21;86;17443
DK050;06-May-21;56;17499
DK050;07-May-21;61;17560
DK050;08-May-21;64;17624
DK050;09-May-21;73;17697
DK050;10-May-21;73;17770
DK050;11-May-21;116;17886
DK050;12-May-21;102;17988
DK050;13-May-21;102;18090
DK050;14-May-21;77;18167
DK050;15-May-21;97;18264
DK050;16-May-21;105;18369
DK050;17-May-21;109;18478
DK050;18-May-21;120;18598
DK050;19-May-21;126;18724
DK050;20-May-21;142;18866
DK050;21-May-21;85;18951
DK050;22-May-21;99;19050
DK050;23-May-21;113;19163
DK050;24-May-21;98;19261
DK050;25-May-21;152;19413
DK050;26-May-21;187;19600
DK050;27-May-21;106;19706
DK050;28-May-21;114;19820
DK050;29-May-21;110;19930
DK050;30-May-21;123;20053
DK050;31-May-21;152;20205
DK050;01-Jun-21;174;20379
DK050;02-Jun-21;140;20519
DK050;03-Jun-21;101;20620
DK050;04-Jun-21;83;20703
DK050;05-Jun-21;83;20786
DK050;06-Jun-21;76;20862
DK050;07-Jun-21;90;20952
DK050;08-Jun-21;60;21012
DK050;09-Jun-21;61;21073
DK050;10-Jun-21;66;21139
DK050;11-Jun-21;49;21188
DK050;12-Jun-21;36;21224
DK050;13-Jun-21;37;21261
DK050;14-Jun-21;49;21310
DK050;15-Jun-21;56;21366
DK050;16-Jun-21;23;21389
DK050;17-Jun-21;29;21418
DK050;18-Jun-21;28;21446
DK050;19-Jun-21;22;21468
DK050;20-Jun-21;17;21485
DK050;21-Jun-21;17;21502
DK050;22-Jun-21;14;21516
DK050;23-Jun-21;34;21550
DK050;24-Jun-21;21;21571
DK050;25-Jun-21;20;21591
DK050;26-Jun-21;13;21604
DK050;27-Jun-21;21;21625
DK050;28-Jun-21;37;21662
DK050;29-Jun-21;44;21706
DK050;30-Jun-21;21;21727
