nuts3_id;date;cases_daily;cases
DK011;27-Feb-20;1;1
DK011;01-Mar-20;1;2
DK011;02-Mar-20;2;4
DK011;03-Mar-20;4;8
DK011;04-Mar-20;1;9
DK011;05-Mar-20;5;14
DK011;07-Mar-20;2;16
DK011;08-Mar-20;5;21
DK011;09-Mar-20;29;50
DK011;10-Mar-20;63;113
DK011;11-Mar-20;43;156
DK011;12-Mar-20;9;165
DK011;13-Mar-20;11;176
DK011;14-Mar-20;6;182
DK011;15-Mar-20;11;193
DK011;16-Mar-20;27;220
DK011;17-Mar-20;24;244
DK011;18-Mar-20;24;268
DK011;19-Mar-20;27;295
DK011;20-Mar-20;26;321
DK011;21-Mar-20;8;329
DK011;22-Mar-20;17;346
DK011;23-Mar-20;33;379
DK011;24-Mar-20;36;415
DK011;25-Mar-20;35;450
DK011;26-Mar-20;38;488
DK011;27-Mar-20;60;548
DK011;28-Mar-20;62;610
DK011;29-Mar-20;46;656
DK011;30-Mar-20;68;724
DK011;31-Mar-20;59;783
DK011;01-Apr-20;53;836
DK011;02-Apr-20;83;919
DK011;03-Apr-20;115;1034
DK011;04-Apr-20;114;1148
DK011;05-Apr-20;48;1196
DK011;06-Apr-20;121;1317
DK011;07-Apr-20;81;1398
DK011;08-Apr-20;78;1476
DK011;09-Apr-20;33;1509
DK011;10-Apr-20;39;1548
DK011;11-Apr-20;30;1578
DK011;12-Apr-20;31;1609
DK011;13-Apr-20;38;1647
DK011;14-Apr-20;48;1695
DK011;15-Apr-20;47;1742
DK011;16-Apr-20;40;1782
DK011;17-Apr-20;32;1814
DK011;18-Apr-20;30;1844
DK011;19-Apr-20;30;1874
DK011;20-Apr-20;55;1929
DK011;21-Apr-20;50;1979
DK011;22-Apr-20;51;2030
DK011;23-Apr-20;44;2074
DK011;24-Apr-20;49;2123
DK011;25-Apr-20;35;2158
DK011;26-Apr-20;37;2195
DK011;27-Apr-20;53;2248
DK011;28-Apr-20;38;2286
DK011;29-Apr-20;32;2318
DK011;30-Apr-20;41;2359
DK011;01-May-20;32;2391
DK011;02-May-20;27;2418
DK011;03-May-20;30;2448
DK011;04-May-20;32;2480
DK011;05-May-20;35;2515
DK011;06-May-20;38;2553
DK011;07-May-20;24;2577
DK011;08-May-20;18;2595
DK011;09-May-20;16;2611
DK011;10-May-20;14;2625
DK011;11-May-20;15;2640
DK011;12-May-20;15;2655
DK011;13-May-20;13;2668
DK011;14-May-20;12;2680
DK011;15-May-20;21;2701
DK011;16-May-20;8;2709
DK011;17-May-20;13;2722
DK011;18-May-20;27;2749
DK011;19-May-20;20;2769
DK011;20-May-20;14;2783
DK011;21-May-20;10;2793
DK011;22-May-20;14;2807
DK011;23-May-20;8;2815
DK011;24-May-20;7;2822
DK011;25-May-20;5;2827
DK011;26-May-20;21;2848
DK011;27-May-20;8;2856
DK011;28-May-20;7;2863
DK011;29-May-20;6;2869
DK011;30-May-20;8;2877
DK011;31-May-20;8;2885
DK011;01-Jun-20;8;2893
DK011;02-Jun-20;6;2899
DK011;03-Jun-20;10;2909
DK011;04-Jun-20;8;2917
DK011;05-Jun-20;8;2925
DK011;06-Jun-20;2;2927
DK011;07-Jun-20;5;2932
DK011;08-Jun-20;9;2941
DK011;09-Jun-20;10;2951
DK011;10-Jun-20;12;2963
DK011;11-Jun-20;12;2975
DK011;12-Jun-20;7;2982
DK011;13-Jun-20;5;2987
DK011;14-Jun-20;5;2992
DK011;15-Jun-20;11;3003
DK011;16-Jun-20;7;3010
DK011;17-Jun-20;15;3025
DK011;18-Jun-20;12;3037
DK011;19-Jun-20;7;3044
DK011;20-Jun-20;10;3054
DK011;21-Jun-20;16;3070
DK011;22-Jun-20;17;3087
DK011;23-Jun-20;3;3090
DK011;24-Jun-20;6;3096
DK011;25-Jun-20;9;3105
DK011;26-Jun-20;4;3109
DK011;27-Jun-20;3;3112
DK011;28-Jun-20;3;3115
DK011;29-Jun-20;10;3125
DK011;30-Jun-20;6;3131
DK011;01-Jul-20;3;3134
DK011;02-Jul-20;10;3144
DK011;03-Jul-20;5;3149
DK011;04-Jul-20;5;3154
DK011;05-Jul-20;7;3161
DK011;06-Jul-20;4;3165
DK011;07-Jul-20;5;3170
DK011;08-Jul-20;15;3185
DK011;09-Jul-20;9;3194
DK011;10-Jul-20;16;3210
DK011;11-Jul-20;17;3227
DK011;12-Jul-20;6;3233
DK011;13-Jul-20;9;3242
DK011;14-Jul-20;14;3256
DK011;15-Jul-20;14;3270
DK011;16-Jul-20;9;3279
DK011;17-Jul-20;9;3288
DK011;18-Jul-20;12;3300
DK011;19-Jul-20;12;3312
DK011;20-Jul-20;10;3322
DK011;21-Jul-20;16;3338
DK011;22-Jul-20;10;3348
DK011;23-Jul-20;16;3364
DK011;24-Jul-20;11;3375
DK011;25-Jul-20;2;3377
DK011;26-Jul-20;4;3381
DK011;27-Jul-20;9;3390
DK011;28-Jul-20;16;3406
DK011;29-Jul-20;14;3420
DK011;30-Jul-20;15;3435
DK011;31-Jul-20;8;3443
DK011;01-Aug-20;5;3448
DK011;02-Aug-20;11;3459
DK011;03-Aug-20;12;3471
DK011;04-Aug-20;8;3479
DK011;05-Aug-20;18;3497
DK011;06-Aug-20;13;3510
DK011;07-Aug-20;9;3519
DK011;08-Aug-20;12;3531
DK011;09-Aug-20;15;3546
DK011;10-Aug-20;19;3565
DK011;11-Aug-20;19;3584
DK011;12-Aug-20;23;3607
DK011;13-Aug-20;23;3630
DK011;14-Aug-20;22;3652
DK011;15-Aug-20;14;3666
DK011;16-Aug-20;18;3684
DK011;17-Aug-20;14;3698
DK011;18-Aug-20;21;3719
DK011;19-Aug-20;18;3737
DK011;20-Aug-20;15;3752
DK011;21-Aug-20;13;3765
DK011;22-Aug-20;23;3788
DK011;23-Aug-20;12;3800
DK011;24-Aug-20;14;3814
DK011;25-Aug-20;19;3833
DK011;26-Aug-20;18;3851
DK011;27-Aug-20;17;3868
DK011;28-Aug-20;28;3896
DK011;29-Aug-20;26;3922
DK011;30-Aug-20;28;3950
DK011;31-Aug-20;34;3984
DK011;01-Sep-20;41;4025
DK011;02-Sep-20;42;4067
DK011;03-Sep-20;62;4129
DK011;04-Sep-20;60;4189
DK011;05-Sep-20;51;4240
DK011;06-Sep-20;79;4319
DK011;07-Sep-20;93;4412
DK011;08-Sep-20;80;4492
DK011;09-Sep-20;82;4574
DK011;10-Sep-20;100;4674
DK011;11-Sep-20;96;4770
DK011;12-Sep-20;78;4848
DK011;13-Sep-20;82;4930
DK011;14-Sep-20;110;5040
DK011;15-Sep-20;132;5172
DK011;16-Sep-20;172;5344
DK011;17-Sep-20;158;5502
DK011;18-Sep-20;129;5631
DK011;19-Sep-20;118;5749
DK011;20-Sep-20;116;5865
DK011;21-Sep-20;141;6006
DK011;22-Sep-20;172;6178
DK011;23-Sep-20;161;6339
DK011;24-Sep-20;126;6465
DK011;25-Sep-20;91;6556
DK011;26-Sep-20;86;6642
DK011;27-Sep-20;69;6711
DK011;28-Sep-20;92;6803
DK011;29-Sep-20;83;6886
DK011;30-Sep-20;80;6966
DK011;01-Oct-20;68;7034
DK011;02-Oct-20;57;7091
DK011;03-Oct-20;70;7161
DK011;04-Oct-20;63;7224
DK011;05-Oct-20;76;7300
DK011;06-Oct-20;115;7415
DK011;07-Oct-20;69;7484
DK011;08-Oct-20;72;7556
DK011;09-Oct-20;70;7626
DK011;10-Oct-20;51;7677
DK011;11-Oct-20;51;7728
DK011;12-Oct-20;67;7795
DK011;13-Oct-20;72;7867
DK011;14-Oct-20;95;7962
DK011;15-Oct-20;97;8059
DK011;16-Oct-20;91;8150
DK011;17-Oct-20;117;8267
DK011;18-Oct-20;112;8379
DK011;19-Oct-20;137;8516
DK011;20-Oct-20;124;8640
DK011;21-Oct-20;151;8791
DK011;22-Oct-20;203;8994
DK011;23-Oct-20;173;9167
DK011;24-Oct-20;157;9324
DK011;25-Oct-20;193;9517
DK011;26-Oct-20;185;9702
DK011;27-Oct-20;248;9950
DK011;28-Oct-20;245;10195
DK011;29-Oct-20;218;10413
DK011;30-Oct-20;207;10620
DK011;31-Oct-20;257;10877
DK011;01-Nov-20;192;11069
DK011;02-Nov-20;299;11368
DK011;03-Nov-20;274;11642
DK011;04-Nov-20;273;11915
DK011;05-Nov-20;213;12128
DK011;06-Nov-20;203;12331
DK011;07-Nov-20;179;12510
DK011;08-Nov-20;172;12682
DK011;09-Nov-20;227;12909
DK011;10-Nov-20;234;13143
DK011;11-Nov-20;205;13348
DK011;12-Nov-20;226;13574
DK011;13-Nov-20;222;13796
DK011;14-Nov-20;240;14036
DK011;15-Nov-20;194;14230
DK011;16-Nov-20;270;14500
DK011;17-Nov-20;298;14798
DK011;18-Nov-20;296;15094
DK011;19-Nov-20;306;15400
DK011;20-Nov-20;284;15684
DK011;21-Nov-20;264;15948
DK011;22-Nov-20;259;16207
DK011;23-Nov-20;284;16491
DK011;24-Nov-20;324;16815
DK011;25-Nov-20;351;17166
DK011;26-Nov-20;320;17486
DK011;27-Nov-20;355;17841
DK011;28-Nov-20;348;18189
DK011;29-Nov-20;325;18514
DK011;30-Nov-20;339;18853
DK011;01-Dec-20;494;19347
DK011;02-Dec-20;502;19849
DK011;03-Dec-20;514;20363
DK011;04-Dec-20;533;20896
DK011;05-Dec-20;528;21424
DK011;06-Dec-20;584;22008
DK011;07-Dec-20;841;22849
DK011;08-Dec-20;947;23796
DK011;09-Dec-20;954;24750
DK011;10-Dec-20;1020;25770
DK011;11-Dec-20;902;26672
DK011;12-Dec-20;921;27593
DK011;13-Dec-20;974;28567
DK011;14-Dec-20;1056;29623
DK011;15-Dec-20;1084;30707
DK011;16-Dec-20;1119;31826
DK011;17-Dec-20;862;32688
DK011;18-Dec-20;750;33438
DK011;19-Dec-20;586;34024
DK011;20-Dec-20;526;34550
DK011;21-Dec-20;647;35197
DK011;22-Dec-20;576;35773
DK011;23-Dec-20;669;36442
DK011;24-Dec-20;275;36717
DK011;25-Dec-20;341;37058
DK011;26-Dec-20;531;37589
DK011;27-Dec-20;425;38014
DK011;28-Dec-20;562;38576
DK011;29-Dec-20;379;38955
DK011;30-Dec-20;467;39422
DK011;31-Dec-20;220;39642
DK011;01-Jan-21;233;39875
DK011;02-Jan-21;335;40210
DK011;03-Jan-21;336;40546
DK011;04-Jan-21;435;40981
DK011;05-Jan-21;333;41314
DK011;06-Jan-21;294;41608
DK011;07-Jan-21;258;41866
DK011;08-Jan-21;254;42120
DK011;09-Jan-21;183;42303
DK011;10-Jan-21;158;42461
DK011;11-Jan-21;230;42691
DK011;12-Jan-21;274;42965
DK011;13-Jan-21;226;43191
DK011;14-Jan-21;186;43377
DK011;15-Jan-21;177;43554
DK011;16-Jan-21;141;43695
DK011;17-Jan-21;130;43825
DK011;18-Jan-21;174;43999
DK011;19-Jan-21;151;44150
DK011;20-Jan-21;145;44295
DK011;21-Jan-21;159;44454
DK011;22-Jan-21;128;44582
DK011;23-Jan-21;126;44708
DK011;24-Jan-21;102;44810
DK011;25-Jan-21;141;44951
DK011;26-Jan-21;121;45072
DK011;27-Jan-21;108;45180
DK011;28-Jan-21;88;45268
DK011;29-Jan-21;84;45352
DK011;30-Jan-21;84;45436
DK011;31-Jan-21;72;45508
DK011;01-Feb-21;83;45591
DK011;02-Feb-21;107;45698
DK011;03-Feb-21;62;45760
DK011;04-Feb-21;89;45849
DK011;05-Feb-21;68;45917
DK011;06-Feb-21;74;45991
DK011;07-Feb-21;56;46047
DK011;08-Feb-21;74;46121
DK011;09-Feb-21;77;46198
DK011;10-Feb-21;71;46269
DK011;11-Feb-21;68;46337
DK011;12-Feb-21;55;46392
DK011;13-Feb-21;62;46454
DK011;14-Feb-21;61;46515
DK011;15-Feb-21;82;46597
DK011;16-Feb-21;82;46679
DK011;17-Feb-21;88;46767
DK011;18-Feb-21;54;46821
DK011;19-Feb-21;90;46911
DK011;20-Feb-21;76;46987
DK011;21-Feb-21;59;47046
DK011;22-Feb-21;81;47127
DK011;23-Feb-21;111;47238
DK011;24-Feb-21;99;47337
DK011;25-Feb-21;93;47430
DK011;26-Feb-21;101;47531
DK011;27-Feb-21;76;47607
DK011;28-Feb-21;114;47721
DK011;01-Mar-21;134;47855
DK011;02-Mar-21;111;47966
DK011;03-Mar-21;91;48057
DK011;04-Mar-21;105;48162
DK011;05-Mar-21;93;48255
DK011;06-Mar-21;94;48349
DK011;07-Mar-21;75;48424
DK011;08-Mar-21;93;48517
DK011;09-Mar-21;105;48622
DK011;10-Mar-21;70;48692
DK011;11-Mar-21;96;48788
DK011;12-Mar-21;93;48881
DK011;13-Mar-21;67;48948
DK011;14-Mar-21;81;49029
DK011;15-Mar-21;105;49134
DK011;16-Mar-21;133;49267
DK011;17-Mar-21;99;49366
DK011;18-Mar-21;114;49480
DK011;19-Mar-21;122;49602
DK011;20-Mar-21;115;49717
DK011;21-Mar-21;128;49845
DK011;22-Mar-21;141;49986
DK011;23-Mar-21;170;50156
DK011;24-Mar-21;175;50331
DK011;25-Mar-21;143;50474
DK011;26-Mar-21;166;50640
DK011;27-Mar-21;139;50779
DK011;28-Mar-21;130;50909
DK011;29-Mar-21;170;51079
DK011;30-Mar-21;172;51251
DK011;31-Mar-21;170;51421
DK011;01-Apr-21;150;51571
DK011;02-Apr-21;116;51687
DK011;03-Apr-21;115;51802
DK011;04-Apr-21;117;51919
DK011;05-Apr-21;102;52021
DK011;06-Apr-21;164;52185
DK011;07-Apr-21;162;52347
DK011;08-Apr-21;153;52500
DK011;09-Apr-21;180;52680
DK011;10-Apr-21;102;52782
DK011;11-Apr-21;118;52900
DK011;12-Apr-21;148;53048
DK011;13-Apr-21;151;53199
DK011;14-Apr-21;151;53350
DK011;15-Apr-21;164;53514
DK011;16-Apr-21;145;53659
DK011;17-Apr-21;107;53766
DK011;18-Apr-21;137;53903
DK011;19-Apr-21;167;54070
DK011;20-Apr-21;171;54241
DK011;21-Apr-21;129;54370
DK011;22-Apr-21;132;54502
DK011;23-Apr-21;118;54620
DK011;24-Apr-21;109;54729
DK011;25-Apr-21;141;54870
DK011;26-Apr-21;172;55042
DK011;27-Apr-21;216;55258
DK011;28-Apr-21;225;55483
DK011;29-Apr-21;204;55687
DK011;30-Apr-21;196;55883
DK011;01-May-21;155;56038
DK011;02-May-21;172;56210
DK011;03-May-21;260;56470
DK011;04-May-21;235;56705
DK011;05-May-21;247;56952
DK011;06-May-21;249;57201
DK011;07-May-21;222;57423
DK011;08-May-21;241;57664
DK011;09-May-21;183;57847
DK011;10-May-21;230;58077
DK011;11-May-21;318;58395
DK011;12-May-21;299;58694
DK011;13-May-21;248;58942
DK011;14-May-21;214;59156
DK011;15-May-21;207;59363
DK011;16-May-21;223;59586
DK011;17-May-21;278;59864
DK011;18-May-21;285;60149
DK011;19-May-21;295;60444
DK011;20-May-21;245;60689
DK011;21-May-21;190;60879
DK011;22-May-21;179;61058
DK011;23-May-21;149;61207
DK011;24-May-21;175;61382
DK011;25-May-21;250;61632
DK011;26-May-21;318;61950
DK011;27-May-21;241;62191
DK011;28-May-21;186;62377
DK011;29-May-21;181;62558
DK011;30-May-21;176;62734
DK011;31-May-21;230;62964
DK011;01-Jun-21;254;63218
DK011;02-Jun-21;226;63444
DK011;03-Jun-21;187;63631
DK011;04-Jun-21;167;63798
DK011;05-Jun-21;132;63930
DK011;06-Jun-21;125;64055
DK011;07-Jun-21;150;64205
DK011;08-Jun-21;128;64333
DK011;09-Jun-21;100;64433
DK011;10-Jun-21;99;64532
DK011;11-Jun-21;77;64609
DK011;12-Jun-21;46;64655
DK011;13-Jun-21;48;64703
DK011;14-Jun-21;57;64760
DK011;15-Jun-21;68;64828
DK011;16-Jun-21;72;64900
DK011;17-Jun-21;51;64951
DK011;18-Jun-21;54;65005
DK011;19-Jun-21;60;65065
DK011;20-Jun-21;43;65108
DK011;21-Jun-21;71;65179
DK011;22-Jun-21;69;65248
DK011;23-Jun-21;61;65309
DK011;24-Jun-21;82;65391
DK011;25-Jun-21;61;65452
DK011;26-Jun-21;60;65512
DK011;27-Jun-21;80;65592
DK011;28-Jun-21;120;65712
DK011;29-Jun-21;178;65890
DK011;30-Jun-21;237;66127
DK011;01-Jul-21;158;66285
DK011;02-Jul-21;157;66442
DK011;03-Jul-21;119;66561
DK011;04-Jul-21;155;66716
DK011;05-Jul-21;193;66909
DK011;06-Jul-21;223;67132
DK011;07-Jul-21;182;67314
DK011;08-Jul-21;163;67477
DK011;09-Jul-21;193;67670
DK011;10-Jul-21;228;67898
DK011;11-Jul-21;333;68231
DK011;12-Jul-21;389;68620
DK011;13-Jul-21;464;69084
DK011;14-Jul-21;420;69504
DK011;15-Jul-21;371;69875
DK011;16-Jul-21;253;70128
DK011;17-Jul-21;212;70340
DK011;18-Jul-21;211;70551
DK011;19-Jul-21;227;70778
DK011;20-Jul-21;249;71027
DK011;21-Jul-21;218;71245
DK011;22-Jul-21;177;71422
DK011;23-Jul-21;184;71606
DK011;24-Jul-21;171;71777
DK011;25-Jul-21;201;71978
DK011;26-Jul-21;262;72240
DK011;27-Jul-21;245;72485
DK011;28-Jul-21;199;72684
DK011;29-Jul-21;177;72861
DK011;30-Jul-21;189;73050
DK011;31-Jul-21;138;73188
DK011;01-Aug-21;182;73370
DK011;02-Aug-21;171;73541
DK011;03-Aug-21;138;73679
DK011;04-Aug-21;182;73861
DK011;05-Aug-21;161;74022
DK011;06-Aug-21;135;74157
DK011;07-Aug-21;158;74315
DK011;08-Aug-21;178;74493
DK011;09-Aug-21;226;74719
DK011;10-Aug-21;221;74940
DK011;11-Aug-21;169;75109
DK011;12-Aug-21;170;75279
DK011;13-Aug-21;174;75453
DK011;14-Aug-21;149;75602
DK011;15-Aug-21;185;75787
DK011;16-Aug-21;204;75991
DK011;17-Aug-21;202;76193
DK011;18-Aug-21;233;76426
DK011;19-Aug-21;216;76642
DK011;20-Aug-21;235;76877
DK011;21-Aug-21;245;77122
DK011;22-Aug-21;303;77425
DK011;23-Aug-21;272;77697
DK011;24-Aug-21;299;77996
DK011;25-Aug-21;267;78263
DK011;26-Aug-21;237;78500
DK011;27-Aug-21;183;78683
DK011;28-Aug-21;183;78866
DK011;29-Aug-21;202;79068
DK011;30-Aug-21;222;79290
DK011;31-Aug-21;201;79491
DK011;01-Sep-21;194;79685
DK011;02-Sep-21;165;79850
DK011;03-Sep-21;151;80001
DK011;04-Sep-21;135;80136
DK011;05-Sep-21;143;80279
DK011;06-Sep-21;195;80474
DK011;07-Sep-21;165;80639
DK011;08-Sep-21;164;80803
DK011;09-Sep-21;133;80936
DK011;10-Sep-21;104;81040
DK011;11-Sep-21;85;81125
DK011;12-Sep-21;108;81233
DK011;13-Sep-21;99;81332
DK011;14-Sep-21;90;81422
DK011;15-Sep-21;82;81504
DK011;16-Sep-21;72;81576
DK011;17-Sep-21;68;81644
DK011;18-Sep-21;42;81686
DK011;19-Sep-21;63;81749
DK011;20-Sep-21;67;81816
DK011;21-Sep-21;55;81871
DK011;22-Sep-21;66;81937
DK011;23-Sep-21;79;82016
DK011;24-Sep-21;60;82076
DK011;25-Sep-21;68;82144
DK011;26-Sep-21;64;82208
DK011;27-Sep-21;82;82290
DK011;28-Sep-21;111;82401
DK011;29-Sep-21;89;82490
DK011;30-Sep-21;72;82562
DK011;01-Oct-21;83;82645
DK011;02-Oct-21;73;82718
DK011;03-Oct-21;105;82823
DK011;04-Oct-21;104;82927
DK011;05-Oct-21;118;83045
DK011;06-Oct-21;171;83216
DK011;07-Oct-21;158;83374
DK011;08-Oct-21;135;83509
DK011;09-Oct-21;118;83627
DK011;10-Oct-21;143;83770
DK011;11-Oct-21;181;83951
DK011;12-Oct-21;195;84146
DK011;13-Oct-21;191;84337
DK011;14-Oct-21;190;84527
DK011;15-Oct-21;188;84715
DK011;16-Oct-21;162;84877
DK011;17-Oct-21;218;85095
DK011;18-Oct-21;251;85346
DK011;19-Oct-21;316;85662
DK011;20-Oct-21;319;85981
DK011;21-Oct-21;394;86375
DK011;22-Oct-21;344;86719
DK011;23-Oct-21;354;87073
DK011;24-Oct-21;398;87471
DK011;25-Oct-21;417;87888
DK011;26-Oct-21;535;88423
DK011;27-Oct-21;503;88926
DK011;28-Oct-21;426;89352
DK011;29-Oct-21;403;89755
DK011;30-Oct-21;377;90132
DK011;31-Oct-21;426;90558
DK011;01-Nov-21;483;91041
DK011;02-Nov-21;544;91585
DK011;03-Nov-21;521;92106
DK011;04-Nov-21;472;92578
DK011;05-Nov-21;457;93035
DK011;06-Nov-21;492;93527
DK011;07-Nov-21;587;94114
DK011;08-Nov-21;693;94807
DK011;09-Nov-21;829;95636
DK011;10-Nov-21;881;96517
DK011;11-Nov-21;762;97279
DK011;12-Nov-21;670;97949
DK011;13-Nov-21;676;98625
DK011;14-Nov-21;739;99364
DK011;15-Nov-21;885;100249
DK011;16-Nov-21;901;101150
DK011;17-Nov-21;866;102016
DK011;18-Nov-21;929;102945
DK011;19-Nov-21;902;103847
DK011;20-Nov-21;835;104682
DK011;21-Nov-21;786;105468
DK011;22-Nov-21;934;106402
DK011;23-Nov-21;920;107322
DK011;24-Nov-21;886;108208
DK011;25-Nov-21;796;109004
DK011;26-Nov-21;866;109870
DK011;27-Nov-21;826;110696
DK011;28-Nov-21;905;111601
DK011;29-Nov-21;933;112534
DK011;30-Nov-21;1098;113632
DK011;01-Dec-21;1016;114648
DK011;02-Dec-21;935;115583
DK011;03-Dec-21;1041;116624
DK011;04-Dec-21;1083;117707
DK011;05-Dec-21;1000;118707
DK011;06-Dec-21;1282;119989
DK011;07-Dec-21;1523;121512
DK011;08-Dec-21;1473;122985
DK011;09-Dec-21;1432;124417
DK011;10-Dec-21;1451;125868
DK011;11-Dec-21;1519;127387
DK011;12-Dec-21;1668;129055
DK011;13-Dec-21;2502;131557
DK011;14-Dec-21;3126;134683
DK011;15-Dec-21;3301;137984
DK011;16-Dec-21;2802;140786
DK011;17-Dec-21;2950;143736
DK011;18-Dec-21;2677;146413
DK011;19-Dec-21;2812;149225
DK011;20-Dec-21;3648;152873
DK011;21-Dec-21;3781;156654
DK011;22-Dec-21;3419;160073
DK011;23-Dec-21;3338;163411
DK011;24-Dec-21;1487;164898
DK011;25-Dec-21;1831;166729
DK011;26-Dec-21;2428;169157
DK011;27-Dec-21;5164;174321
DK011;28-Dec-21;4902;179223
DK011;29-Dec-21;3748;182971
DK011;30-Dec-21;3792;186763
DK011;31-Dec-21;1589;188352
DK011;01-Jan-22;1755;190107
DK011;02-Jan-22;4465;194572
DK011;03-Jan-22;5608;200180
DK011;04-Jan-22;5034;205214
DK011;05-Jan-22;3623;208837
DK011;06-Jan-22;3130;211967
DK011;07-Jan-22;2706;214673
DK011;08-Jan-22;2715;217388
DK011;09-Jan-22;3224;220612
DK011;10-Jan-22;4302;224914
DK011;11-Jan-22;4323;229237
DK011;12-Jan-22;4280;233517
DK011;13-Jan-22;4142;237659
DK011;14-Jan-22;4527;242186
DK011;15-Jan-22;4648;246834
DK011;16-Jan-22;4961;251795
DK011;17-Jan-22;6652;258447
DK011;18-Jan-22;6568;265015
DK011;19-Jan-22;6398;271413
DK011;20-Jan-22;5561;276974
DK011;21-Jan-22;5461;282435
DK011;22-Jan-22;5588;288023
DK011;23-Jan-22;6139;294162
DK011;24-Jan-22;7488;301650
DK011;25-Jan-22;6507;308157
DK011;26-Jan-22;5278;313435
DK011;27-Jan-22;4649;318084
DK011;28-Jan-22;4173;322257
DK011;29-Jan-22;3608;325865
DK011;30-Jan-22;3434;329299
DK011;31-Jan-22;6532;335831
DK011;01-Feb-22;4762;340593
DK011;02-Feb-22;4218;344811
DK011;03-Feb-22;3867;348678
DK011;04-Feb-22;3398;352076
DK011;05-Feb-22;3192;355268
DK011;06-Feb-22;4737;360005
DK011;07-Feb-22;6003;366008
DK011;08-Feb-22;6074;372082
DK011;09-Feb-22;5103;377185
DK011;10-Feb-22;4169;381354
DK011;11-Feb-22;3285;384639
DK011;12-Feb-22;2870;387509
DK011;13-Feb-22;3130;390639
DK011;14-Feb-22;4463;395102
DK011;15-Feb-22;4474;399576
DK011;16-Feb-22;3787;403363
DK011;17-Feb-22;3198;406561
DK011;18-Feb-22;2372;408933
DK011;19-Feb-22;2394;411327
DK011;20-Feb-22;2728;414055
DK011;21-Feb-22;3146;417201
DK011;22-Feb-22;2852;420053
DK011;23-Feb-22;2476;422529
DK011;24-Feb-22;2048;424577
DK011;25-Feb-22;1489;426066
DK011;26-Feb-22;1287;427353
DK011;27-Feb-22;1529;428882
DK011;28-Feb-22;2052;430934
DK011;01-Mar-22;1731;432665
DK011;02-Mar-22;1648;434313
DK011;03-Mar-22;1441;435754
DK011;04-Mar-22;1184;436938
DK011;05-Mar-22;950;437888
DK011;06-Mar-22;1193;439081
DK011;07-Mar-22;1592;440673
DK011;08-Mar-22;1472;442145
DK011;09-Mar-22;1408;443553
DK011;10-Mar-22;1139;444692
DK011;11-Mar-22;712;445404
DK011;12-Mar-22;578;445982
DK011;13-Mar-22;780;446762
DK011;14-Mar-22;893;447655
DK011;15-Mar-22;788;448443
DK011;16-Mar-22;714;449157
DK011;17-Mar-22;679;449836
DK011;18-Mar-22;512;450348
DK011;19-Mar-22;442;450790
DK011;20-Mar-22;552;451342
DK011;21-Mar-22;694;452036
DK011;22-Mar-22;625;452661
DK011;23-Mar-22;553;453214
DK011;24-Mar-22;484;453698
DK011;25-Mar-22;364;454062
DK011;26-Mar-22;268;454330
DK011;27-Mar-22;342;454672
DK011;28-Mar-22;472;455144
DK011;29-Mar-22;431;455575
DK011;30-Mar-22;393;455968
DK011;31-Mar-22;322;456290
DK011;01-Apr-22;275;456565
DK011;02-Apr-22;214;456779
DK011;03-Apr-22;233;457012
DK011;04-Apr-22;310;457322
DK011;05-Apr-22;293;457615
DK011;06-Apr-22;286;457901
DK011;07-Apr-22;281;458182
DK011;08-Apr-22;186;458368
DK011;09-Apr-22;187;458555
DK011;10-Apr-22;203;458758
DK011;11-Apr-22;224;458982
DK011;12-Apr-22;232;459214
DK011;13-Apr-22;245;459459
DK011;14-Apr-22;181;459640
DK011;15-Apr-22;162;459802
DK011;16-Apr-22;169;459971
DK011;17-Apr-22;137;460108
DK011;18-Apr-22;209;460317
DK011;19-Apr-22;258;460575
DK011;20-Apr-22;220;460795
DK011;21-Apr-22;185;460980
DK011;22-Apr-22;124;461104
DK011;23-Apr-22;105;461209
DK011;24-Apr-22;128;461337
DK011;25-Apr-22;182;461519
DK011;26-Apr-22;132;461651
DK011;27-Apr-22;141;461792
DK011;28-Apr-22;123;461915
DK011;29-Apr-22;101;462016
DK011;30-Apr-22;86;462102
DK011;01-May-22;84;462186
DK011;02-May-22;121;462307
DK011;03-May-22;93;462400
DK011;04-May-22;121;462521
DK011;05-May-22;122;462643
DK011;06-May-22;91;462734
DK011;07-May-22;71;462805
DK011;08-May-22;72;462877
DK011;09-May-22;123;463000
DK011;10-May-22;95;463095
DK011;11-May-22;93;463188
DK011;12-May-22;81;463269
DK011;13-May-22;58;463327
DK011;14-May-22;60;463387
DK011;15-May-22;64;463451
DK011;16-May-22;94;463545
DK011;17-May-22;78;463623
DK011;18-May-22;80;463703
DK011;19-May-22;81;463784
DK011;20-May-22;67;463851
DK011;21-May-22;33;463884
DK011;22-May-22;54;463938
DK011;23-May-22;101;464039
DK011;24-May-22;79;464118
DK011;25-May-22;62;464180
DK011;26-May-22;54;464234
DK011;27-May-22;65;464299
DK011;28-May-22;51;464350
DK011;29-May-22;55;464405
DK011;30-May-22;95;464500
DK011;31-May-22;91;464591
DK011;01-Jun-22;58;464649
DK011;02-Jun-22;64;464713
DK011;03-Jun-22;59;464772
DK011;04-Jun-22;45;464817
DK011;05-Jun-22;50;464867
DK011;06-Jun-22;114;464981
DK011;07-Jun-22;131;465112
DK011;08-Jun-22;154;465266
DK011;09-Jun-22;157;465423
DK011;10-Jun-22;153;465576
DK011;11-Jun-22;144;465720
DK011;12-Jun-22;146;465866
DK011;13-Jun-22;205;466071
DK011;14-Jun-22;195;466266
DK011;15-Jun-22;206;466472
DK011;16-Jun-22;182;466654
DK011;17-Jun-22;199;466853
DK011;18-Jun-22;169;467022
DK011;19-Jun-22;188;467210
DK011;20-Jun-22;289;467499
DK011;21-Jun-22;302;467801
DK011;22-Jun-22;321;468122
DK011;23-Jun-22;238;468360
DK011;24-Jun-22;216;468576
DK011;25-Jun-22;150;468726
DK011;26-Jun-22;277;469003
DK011;27-Jun-22;367;469370
DK011;28-Jun-22;315;469685
DK011;29-Jun-22;285;469970
DK011;30-Jun-22;248;470218
DK011;01-Jul-22;233;470451
DK011;02-Jul-22;173;470624
DK011;03-Jul-22;275;470899
DK011;04-Jul-22;470;471369
DK011;05-Jul-22;531;471900
DK011;06-Jul-22;541;472441
DK011;07-Jul-22;409;472850
DK011;08-Jul-22;367;473217
DK011;09-Jul-22;266;473483
DK011;10-Jul-22;327;473810
DK011;11-Jul-22;407;474217
DK011;12-Jul-22;340;474557
DK011;13-Jul-22;293;474850
DK011;14-Jul-22;301;475151
DK011;15-Jul-22;261;475412
DK011;16-Jul-22;240;475652
DK011;17-Jul-22;207;475859
DK011;18-Jul-22;277;476136
DK011;19-Jul-22;264;476400
DK011;20-Jul-22;267;476667
DK011;21-Jul-22;248;476915
DK011;22-Jul-22;209;477124
DK011;23-Jul-22;178;477302
DK011;24-Jul-22;156;477458
DK011;25-Jul-22;226;477684
DK011;26-Jul-22;177;477861
DK011;27-Jul-22;185;478046
DK011;28-Jul-22;151;478197
DK011;29-Jul-22;121;478318
DK011;30-Jul-22;126;478444
DK011;31-Jul-22;159;478603
DK011;01-Aug-22;188;478791
DK011;02-Aug-22;197;478988
DK011;03-Aug-22;156;479144
DK011;04-Aug-22;138;479282
DK011;05-Aug-22;133;479415
DK011;06-Aug-22;101;479516
DK011;07-Aug-22;113;479629
DK011;08-Aug-22;156;479785
DK011;09-Aug-22;203;479988
DK011;10-Aug-22;203;480191
DK011;11-Aug-22;203;480394
DK011;12-Aug-22;147;480541
DK011;13-Aug-22;101;480642
DK011;14-Aug-22;131;480773
DK011;15-Aug-22;175;480948
DK011;16-Aug-22;141;481089
DK011;17-Aug-22;114;481203
DK011;18-Aug-22;108;481311
DK011;19-Aug-22;88;481399
DK011;20-Aug-22;88;481487
DK011;21-Aug-22;80;481567
DK011;22-Aug-22;119;481686
DK011;23-Aug-22;94;481780
DK011;24-Aug-22;105;481885
DK011;25-Aug-22;68;481953
DK011;26-Aug-22;85;482038
DK011;27-Aug-22;60;482098
DK011;28-Aug-22;67;482165
DK011;29-Aug-22;108;482273
DK011;30-Aug-22;63;482336
DK011;31-Aug-22;69;482405
DK011;01-Sep-22;70;482475
DK011;02-Sep-22;75;482550
DK011;03-Sep-22;56;482606
DK011;04-Sep-22;65;482671
DK011;05-Sep-22;94;482765
DK011;06-Sep-22;92;482857
DK011;07-Sep-22;85;482942
DK011;08-Sep-22;82;483024
DK012;04-Mar-20;1;1
DK012;07-Mar-20;1;2
DK012;08-Mar-20;1;3
DK012;09-Mar-20;20;23
DK012;10-Mar-20;24;47
DK012;11-Mar-20;27;74
DK012;12-Mar-20;6;80
DK012;13-Mar-20;4;84
DK012;14-Mar-20;10;94
DK012;15-Mar-20;9;103
DK012;16-Mar-20;15;118
DK012;17-Mar-20;19;137
DK012;18-Mar-20;15;152
DK012;19-Mar-20;16;168
DK012;20-Mar-20;17;185
DK012;21-Mar-20;7;192
DK012;22-Mar-20;8;200
DK012;23-Mar-20;27;227
DK012;24-Mar-20;21;248
DK012;25-Mar-20;24;272
DK012;26-Mar-20;28;300
DK012;27-Mar-20;36;336
DK012;28-Mar-20;39;375
DK012;29-Mar-20;27;402
DK012;30-Mar-20;57;459
DK012;31-Mar-20;47;506
DK012;01-Apr-20;57;563
DK012;02-Apr-20;60;623
DK012;03-Apr-20;95;718
DK012;04-Apr-20;64;782
DK012;05-Apr-20;35;817
DK012;06-Apr-20;67;884
DK012;07-Apr-20;74;958
DK012;08-Apr-20;59;1017
DK012;09-Apr-20;36;1053
DK012;10-Apr-20;38;1091
DK012;11-Apr-20;30;1121
DK012;12-Apr-20;48;1169
DK012;13-Apr-20;50;1219
DK012;14-Apr-20;67;1286
DK012;15-Apr-20;56;1342
DK012;16-Apr-20;38;1380
DK012;17-Apr-20;39;1419
DK012;18-Apr-20;16;1435
DK012;19-Apr-20;21;1456
DK012;20-Apr-20;64;1520
DK012;21-Apr-20;47;1567
DK012;22-Apr-20;63;1630
DK012;23-Apr-20;62;1692
DK012;24-Apr-20;28;1720
DK012;25-Apr-20;21;1741
DK012;26-Apr-20;16;1757
DK012;27-Apr-20;53;1810
DK012;28-Apr-20;34;1844
DK012;29-Apr-20;38;1882
DK012;30-Apr-20;33;1915
DK012;01-May-20;38;1953
DK012;02-May-20;15;1968
DK012;03-May-20;16;1984
DK012;04-May-20;33;2017
DK012;05-May-20;27;2044
DK012;06-May-20;27;2071
DK012;07-May-20;34;2105
DK012;08-May-20;19;2124
DK012;09-May-20;21;2145
DK012;10-May-20;14;2159
DK012;11-May-20;16;2175
DK012;12-May-20;7;2182
DK012;13-May-20;14;2196
DK012;14-May-20;15;2211
DK012;15-May-20;24;2235
DK012;16-May-20;7;2242
DK012;17-May-20;8;2250
DK012;18-May-20;13;2263
DK012;19-May-20;11;2274
DK012;20-May-20;12;2286
DK012;21-May-20;6;2292
DK012;22-May-20;21;2313
DK012;23-May-20;9;2322
DK012;24-May-20;11;2333
DK012;25-May-20;15;2348
DK012;26-May-20;16;2364
DK012;27-May-20;21;2385
DK012;28-May-20;10;2395
DK012;29-May-20;8;2403
DK012;30-May-20;8;2411
DK012;31-May-20;3;2414
DK012;01-Jun-20;7;2421
DK012;02-Jun-20;16;2437
DK012;03-Jun-20;17;2454
DK012;04-Jun-20;13;2467
DK012;05-Jun-20;13;2480
DK012;06-Jun-20;5;2485
DK012;07-Jun-20;7;2492
DK012;08-Jun-20;13;2505
DK012;09-Jun-20;7;2512
DK012;10-Jun-20;7;2519
DK012;11-Jun-20;8;2527
DK012;12-Jun-20;8;2535
DK012;13-Jun-20;8;2543
DK012;14-Jun-20;4;2547
DK012;15-Jun-20;9;2556
DK012;16-Jun-20;7;2563
DK012;17-Jun-20;17;2580
DK012;18-Jun-20;7;2587
DK012;19-Jun-20;12;2599
DK012;20-Jun-20;9;2608
DK012;21-Jun-20;7;2615
DK012;22-Jun-20;15;2630
DK012;23-Jun-20;2;2632
DK012;24-Jun-20;5;2637
DK012;25-Jun-20;6;2643
DK012;26-Jun-20;7;2650
DK012;28-Jun-20;2;2652
DK012;29-Jun-20;5;2657
DK012;30-Jun-20;4;2661
DK012;01-Jul-20;2;2663
DK012;02-Jul-20;1;2664
DK012;03-Jul-20;5;2669
DK012;04-Jul-20;2;2671
DK012;05-Jul-20;2;2673
DK012;06-Jul-20;2;2675
DK012;07-Jul-20;4;2679
DK012;08-Jul-20;3;2682
DK012;09-Jul-20;7;2689
DK012;10-Jul-20;5;2694
DK012;11-Jul-20;1;2695
DK012;12-Jul-20;3;2698
DK012;13-Jul-20;5;2703
DK012;14-Jul-20;5;2708
DK012;15-Jul-20;14;2722
DK012;16-Jul-20;19;2741
DK012;17-Jul-20;7;2748
DK012;18-Jul-20;15;2763
DK012;19-Jul-20;3;2766
DK012;20-Jul-20;10;2776
DK012;21-Jul-20;8;2784
DK012;22-Jul-20;10;2794
DK012;23-Jul-20;18;2812
DK012;24-Jul-20;6;2818
DK012;25-Jul-20;4;2822
DK012;26-Jul-20;8;2830
DK012;27-Jul-20;6;2836
DK012;28-Jul-20;8;2844
DK012;29-Jul-20;8;2852
DK012;30-Jul-20;8;2860
DK012;31-Jul-20;3;2863
DK012;01-Aug-20;3;2866
DK012;02-Aug-20;9;2875
DK012;03-Aug-20;8;2883
DK012;04-Aug-20;7;2890
DK012;05-Aug-20;8;2898
DK012;06-Aug-20;14;2912
DK012;07-Aug-20;7;2919
DK012;08-Aug-20;6;2925
DK012;09-Aug-20;21;2946
DK012;10-Aug-20;21;2967
DK012;11-Aug-20;16;2983
DK012;12-Aug-20;21;3004
DK012;13-Aug-20;11;3015
DK012;14-Aug-20;18;3033
DK012;15-Aug-20;8;3041
DK012;16-Aug-20;10;3051
DK012;17-Aug-20;9;3060
DK012;18-Aug-20;14;3074
DK012;19-Aug-20;12;3086
DK012;20-Aug-20;7;3093
DK012;21-Aug-20;12;3105
DK012;22-Aug-20;4;3109
DK012;23-Aug-20;7;3116
DK012;24-Aug-20;6;3122
DK012;25-Aug-20;18;3140
DK012;26-Aug-20;11;3151
DK012;27-Aug-20;5;3156
DK012;28-Aug-20;10;3166
DK012;29-Aug-20;8;3174
DK012;30-Aug-20;22;3196
DK012;31-Aug-20;30;3226
DK012;01-Sep-20;42;3268
DK012;02-Sep-20;36;3304
DK012;03-Sep-20;41;3345
DK012;04-Sep-20;33;3378
DK012;05-Sep-20;36;3414
DK012;06-Sep-20;57;3471
DK012;07-Sep-20;49;3520
DK012;08-Sep-20;59;3579
DK012;09-Sep-20;55;3634
DK012;10-Sep-20;69;3703
DK012;11-Sep-20;58;3761
DK012;12-Sep-20;73;3834
DK012;13-Sep-20;71;3905
DK012;14-Sep-20;78;3983
DK012;15-Sep-20;80;4063
DK012;16-Sep-20;103;4166
DK012;17-Sep-20;108;4274
DK012;18-Sep-20;103;4377
DK012;19-Sep-20;76;4453
DK012;20-Sep-20;79;4532
DK012;21-Sep-20;117;4649
DK012;22-Sep-20;100;4749
DK012;23-Sep-20;102;4851
DK012;24-Sep-20;127;4978
DK012;25-Sep-20;86;5064
DK012;26-Sep-20;72;5136
DK012;27-Sep-20;79;5215
DK012;28-Sep-20;81;5296
DK012;29-Sep-20;77;5373
DK012;30-Sep-20;62;5435
DK012;01-Oct-20;71;5506
DK012;02-Oct-20;59;5565
DK012;03-Oct-20;60;5625
DK012;04-Oct-20;62;5687
DK012;05-Oct-20;53;5740
DK012;06-Oct-20;44;5784
DK012;07-Oct-20;62;5846
DK012;08-Oct-20;55;5901
DK012;09-Oct-20;56;5957
DK012;10-Oct-20;40;5997
DK012;11-Oct-20;29;6026
DK012;12-Oct-20;44;6070
DK012;13-Oct-20;57;6127
DK012;14-Oct-20;62;6189
DK012;15-Oct-20;52;6241
DK012;16-Oct-20;60;6301
DK012;17-Oct-20;55;6356
DK012;18-Oct-20;77;6433
DK012;19-Oct-20;105;6538
DK012;20-Oct-20;123;6661
DK012;21-Oct-20;131;6792
DK012;22-Oct-20;141;6933
DK012;23-Oct-20;141;7074
DK012;24-Oct-20;145;7219
DK012;25-Oct-20;167;7386
DK012;26-Oct-20;200;7586
DK012;27-Oct-20;237;7823
DK012;28-Oct-20;198;8021
DK012;29-Oct-20;188;8209
DK012;30-Oct-20;221;8430
DK012;31-Oct-20;179;8609
DK012;01-Nov-20;189;8798
DK012;02-Nov-20;233;9031
DK012;03-Nov-20;223;9254
DK012;04-Nov-20;224;9478
DK012;05-Nov-20;182;9660
DK012;06-Nov-20;192;9852
DK012;07-Nov-20;145;9997
DK012;08-Nov-20;122;10119
DK012;09-Nov-20;163;10282
DK012;10-Nov-20;188;10470
DK012;11-Nov-20;173;10643
DK012;12-Nov-20;174;10817
DK012;13-Nov-20;211;11028
DK012;14-Nov-20;158;11186
DK012;15-Nov-20;182;11368
DK012;16-Nov-20;195;11563
DK012;17-Nov-20;214;11777
DK012;18-Nov-20;189;11966
DK012;19-Nov-20;187;12153
DK012;20-Nov-20;185;12338
DK012;21-Nov-20;148;12486
DK012;22-Nov-20;165;12651
DK012;23-Nov-20;188;12839
DK012;24-Nov-20;231;13070
DK012;25-Nov-20;187;13257
DK012;26-Nov-20;181;13438
DK012;27-Nov-20;205;13643
DK012;28-Nov-20;170;13813
DK012;29-Nov-20;214;14027
DK012;30-Nov-20;254;14281
DK012;01-Dec-20;294;14575
DK012;02-Dec-20;332;14907
DK012;03-Dec-20;339;15246
DK012;04-Dec-20;347;15593
DK012;05-Dec-20;302;15895
DK012;06-Dec-20;348;16243
DK012;07-Dec-20;456;16699
DK012;08-Dec-20;445;17144
DK012;09-Dec-20;491;17635
DK012;10-Dec-20;509;18144
DK012;11-Dec-20;536;18680
DK012;12-Dec-20;476;19156
DK012;13-Dec-20;584;19740
DK012;14-Dec-20;615;20355
DK012;15-Dec-20;657;21012
DK012;16-Dec-20;672;21684
DK012;17-Dec-20;525;22209
DK012;18-Dec-20;457;22666
DK012;19-Dec-20;401;23067
DK012;20-Dec-20;396;23463
DK012;21-Dec-20;478;23941
DK012;22-Dec-20;501;24442
DK012;23-Dec-20;496;24938
DK012;24-Dec-20;237;25175
DK012;25-Dec-20;280;25455
DK012;26-Dec-20;466;25921
DK012;27-Dec-20;364;26285
DK012;28-Dec-20;413;26698
DK012;29-Dec-20;360;27058
DK012;30-Dec-20;412;27470
DK012;31-Dec-20;187;27657
DK012;01-Jan-21;200;27857
DK012;02-Jan-21;321;28178
DK012;03-Jan-21;229;28407
DK012;04-Jan-21;390;28797
DK012;05-Jan-21;292;29089
DK012;06-Jan-21;245;29334
DK012;07-Jan-21;188;29522
DK012;08-Jan-21;214;29736
DK012;09-Jan-21;176;29912
DK012;10-Jan-21;159;30071
DK012;11-Jan-21;232;30303
DK012;12-Jan-21;178;30481
DK012;13-Jan-21;191;30672
DK012;14-Jan-21;121;30793
DK012;15-Jan-21;138;30931
DK012;16-Jan-21;123;31054
DK012;17-Jan-21;109;31163
DK012;18-Jan-21;164;31327
DK012;19-Jan-21;131;31458
DK012;20-Jan-21;119;31577
DK012;21-Jan-21;138;31715
DK012;22-Jan-21;116;31831
DK012;23-Jan-21;79;31910
DK012;24-Jan-21;91;32001
DK012;25-Jan-21;125;32126
DK012;26-Jan-21;102;32228
DK012;27-Jan-21;98;32326
DK012;28-Jan-21;93;32419
DK012;29-Jan-21;60;32479
DK012;30-Jan-21;47;32526
DK012;31-Jan-21;72;32598
DK012;01-Feb-21;87;32685
DK012;02-Feb-21;69;32754
DK012;03-Feb-21;59;32813
DK012;04-Feb-21;74;32887
DK012;05-Feb-21;64;32951
DK012;06-Feb-21;67;33018
DK012;07-Feb-21;77;33095
DK012;08-Feb-21;59;33154
DK012;09-Feb-21;59;33213
DK012;10-Feb-21;60;33273
DK012;11-Feb-21;63;33336
DK012;12-Feb-21;49;33385
DK012;13-Feb-21;43;33428
DK012;14-Feb-21;44;33472
DK012;15-Feb-21;50;33522
DK012;16-Feb-21;58;33580
DK012;17-Feb-21;66;33646
DK012;18-Feb-21;57;33703
DK012;19-Feb-21;69;33772
DK012;20-Feb-21;49;33821
DK012;21-Feb-21;69;33890
DK012;22-Feb-21;85;33975
DK012;23-Feb-21;96;34071
DK012;24-Feb-21;80;34151
DK012;25-Feb-21;88;34239
DK012;26-Feb-21;86;34325
DK012;27-Feb-21;87;34412
DK012;28-Feb-21;76;34488
DK012;01-Mar-21;87;34575
DK012;02-Mar-21;91;34666
DK012;03-Mar-21;64;34730
DK012;04-Mar-21;84;34814
DK012;05-Mar-21;76;34890
DK012;06-Mar-21;74;34964
DK012;07-Mar-21;72;35036
DK012;08-Mar-21;113;35149
DK012;09-Mar-21;106;35255
DK012;10-Mar-21;98;35353
DK012;11-Mar-21;115;35468
DK012;12-Mar-21;89;35557
DK012;13-Mar-21;85;35642
DK012;14-Mar-21;91;35733
DK012;15-Mar-21;111;35844
DK012;16-Mar-21;96;35940
DK012;17-Mar-21;101;36041
DK012;18-Mar-21;119;36160
DK012;19-Mar-21;145;36305
DK012;20-Mar-21;105;36410
DK012;21-Mar-21;86;36496
DK012;22-Mar-21;144;36640
DK012;23-Mar-21;139;36779
DK012;24-Mar-21;136;36915
DK012;25-Mar-21;119;37034
DK012;26-Mar-21;130;37164
DK012;27-Mar-21;120;37284
DK012;28-Mar-21;121;37405
DK012;29-Mar-21;150;37555
DK012;30-Mar-21;113;37668
DK012;31-Mar-21;128;37796
DK012;01-Apr-21;141;37937
DK012;02-Apr-21;109;38046
DK012;03-Apr-21;72;38118
DK012;04-Apr-21;77;38195
DK012;05-Apr-21;111;38306
DK012;06-Apr-21;152;38458
DK012;07-Apr-21;105;38563
DK012;08-Apr-21;130;38693
DK012;09-Apr-21;125;38818
DK012;10-Apr-21;101;38919
DK012;11-Apr-21;79;38998
DK012;12-Apr-21;161;39159
DK012;13-Apr-21;127;39286
DK012;14-Apr-21;106;39392
DK012;15-Apr-21;101;39493
DK012;16-Apr-21;118;39611
DK012;17-Apr-21;120;39731
DK012;18-Apr-21;148;39879
DK012;19-Apr-21;147;40026
DK012;20-Apr-21;115;40141
DK012;21-Apr-21;127;40268
DK012;22-Apr-21;88;40356
DK012;23-Apr-21;103;40459
DK012;24-Apr-21;75;40534
DK012;25-Apr-21;77;40611
DK012;26-Apr-21;113;40724
DK012;27-Apr-21;144;40868
DK012;28-Apr-21;119;40987
DK012;29-Apr-21;121;41108
DK012;30-Apr-21;102;41210
DK012;01-May-21;100;41310
DK012;02-May-21;120;41430
DK012;03-May-21;135;41565
DK012;04-May-21;120;41685
DK012;05-May-21;130;41815
DK012;06-May-21;113;41928
DK012;07-May-21;114;42042
DK012;08-May-21;113;42155
DK012;09-May-21;129;42284
DK012;10-May-21;133;42417
DK012;11-May-21;181;42598
DK012;12-May-21;147;42745
DK012;13-May-21;115;42860
DK012;14-May-21;115;42975
DK012;15-May-21;122;43097
DK012;16-May-21;125;43222
DK012;17-May-21;126;43348
DK012;18-May-21;162;43510
DK012;19-May-21;125;43635
DK012;20-May-21;129;43764
DK012;21-May-21;109;43873
DK012;22-May-21;88;43961
DK012;23-May-21;81;44042
DK012;24-May-21;110;44152
DK012;25-May-21;100;44252
DK012;26-May-21;137;44389
DK012;27-May-21;119;44508
DK012;28-May-21;108;44616
DK012;29-May-21;99;44715
DK012;30-May-21;100;44815
DK012;31-May-21;122;44937
DK012;01-Jun-21;152;45089
DK012;02-Jun-21;117;45206
DK012;03-Jun-21;90;45296
DK012;04-Jun-21;80;45376
DK012;05-Jun-21;69;45445
DK012;06-Jun-21;68;45513
DK012;07-Jun-21;73;45586
DK012;08-Jun-21;51;45637
DK012;09-Jun-21;56;45693
DK012;10-Jun-21;47;45740
DK012;11-Jun-21;24;45764
DK012;12-Jun-21;35;45799
DK012;13-Jun-21;24;45823
DK012;14-Jun-21;39;45862
DK012;15-Jun-21;29;45891
DK012;16-Jun-21;37;45928
DK012;17-Jun-21;36;45964
DK012;18-Jun-21;30;45994
DK012;19-Jun-21;21;46015
DK012;20-Jun-21;21;46036
DK012;21-Jun-21;30;46066
DK012;22-Jun-21;22;46088
DK012;23-Jun-21;29;46117
DK012;24-Jun-21;17;46134
DK012;25-Jun-21;25;46159
DK012;26-Jun-21;25;46184
DK012;27-Jun-21;23;46207
DK012;28-Jun-21;33;46240
DK012;29-Jun-21;55;46295
DK012;30-Jun-21;46;46341
DK012;01-Jul-21;28;46369
DK012;02-Jul-21;40;46409
DK012;03-Jul-21;36;46445
DK012;04-Jul-21;48;46493
DK012;05-Jul-21;65;46558
DK012;06-Jul-21;71;46629
DK012;07-Jul-21;63;46692
DK012;08-Jul-21;66;46758
DK012;09-Jul-21;57;46815
DK012;10-Jul-21;74;46889
DK012;11-Jul-21;79;46968
DK012;12-Jul-21;100;47068
DK012;13-Jul-21;94;47162
DK012;14-Jul-21;111;47273
DK012;15-Jul-21;115;47388
DK012;16-Jul-21;91;47479
DK012;17-Jul-21;98;47577
DK012;18-Jul-21;69;47646
DK012;19-Jul-21;103;47749
DK012;20-Jul-21;89;47838
DK012;21-Jul-21;107;47945
DK012;22-Jul-21;76;48021
DK012;23-Jul-21;78;48099
DK012;24-Jul-21;69;48168
DK012;25-Jul-21;99;48267
DK012;26-Jul-21;82;48349
DK012;27-Jul-21;102;48451
DK012;28-Jul-21;129;48580
DK012;29-Jul-21;91;48671
DK012;30-Jul-21;104;48775
DK012;31-Jul-21;96;48871
DK012;01-Aug-21;97;48968
DK012;02-Aug-21;125;49093
DK012;03-Aug-21;118;49211
DK012;04-Aug-21;97;49308
DK012;05-Aug-21;139;49447
DK012;06-Aug-21;167;49614
DK012;07-Aug-21;171;49785
DK012;08-Aug-21;157;49942
DK012;09-Aug-21;176;50118
DK012;10-Aug-21;147;50265
DK012;11-Aug-21;165;50430
DK012;12-Aug-21;153;50583
DK012;13-Aug-21;160;50743
DK012;14-Aug-21;123;50866
DK012;15-Aug-21;145;51011
DK012;16-Aug-21;159;51170
DK012;17-Aug-21;117;51287
DK012;18-Aug-21;139;51426
DK012;19-Aug-21;139;51565
DK012;20-Aug-21;181;51746
DK012;21-Aug-21;138;51884
DK012;22-Aug-21;180;52064
DK012;23-Aug-21;184;52248
DK012;24-Aug-21;191;52439
DK012;25-Aug-21;175;52614
DK012;26-Aug-21;182;52796
DK012;27-Aug-21;128;52924
DK012;28-Aug-21;131;53055
DK012;29-Aug-21;183;53238
DK012;30-Aug-21;171;53409
DK012;31-Aug-21;165;53574
DK012;01-Sep-21;157;53731
DK012;02-Sep-21;113;53844
DK012;03-Sep-21;101;53945
DK012;04-Sep-21;72;54017
DK012;05-Sep-21;114;54131
DK012;06-Sep-21;102;54233
DK012;07-Sep-21;113;54346
DK012;08-Sep-21;88;54434
DK012;09-Sep-21;65;54499
DK012;10-Sep-21;52;54551
DK012;11-Sep-21;69;54620
DK012;12-Sep-21;66;54686
DK012;13-Sep-21;71;54757
DK012;14-Sep-21;70;54827
DK012;15-Sep-21;52;54879
DK012;16-Sep-21;53;54932
DK012;17-Sep-21;55;54987
DK012;18-Sep-21;36;55023
DK012;19-Sep-21;39;55062
DK012;20-Sep-21;57;55119
DK012;21-Sep-21;54;55173
DK012;22-Sep-21;50;55223
DK012;23-Sep-21;45;55268
DK012;24-Sep-21;62;55330
DK012;25-Sep-21;73;55403
DK012;26-Sep-21;87;55490
DK012;27-Sep-21;113;55603
DK012;28-Sep-21;126;55729
DK012;29-Sep-21;102;55831
DK012;30-Sep-21;101;55932
DK012;01-Oct-21;107;56039
DK012;02-Oct-21;61;56100
DK012;03-Oct-21;87;56187
DK012;04-Oct-21;104;56291
DK012;05-Oct-21;115;56406
DK012;06-Oct-21;118;56524
DK012;07-Oct-21;105;56629
DK012;08-Oct-21;110;56739
DK012;09-Oct-21;80;56819
DK012;10-Oct-21;130;56949
DK012;11-Oct-21;124;57073
DK012;12-Oct-21;156;57229
DK012;13-Oct-21;184;57413
DK012;14-Oct-21;137;57550
DK012;15-Oct-21;118;57668
DK012;16-Oct-21;114;57782
DK012;17-Oct-21;147;57929
DK012;18-Oct-21;172;58101
DK012;19-Oct-21;219;58320
DK012;20-Oct-21;277;58597
DK012;21-Oct-21;250;58847
DK012;22-Oct-21;244;59091
DK012;23-Oct-21;213;59304
DK012;24-Oct-21;256;59560
DK012;25-Oct-21;260;59820
DK012;26-Oct-21;346;60166
DK012;27-Oct-21;323;60489
DK012;28-Oct-21;305;60794
DK012;29-Oct-21;250;61044
DK012;30-Oct-21;239;61283
DK012;31-Oct-21;272;61555
DK012;01-Nov-21;370;61925
DK012;02-Nov-21;405;62330
DK012;03-Nov-21;385;62715
DK012;04-Nov-21;371;63086
DK012;05-Nov-21;318;63404
DK012;06-Nov-21;337;63741
DK012;07-Nov-21;408;64149
DK012;08-Nov-21;420;64569
DK012;09-Nov-21;485;65054
DK012;10-Nov-21;499;65553
DK012;11-Nov-21;463;66016
DK012;12-Nov-21;380;66396
DK012;13-Nov-21;440;66836
DK012;14-Nov-21;500;67336
DK012;15-Nov-21;615;67951
DK012;16-Nov-21;554;68505
DK012;17-Nov-21;597;69102
DK012;18-Nov-21;561;69663
DK012;19-Nov-21;601;70264
DK012;20-Nov-21;585;70849
DK012;21-Nov-21;579;71428
DK012;22-Nov-21;588;72016
DK012;23-Nov-21;630;72646
DK012;24-Nov-21;557;73203
DK012;25-Nov-21;576;73779
DK012;26-Nov-21;598;74377
DK012;27-Nov-21;582;74959
DK012;28-Nov-21;558;75517
DK012;29-Nov-21;685;76202
DK012;30-Nov-21;712;76914
DK012;01-Dec-21;620;77534
DK012;02-Dec-21;604;78138
DK012;03-Dec-21;779;78917
DK012;04-Dec-21;710;79627
DK012;05-Dec-21;685;80312
DK012;06-Dec-21;959;81271
DK012;07-Dec-21;939;82210
DK012;08-Dec-21;835;83045
DK012;09-Dec-21;907;83952
DK012;10-Dec-21;884;84836
DK012;11-Dec-21;944;85780
DK012;12-Dec-21;1013;86793
DK012;13-Dec-21;1310;88103
DK012;14-Dec-21;1474;89577
DK012;15-Dec-21;1476;91053
DK012;16-Dec-21;1376;92429
DK012;17-Dec-21;1498;93927
DK012;18-Dec-21;1401;95328
DK012;19-Dec-21;1403;96731
DK012;20-Dec-21;1807;98538
DK012;21-Dec-21;1827;100365
DK012;22-Dec-21;1693;102058
DK012;23-Dec-21;1873;103931
DK012;24-Dec-21;851;104782
DK012;25-Dec-21;933;105715
DK012;26-Dec-21;1241;106956
DK012;27-Dec-21;3080;110036
DK012;28-Dec-21;2992;113028
DK012;29-Dec-21;2371;115399
DK012;30-Dec-21;2611;118010
DK012;31-Dec-21;949;118959
DK012;01-Jan-22;938;119897
DK012;02-Jan-22;3037;122934
DK012;03-Jan-22;3134;126068
DK012;04-Jan-22;2940;129008
DK012;05-Jan-22;2361;131369
DK012;06-Jan-22;2136;133505
DK012;07-Jan-22;1904;135409
DK012;08-Jan-22;2097;137506
DK012;09-Jan-22;2410;139916
DK012;10-Jan-22;3100;143016
DK012;11-Jan-22;3241;146257
DK012;12-Jan-22;3093;149350
DK012;13-Jan-22;3254;152604
DK012;14-Jan-22;3622;156226
DK012;15-Jan-22;3826;160052
DK012;16-Jan-22;3959;164011
DK012;17-Jan-22;5329;169340
DK012;18-Jan-22;5284;174624
DK012;19-Jan-22;4815;179439
DK012;20-Jan-22;4856;184295
DK012;21-Jan-22;4622;188917
DK012;22-Jan-22;4665;193582
DK012;23-Jan-22;4866;198448
DK012;24-Jan-22;5669;204117
DK012;25-Jan-22;5035;209152
DK012;26-Jan-22;4367;213519
DK012;27-Jan-22;3777;217296
DK012;28-Jan-22;3335;220631
DK012;29-Jan-22;2871;223502
DK012;30-Jan-22;2854;226356
DK012;31-Jan-22;4382;230738
DK012;01-Feb-22;3345;234083
DK012;02-Feb-22;3130;237213
DK012;03-Feb-22;2788;240001
DK012;04-Feb-22;2502;242503
DK012;05-Feb-22;2272;244775
DK012;06-Feb-22;2979;247754
DK012;07-Feb-22;3562;251316
DK012;08-Feb-22;3250;254566
DK012;09-Feb-22;3167;257733
DK012;10-Feb-22;2674;260407
DK012;11-Feb-22;2223;262630
DK012;12-Feb-22;1924;264554
DK012;13-Feb-22;2148;266702
DK012;14-Feb-22;2660;269362
DK012;15-Feb-22;2509;271871
DK012;16-Feb-22;2201;274072
DK012;17-Feb-22;2102;276174
DK012;18-Feb-22;1607;277781
DK012;19-Feb-22;1485;279266
DK012;20-Feb-22;1993;281259
DK012;21-Feb-22;2081;283340
DK012;22-Feb-22;1731;285071
DK012;23-Feb-22;1594;286665
DK012;24-Feb-22;1373;288038
DK012;25-Feb-22;1063;289101
DK012;26-Feb-22;959;290060
DK012;27-Feb-22;1221;291281
DK012;28-Feb-22;1342;292623
DK012;01-Mar-22;1264;293887
DK012;02-Mar-22;1216;295103
DK012;03-Mar-22;968;296071
DK012;04-Mar-22;916;296987
DK012;05-Mar-22;756;297743
DK012;06-Mar-22;948;298691
DK012;07-Mar-22;1068;299759
DK012;08-Mar-22;1059;300818
DK012;09-Mar-22;986;301804
DK012;10-Mar-22;793;302597
DK012;11-Mar-22;540;303137
DK012;12-Mar-22;441;303578
DK012;13-Mar-22;568;304146
DK012;14-Mar-22;687;304833
DK012;15-Mar-22;624;305457
DK012;16-Mar-22;613;306070
DK012;17-Mar-22;493;306563
DK012;18-Mar-22;457;307020
DK012;19-Mar-22;375;307395
DK012;20-Mar-22;469;307864
DK012;21-Mar-22;523;308387
DK012;22-Mar-22;484;308871
DK012;23-Mar-22;452;309323
DK012;24-Mar-22;423;309746
DK012;25-Mar-22;336;310082
DK012;26-Mar-22;261;310343
DK012;27-Mar-22;310;310653
DK012;28-Mar-22;394;311047
DK012;29-Mar-22;337;311384
DK012;30-Mar-22;335;311719
DK012;31-Mar-22;247;311966
DK012;01-Apr-22;203;312169
DK012;02-Apr-22;167;312336
DK012;03-Apr-22;218;312554
DK012;04-Apr-22;269;312823
DK012;05-Apr-22;252;313075
DK012;06-Apr-22;231;313306
DK012;07-Apr-22;239;313545
DK012;08-Apr-22;227;313772
DK012;09-Apr-22;158;313930
DK012;10-Apr-22;183;314113
DK012;11-Apr-22;236;314349
DK012;12-Apr-22;191;314540
DK012;13-Apr-22;191;314731
DK012;14-Apr-22;92;314823
DK012;15-Apr-22;100;314923
DK012;16-Apr-22;183;315106
DK012;17-Apr-22;103;315209
DK012;18-Apr-22;134;315343
DK012;19-Apr-22;205;315548
DK012;20-Apr-22;186;315734
DK012;21-Apr-22;145;315879
DK012;22-Apr-22;119;315998
DK012;23-Apr-22;82;316080
DK012;24-Apr-22;100;316180
DK012;25-Apr-22;146;316326
DK012;26-Apr-22;87;316413
DK012;27-Apr-22;100;316513
DK012;28-Apr-22;114;316627
DK012;29-Apr-22;111;316738
DK012;30-Apr-22;81;316819
DK012;01-May-22;83;316902
DK012;02-May-22;124;317026
DK012;03-May-22;92;317118
DK012;04-May-22;75;317193
DK012;05-May-22;129;317322
DK012;06-May-22;87;317409
DK012;07-May-22;69;317478
DK012;08-May-22;62;317540
DK012;09-May-22;88;317628
DK012;10-May-22;92;317720
DK012;11-May-22;63;317783
DK012;12-May-22;115;317898
DK012;13-May-22;27;317925
DK012;14-May-22;70;317995
DK012;15-May-22;70;318065
DK012;16-May-22;71;318136
DK012;17-May-22;57;318193
DK012;18-May-22;53;318246
DK012;19-May-22;58;318304
DK012;20-May-22;46;318350
DK012;21-May-22;38;318388
DK012;22-May-22;46;318434
DK012;23-May-22;48;318482
DK012;24-May-22;60;318542
DK012;25-May-22;69;318611
DK012;26-May-22;38;318649
DK012;27-May-22;49;318698
DK012;28-May-22;38;318736
DK012;29-May-22;55;318791
DK012;30-May-22;91;318882
DK012;31-May-22;71;318953
DK012;01-Jun-22;45;318998
DK012;02-Jun-22;48;319046
DK012;03-Jun-22;55;319101
DK012;04-Jun-22;46;319147
DK012;05-Jun-22;42;319189
DK012;06-Jun-22;64;319253
DK012;07-Jun-22;95;319348
DK012;08-Jun-22;110;319458
DK012;09-Jun-22;102;319560
DK012;10-Jun-22;101;319661
DK012;11-Jun-22;70;319731
DK012;12-Jun-22;88;319819
DK012;13-Jun-22;118;319937
DK012;14-Jun-22;120;320057
DK012;15-Jun-22;131;320188
DK012;16-Jun-22;128;320316
DK012;17-Jun-22;129;320445
DK012;18-Jun-22;127;320572
DK012;19-Jun-22;149;320721
DK012;20-Jun-22;182;320903
DK012;21-Jun-22;217;321120
DK012;22-Jun-22;195;321315
DK012;23-Jun-22;184;321499
DK012;24-Jun-22;139;321638
DK012;25-Jun-22;68;321706
DK012;26-Jun-22;188;321894
DK012;27-Jun-22;247;322141
DK012;28-Jun-22;208;322349
DK012;29-Jun-22;199;322548
DK012;30-Jun-22;161;322709
DK012;01-Jul-22;154;322863
DK012;02-Jul-22;118;322981
DK012;03-Jul-22;147;323128
DK012;04-Jul-22;233;323361
DK012;05-Jul-22;260;323621
DK012;06-Jul-22;235;323856
DK012;07-Jul-22;254;324110
DK012;08-Jul-22;196;324306
DK012;09-Jul-22;179;324485
DK012;10-Jul-22;192;324677
DK012;11-Jul-22;268;324945
DK012;12-Jul-22;241;325186
DK012;13-Jul-22;247;325433
DK012;14-Jul-22;222;325655
DK012;15-Jul-22;229;325884
DK012;16-Jul-22;164;326048
DK012;17-Jul-22;186;326234
DK012;18-Jul-22;238;326472
DK012;19-Jul-22;192;326664
DK012;20-Jul-22;191;326855
DK012;21-Jul-22;173;327028
DK012;22-Jul-22;152;327180
DK012;23-Jul-22;158;327338
DK012;24-Jul-22;154;327492
DK012;25-Jul-22;174;327666
DK012;26-Jul-22;171;327837
DK012;27-Jul-22;148;327985
DK012;28-Jul-22;129;328114
DK012;29-Jul-22;121;328235
DK012;30-Jul-22;128;328363
DK012;31-Jul-22;155;328518
DK012;01-Aug-22;174;328692
DK012;02-Aug-22;173;328865
DK012;03-Aug-22;165;329030
DK012;04-Aug-22;132;329162
DK012;05-Aug-22;101;329263
DK012;06-Aug-22;124;329387
DK012;07-Aug-22;120;329507
DK012;08-Aug-22;153;329660
DK012;09-Aug-22;174;329834
DK012;10-Aug-22;172;330006
DK012;11-Aug-22;153;330159
DK012;12-Aug-22;128;330287
DK012;13-Aug-22;100;330387
DK012;14-Aug-22;99;330486
DK012;15-Aug-22;133;330619
DK012;16-Aug-22;126;330745
DK012;17-Aug-22;106;330851
DK012;18-Aug-22;114;330965
DK012;19-Aug-22;76;331041
DK012;20-Aug-22;73;331114
DK012;21-Aug-22;69;331183
DK012;22-Aug-22;90;331273
DK012;23-Aug-22;75;331348
DK012;24-Aug-22;84;331432
DK012;25-Aug-22;79;331511
DK012;26-Aug-22;59;331570
DK012;27-Aug-22;50;331620
DK012;28-Aug-22;44;331664
DK012;29-Aug-22;74;331738
DK012;30-Aug-22;38;331776
DK012;31-Aug-22;56;331832
DK012;01-Sep-22;40;331872
DK012;02-Sep-22;59;331931
DK012;03-Sep-22;57;331988
DK012;04-Sep-22;50;332038
DK012;05-Sep-22;68;332106
DK012;06-Sep-22;79;332185
DK012;07-Sep-22;81;332266
DK012;08-Sep-22;59;332325
DK013;05-Mar-20;5;5
DK013;07-Mar-20;5;10
DK013;08-Mar-20;6;16
DK013;09-Mar-20;22;38
DK013;10-Mar-20;29;67
DK013;11-Mar-20;18;85
DK013;12-Mar-20;3;88
DK013;13-Mar-20;6;94
DK013;15-Mar-20;4;98
DK013;16-Mar-20;8;106
DK013;17-Mar-20;6;112
DK013;18-Mar-20;9;121
DK013;19-Mar-20;10;131
DK013;20-Mar-20;10;141
DK013;21-Mar-20;13;154
DK013;22-Mar-20;10;164
DK013;23-Mar-20;12;176
DK013;24-Mar-20;15;191
DK013;25-Mar-20;13;204
DK013;26-Mar-20;19;223
DK013;27-Mar-20;22;245
DK013;28-Mar-20;19;264
DK013;29-Mar-20;10;274
DK013;30-Mar-20;31;305
DK013;31-Mar-20;18;323
DK013;01-Apr-20;26;349
DK013;02-Apr-20;41;390
DK013;03-Apr-20;40;430
DK013;04-Apr-20;27;457
DK013;05-Apr-20;18;475
DK013;06-Apr-20;31;506
DK013;07-Apr-20;26;532
DK013;08-Apr-20;26;558
DK013;09-Apr-20;5;563
DK013;10-Apr-20;9;572
DK013;11-Apr-20;13;585
DK013;12-Apr-20;16;601
DK013;13-Apr-20;8;609
DK013;14-Apr-20;19;628
DK013;15-Apr-20;15;643
DK013;16-Apr-20;12;655
DK013;17-Apr-20;15;670
DK013;18-Apr-20;14;684
DK013;19-Apr-20;10;694
DK013;20-Apr-20;18;712
DK013;21-Apr-20;22;734
DK013;22-Apr-20;37;771
DK013;23-Apr-20;31;802
DK013;24-Apr-20;18;820
DK013;25-Apr-20;11;831
DK013;26-Apr-20;22;853
DK013;27-Apr-20;20;873
DK013;28-Apr-20;11;884
DK013;29-Apr-20;19;903
DK013;30-Apr-20;21;924
DK013;01-May-20;13;937
DK013;02-May-20;16;953
DK013;03-May-20;4;957
DK013;04-May-20;14;971
DK013;05-May-20;10;981
DK013;06-May-20;17;998
DK013;07-May-20;18;1016
DK013;08-May-20;15;1031
DK013;09-May-20;11;1042
DK013;10-May-20;10;1052
DK013;11-May-20;19;1071
DK013;12-May-20;12;1083
DK013;13-May-20;14;1097
DK013;14-May-20;8;1105
DK013;15-May-20;13;1118
DK013;16-May-20;3;1121
DK013;17-May-20;10;1131
DK013;18-May-20;14;1145
DK013;19-May-20;11;1156
DK013;20-May-20;26;1182
DK013;21-May-20;8;1190
DK013;22-May-20;13;1203
DK013;23-May-20;13;1216
DK013;24-May-20;10;1226
DK013;25-May-20;23;1249
DK013;26-May-20;9;1258
DK013;27-May-20;13;1271
DK013;28-May-20;11;1282
DK013;29-May-20;13;1295
DK013;30-May-20;7;1302
DK013;31-May-20;5;1307
DK013;01-Jun-20;7;1314
DK013;02-Jun-20;9;1323
DK013;03-Jun-20;6;1329
DK013;04-Jun-20;5;1334
DK013;05-Jun-20;8;1342
DK013;06-Jun-20;4;1346
DK013;07-Jun-20;2;1348
DK013;08-Jun-20;7;1355
DK013;09-Jun-20;4;1359
DK013;10-Jun-20;1;1360
DK013;11-Jun-20;14;1374
DK013;12-Jun-20;11;1385
DK013;13-Jun-20;7;1392
DK013;15-Jun-20;12;1404
DK013;16-Jun-20;11;1415
DK013;17-Jun-20;9;1424
DK013;18-Jun-20;18;1442
DK013;19-Jun-20;4;1446
DK013;20-Jun-20;12;1458
DK013;21-Jun-20;2;1460
DK013;22-Jun-20;8;1468
DK013;23-Jun-20;3;1471
DK013;24-Jun-20;4;1475
DK013;25-Jun-20;3;1478
DK013;26-Jun-20;2;1480
DK013;27-Jun-20;2;1482
DK013;29-Jun-20;4;1486
DK013;30-Jun-20;1;1487
DK013;01-Jul-20;1;1488
DK013;02-Jul-20;3;1491
DK013;03-Jul-20;2;1493
DK013;04-Jul-20;3;1496
DK013;05-Jul-20;1;1497
DK013;08-Jul-20;1;1498
DK013;09-Jul-20;6;1504
DK013;10-Jul-20;2;1506
DK013;11-Jul-20;2;1508
DK013;12-Jul-20;6;1514
DK013;13-Jul-20;2;1516
DK013;14-Jul-20;1;1517
DK013;15-Jul-20;5;1522
DK013;16-Jul-20;5;1527
DK013;17-Jul-20;3;1530
DK013;18-Jul-20;3;1533
DK013;19-Jul-20;3;1536
DK013;20-Jul-20;2;1538
DK013;21-Jul-20;2;1540
DK013;22-Jul-20;2;1542
DK013;23-Jul-20;3;1545
DK013;24-Jul-20;4;1549
DK013;25-Jul-20;3;1552
DK013;26-Jul-20;1;1553
DK013;27-Jul-20;8;1561
DK013;28-Jul-20;6;1567
DK013;29-Jul-20;1;1568
DK013;30-Jul-20;3;1571
DK013;31-Jul-20;2;1573
DK013;01-Aug-20;2;1575
DK013;02-Aug-20;1;1576
DK013;03-Aug-20;1;1577
DK013;04-Aug-20;10;1587
DK013;05-Aug-20;3;1590
DK013;06-Aug-20;8;1598
DK013;07-Aug-20;4;1602
DK013;08-Aug-20;1;1603
DK013;09-Aug-20;6;1609
DK013;10-Aug-20;5;1614
DK013;11-Aug-20;6;1620
DK013;12-Aug-20;5;1625
DK013;13-Aug-20;1;1626
DK013;14-Aug-20;9;1635
DK013;15-Aug-20;3;1638
DK013;16-Aug-20;2;1640
DK013;17-Aug-20;7;1647
DK013;18-Aug-20;5;1652
DK013;19-Aug-20;4;1656
DK013;20-Aug-20;3;1659
DK013;21-Aug-20;4;1663
DK013;22-Aug-20;2;1665
DK013;23-Aug-20;4;1669
DK013;24-Aug-20;5;1674
DK013;25-Aug-20;1;1675
DK013;26-Aug-20;7;1682
DK013;27-Aug-20;1;1683
DK013;28-Aug-20;4;1687
DK013;29-Aug-20;4;1691
DK013;30-Aug-20;1;1692
DK013;31-Aug-20;1;1693
DK013;01-Sep-20;8;1701
DK013;02-Sep-20;6;1707
DK013;03-Sep-20;12;1719
DK013;04-Sep-20;18;1737
DK013;05-Sep-20;15;1752
DK013;06-Sep-20;14;1766
DK013;07-Sep-20;16;1782
DK013;08-Sep-20;15;1797
DK013;09-Sep-20;20;1817
DK013;10-Sep-20;27;1844
DK013;11-Sep-20;15;1859
DK013;12-Sep-20;23;1882
DK013;13-Sep-20;18;1900
DK013;14-Sep-20;35;1935
DK013;15-Sep-20;28;1963
DK013;16-Sep-20;32;1995
DK013;17-Sep-20;46;2041
DK013;18-Sep-20;28;2069
DK013;19-Sep-20;32;2101
DK013;20-Sep-20;32;2133
DK013;21-Sep-20;38;2171
DK013;22-Sep-20;29;2200
DK013;23-Sep-20;37;2237
DK013;24-Sep-20;34;2271
DK013;25-Sep-20;30;2301
DK013;26-Sep-20;19;2320
DK013;27-Sep-20;36;2356
DK013;28-Sep-20;37;2393
DK013;29-Sep-20;31;2424
DK013;30-Sep-20;33;2457
DK013;01-Oct-20;25;2482
DK013;02-Oct-20;24;2506
DK013;03-Oct-20;16;2522
DK013;04-Oct-20;21;2543
DK013;05-Oct-20;32;2575
DK013;06-Oct-20;34;2609
DK013;07-Oct-20;27;2636
DK013;08-Oct-20;25;2661
DK013;09-Oct-20;24;2685
DK013;10-Oct-20;17;2702
DK013;11-Oct-20;18;2720
DK013;12-Oct-20;29;2749
DK013;13-Oct-20;27;2776
DK013;14-Oct-20;43;2819
DK013;15-Oct-20;32;2851
DK013;16-Oct-20;35;2886
DK013;17-Oct-20;45;2931
DK013;18-Oct-20;33;2964
DK013;19-Oct-20;51;3015
DK013;20-Oct-20;71;3086
DK013;21-Oct-20;47;3133
DK013;22-Oct-20;63;3196
DK013;23-Oct-20;55;3251
DK013;24-Oct-20;83;3334
DK013;25-Oct-20;80;3414
DK013;26-Oct-20;61;3475
DK013;27-Oct-20;90;3565
DK013;28-Oct-20;84;3649
DK013;29-Oct-20;52;3701
DK013;30-Oct-20;64;3765
DK013;31-Oct-20;67;3832
DK013;01-Nov-20;78;3910
DK013;02-Nov-20;73;3983
DK013;03-Nov-20;78;4061
DK013;04-Nov-20;85;4146
DK013;05-Nov-20;75;4221
DK013;06-Nov-20;66;4287
DK013;07-Nov-20;56;4343
DK013;08-Nov-20;57;4400
DK013;09-Nov-20;89;4489
DK013;10-Nov-20;65;4554
DK013;11-Nov-20;58;4612
DK013;12-Nov-20;70;4682
DK013;13-Nov-20;77;4759
DK013;14-Nov-20;63;4822
DK013;15-Nov-20;68;4890
DK013;16-Nov-20;79;4969
DK013;17-Nov-20;67;5036
DK013;18-Nov-20;98;5134
DK013;19-Nov-20;72;5206
DK013;20-Nov-20;75;5281
DK013;21-Nov-20;95;5376
DK013;22-Nov-20;82;5458
DK013;23-Nov-20;114;5572
DK013;24-Nov-20;108;5680
DK013;25-Nov-20;121;5801
DK013;26-Nov-20;115;5916
DK013;27-Nov-20;131;6047
DK013;28-Nov-20;107;6154
DK013;29-Nov-20;131;6285
DK013;30-Nov-20;167;6452
DK013;01-Dec-20;168;6620
DK013;02-Dec-20;187;6807
DK013;03-Dec-20;170;6977
DK013;04-Dec-20;170;7147
DK013;05-Dec-20;142;7289
DK013;06-Dec-20;177;7466
DK013;07-Dec-20;209;7675
DK013;08-Dec-20;270;7945
DK013;09-Dec-20;242;8187
DK013;10-Dec-20;274;8461
DK013;11-Dec-20;293;8754
DK013;12-Dec-20;285;9039
DK013;13-Dec-20;327;9366
DK013;14-Dec-20;335;9701
DK013;15-Dec-20;381;10082
DK013;16-Dec-20;414;10496
DK013;17-Dec-20;338;10834
DK013;18-Dec-20;306;11140
DK013;19-Dec-20;283;11423
DK013;20-Dec-20;248;11671
DK013;21-Dec-20;321;11992
DK013;22-Dec-20;262;12254
DK013;23-Dec-20;249;12503
DK013;24-Dec-20;214;12717
DK013;25-Dec-20;182;12899
DK013;26-Dec-20;275;13174
DK013;27-Dec-20;221;13395
DK013;28-Dec-20;307;13702
DK013;29-Dec-20;242;13944
DK013;30-Dec-20;299;14243
DK013;31-Dec-20;157;14400
DK013;01-Jan-21;140;14540
DK013;02-Jan-21;179;14719
DK013;03-Jan-21;146;14865
DK013;04-Jan-21;231;15096
DK013;05-Jan-21;200;15296
DK013;06-Jan-21;175;15471
DK013;07-Jan-21;140;15611
DK013;08-Jan-21;137;15748
DK013;09-Jan-21;124;15872
DK013;10-Jan-21;90;15962
DK013;11-Jan-21;152;16114
DK013;12-Jan-21;136;16250
DK013;13-Jan-21;98;16348
DK013;14-Jan-21;117;16465
DK013;15-Jan-21;75;16540
DK013;16-Jan-21;76;16616
DK013;17-Jan-21;80;16696
DK013;18-Jan-21;106;16802
DK013;19-Jan-21;80;16882
DK013;20-Jan-21;51;16933
DK013;21-Jan-21;80;17013
DK013;22-Jan-21;45;17058
DK013;23-Jan-21;52;17110
DK013;24-Jan-21;53;17163
DK013;25-Jan-21;66;17229
DK013;26-Jan-21;55;17284
DK013;27-Jan-21;44;17328
DK013;28-Jan-21;56;17384
DK013;29-Jan-21;38;17422
DK013;30-Jan-21;37;17459
DK013;31-Jan-21;39;17498
DK013;01-Feb-21;42;17540
DK013;02-Feb-21;34;17574
DK013;03-Feb-21;38;17612
DK013;04-Feb-21;34;17646
DK013;05-Feb-21;40;17686
DK013;06-Feb-21;29;17715
DK013;07-Feb-21;38;17753
DK013;08-Feb-21;31;17784
DK013;09-Feb-21;42;17826
DK013;10-Feb-21;46;17872
DK013;11-Feb-21;19;17891
DK013;12-Feb-21;41;17932
DK013;13-Feb-21;21;17953
DK013;14-Feb-21;20;17973
DK013;15-Feb-21;30;18003
DK013;16-Feb-21;30;18033
DK013;17-Feb-21;31;18064
DK013;18-Feb-21;34;18098
DK013;19-Feb-21;27;18125
DK013;20-Feb-21;30;18155
DK013;21-Feb-21;35;18190
DK013;22-Feb-21;36;18226
DK013;23-Feb-21;51;18277
DK013;24-Feb-21;54;18331
DK013;25-Feb-21;51;18382
DK013;26-Feb-21;44;18426
DK013;27-Feb-21;40;18466
DK013;28-Feb-21;52;18518
DK013;01-Mar-21;46;18564
DK013;02-Mar-21;54;18618
DK013;03-Mar-21;64;18682
DK013;04-Mar-21;38;18720
DK013;05-Mar-21;44;18764
DK013;06-Mar-21;39;18803
DK013;07-Mar-21;45;18848
DK013;08-Mar-21;51;18899
DK013;09-Mar-21;56;18955
DK013;10-Mar-21;46;19001
DK013;11-Mar-21;40;19041
DK013;12-Mar-21;40;19081
DK013;13-Mar-21;41;19122
DK013;14-Mar-21;45;19167
DK013;15-Mar-21;42;19209
DK013;16-Mar-21;54;19263
DK013;17-Mar-21;55;19318
DK013;18-Mar-21;58;19376
DK013;19-Mar-21;64;19440
DK013;20-Mar-21;71;19511
DK013;21-Mar-21;64;19575
DK013;22-Mar-21;84;19659
DK013;23-Mar-21;84;19743
DK013;24-Mar-21;83;19826
DK013;25-Mar-21;94;19920
DK013;26-Mar-21;83;20003
DK013;27-Mar-21;79;20082
DK013;28-Mar-21;71;20153
DK013;29-Mar-21;86;20239
DK013;30-Mar-21;84;20323
DK013;31-Mar-21;77;20400
DK013;01-Apr-21;69;20469
DK013;02-Apr-21;52;20521
DK013;03-Apr-21;54;20575
DK013;04-Apr-21;49;20624
DK013;05-Apr-21;58;20682
DK013;06-Apr-21;65;20747
DK013;07-Apr-21;60;20807
DK013;08-Apr-21;76;20883
DK013;09-Apr-21;67;20950
DK013;10-Apr-21;60;21010
DK013;11-Apr-21;42;21052
DK013;12-Apr-21;60;21112
DK013;13-Apr-21;57;21169
DK013;14-Apr-21;75;21244
DK013;15-Apr-21;60;21304
DK013;16-Apr-21;71;21375
DK013;17-Apr-21;81;21456
DK013;18-Apr-21;72;21528
DK013;19-Apr-21;64;21592
DK013;20-Apr-21;77;21669
DK013;21-Apr-21;61;21730
DK013;22-Apr-21;71;21801
DK013;23-Apr-21;44;21845
DK013;24-Apr-21;46;21891
DK013;25-Apr-21;56;21947
DK013;26-Apr-21;63;22010
DK013;27-Apr-21;76;22086
DK013;28-Apr-21;52;22138
DK013;29-Apr-21;56;22194
DK013;30-Apr-21;66;22260
DK013;01-May-21;46;22306
DK013;02-May-21;66;22372
DK013;03-May-21;98;22470
DK013;04-May-21;106;22576
DK013;05-May-21;131;22707
DK013;06-May-21;76;22783
DK013;07-May-21;82;22865
DK013;08-May-21;81;22946
DK013;09-May-21;77;23023
DK013;10-May-21;104;23127
DK013;11-May-21;123;23250
DK013;12-May-21;114;23364
DK013;13-May-21;77;23441
DK013;14-May-21;68;23509
DK013;15-May-21;88;23597
DK013;16-May-21;94;23691
DK013;17-May-21;95;23786
DK013;18-May-21;98;23884
DK013;19-May-21;80;23964
DK013;20-May-21;78;24042
DK013;21-May-21;76;24118
DK013;22-May-21;58;24176
DK013;23-May-21;73;24249
DK013;24-May-21;68;24317
DK013;25-May-21;74;24391
DK013;26-May-21;92;24483
DK013;27-May-21;70;24553
DK013;28-May-21;79;24632
DK013;29-May-21;69;24701
DK013;30-May-21;60;24761
DK013;31-May-21;76;24837
DK013;01-Jun-21;93;24930
DK013;02-Jun-21;72;25002
DK013;03-Jun-21;68;25070
DK013;04-Jun-21;56;25126
DK013;05-Jun-21;37;25163
DK013;06-Jun-21;44;25207
DK013;07-Jun-21;38;25245
DK013;08-Jun-21;42;25287
DK013;09-Jun-21;38;25325
DK013;10-Jun-21;26;25351
DK013;11-Jun-21;23;25374
DK013;12-Jun-21;28;25402
DK013;13-Jun-21;15;25417
DK013;14-Jun-21;23;25440
DK013;15-Jun-21;29;25469
DK013;16-Jun-21;34;25503
DK013;17-Jun-21;15;25518
DK013;18-Jun-21;13;25531
DK013;19-Jun-21;13;25544
DK013;20-Jun-21;14;25558
DK013;21-Jun-21;6;25564
DK013;22-Jun-21;10;25574
DK013;23-Jun-21;7;25581
DK013;24-Jun-21;9;25590
DK013;25-Jun-21;12;25602
DK013;26-Jun-21;8;25610
DK013;27-Jun-21;14;25624
DK013;28-Jun-21;18;25642
DK013;29-Jun-21;18;25660
DK013;30-Jun-21;28;25688
DK013;01-Jul-21;21;25709
DK013;02-Jul-21;26;25735
DK013;03-Jul-21;28;25763
DK013;04-Jul-21;25;25788
DK013;05-Jul-21;53;25841
DK013;06-Jul-21;52;25893
DK013;07-Jul-21;52;25945
DK013;08-Jul-21;41;25986
DK013;09-Jul-21;53;26039
DK013;10-Jul-21;49;26088
DK013;11-Jul-21;64;26152
DK013;12-Jul-21;78;26230
DK013;13-Jul-21;70;26300
DK013;14-Jul-21;71;26371
DK013;15-Jul-21;67;26438
DK013;16-Jul-21;57;26495
DK013;17-Jul-21;73;26568
DK013;18-Jul-21;45;26613
DK013;19-Jul-21;52;26665
DK013;20-Jul-21;49;26714
DK013;21-Jul-21;43;26757
DK013;22-Jul-21;41;26798
DK013;23-Jul-21;37;26835
DK013;24-Jul-21;26;26861
DK013;25-Jul-21;42;26903
DK013;26-Jul-21;52;26955
DK013;27-Jul-21;42;26997
DK013;28-Jul-21;53;27050
DK013;29-Jul-21;47;27097
DK013;30-Jul-21;51;27148
DK013;31-Jul-21;57;27205
DK013;01-Aug-21;56;27261
DK013;02-Aug-21;42;27303
DK013;03-Aug-21;48;27351
DK013;04-Aug-21;67;27418
DK013;05-Aug-21;56;27474
DK013;06-Aug-21;69;27543
DK013;07-Aug-21;53;27596
DK013;08-Aug-21;58;27654
DK013;09-Aug-21;70;27724
DK013;10-Aug-21;52;27776
DK013;11-Aug-21;62;27838
DK013;12-Aug-21;57;27895
DK013;13-Aug-21;61;27956
DK013;14-Aug-21;56;28012
DK013;15-Aug-21;65;28077
DK013;16-Aug-21;62;28139
DK013;17-Aug-21;55;28194
DK013;18-Aug-21;53;28247
DK013;19-Aug-21;80;28327
DK013;20-Aug-21;59;28386
DK013;21-Aug-21;61;28447
DK013;22-Aug-21;61;28508
DK013;23-Aug-21;55;28563
DK013;24-Aug-21;68;28631
DK013;25-Aug-21;67;28698
DK013;26-Aug-21;80;28778
DK013;27-Aug-21;49;28827
DK013;28-Aug-21;62;28889
DK013;29-Aug-21;42;28931
DK013;30-Aug-21;52;28983
DK013;31-Aug-21;45;29028
DK013;01-Sep-21;45;29073
DK013;02-Sep-21;36;29109
DK013;03-Sep-21;26;29135
DK013;04-Sep-21;30;29165
DK013;05-Sep-21;27;29192
DK013;06-Sep-21;24;29216
DK013;07-Sep-21;41;29257
DK013;08-Sep-21;22;29279
DK013;09-Sep-21;21;29300
DK013;10-Sep-21;20;29320
DK013;11-Sep-21;19;29339
DK013;12-Sep-21;20;29359
DK013;13-Sep-21;28;29387
DK013;14-Sep-21;24;29411
DK013;15-Sep-21;18;29429
DK013;16-Sep-21;19;29448
DK013;17-Sep-21;21;29469
DK013;18-Sep-21;12;29481
DK013;19-Sep-21;20;29501
DK013;20-Sep-21;20;29521
DK013;21-Sep-21;15;29536
DK013;22-Sep-21;21;29557
DK013;23-Sep-21;20;29577
DK013;24-Sep-21;18;29595
DK013;25-Sep-21;29;29624
DK013;26-Sep-21;15;29639
DK013;27-Sep-21;28;29667
DK013;28-Sep-21;32;29699
DK013;29-Sep-21;35;29734
DK013;30-Sep-21;40;29774
DK013;01-Oct-21;33;29807
DK013;02-Oct-21;30;29837
DK013;03-Oct-21;44;29881
DK013;04-Oct-21;49;29930
DK013;05-Oct-21;52;29982
DK013;06-Oct-21;58;30040
DK013;07-Oct-21;54;30094
DK013;08-Oct-21;54;30148
DK013;09-Oct-21;41;30189
DK013;10-Oct-21;45;30234
DK013;11-Oct-21;57;30291
DK013;12-Oct-21;62;30353
DK013;13-Oct-21;51;30404
DK013;14-Oct-21;60;30464
DK013;15-Oct-21;50;30514
DK013;16-Oct-21;50;30564
DK013;17-Oct-21;48;30612
DK013;18-Oct-21;79;30691
DK013;19-Oct-21;95;30786
DK013;20-Oct-21;136;30922
DK013;21-Oct-21;129;31051
DK013;22-Oct-21;115;31166
DK013;23-Oct-21;125;31291
DK013;24-Oct-21;139;31430
DK013;25-Oct-21;157;31587
DK013;26-Oct-21;180;31767
DK013;27-Oct-21;202;31969
DK013;28-Oct-21;218;32187
DK013;29-Oct-21;169;32356
DK013;30-Oct-21;166;32522
DK013;31-Oct-21;178;32700
DK013;01-Nov-21;222;32922
DK013;02-Nov-21;241;33163
DK013;03-Nov-21;229;33392
DK013;04-Nov-21;243;33635
DK013;05-Nov-21;240;33875
DK013;06-Nov-21;193;34068
DK013;07-Nov-21;264;34332
DK013;08-Nov-21;321;34653
DK013;09-Nov-21;305;34958
DK013;10-Nov-21;311;35269
DK013;11-Nov-21;334;35603
DK013;12-Nov-21;281;35884
DK013;13-Nov-21;319;36203
DK013;14-Nov-21;303;36506
DK013;15-Nov-21;400;36906
DK013;16-Nov-21;364;37270
DK013;17-Nov-21;368;37638
DK013;18-Nov-21;408;38046
DK013;19-Nov-21;409;38455
DK013;20-Nov-21;401;38856
DK013;21-Nov-21;390;39246
DK013;22-Nov-21;494;39740
DK013;23-Nov-21;491;40231
DK013;24-Nov-21;452;40683
DK013;25-Nov-21;410;41093
DK013;26-Nov-21;462;41555
DK013;27-Nov-21;430;41985
DK013;28-Nov-21;430;42415
DK013;29-Nov-21;536;42951
DK013;30-Nov-21;516;43467
DK013;01-Dec-21;436;43903
DK013;02-Dec-21;426;44329
DK013;03-Dec-21;473;44802
DK013;04-Dec-21;580;45382
DK013;05-Dec-21;516;45898
DK013;06-Dec-21;735;46633
DK013;07-Dec-21;694;47327
DK013;08-Dec-21;649;47976
DK013;09-Dec-21;662;48638
DK013;10-Dec-21;738;49376
DK013;11-Dec-21;762;50138
DK013;12-Dec-21;762;50900
DK013;13-Dec-21;1053;51953
DK013;14-Dec-21;1054;53007
DK013;15-Dec-21;1098;54105
DK013;16-Dec-21;971;55076
DK013;17-Dec-21;1128;56204
DK013;18-Dec-21;1098;57302
DK013;19-Dec-21;1149;58451
DK013;20-Dec-21;1393;59844
DK013;21-Dec-21;1364;61208
DK013;22-Dec-21;1324;62532
DK013;23-Dec-21;1468;64000
DK013;24-Dec-21;645;64645
DK013;25-Dec-21;704;65349
DK013;26-Dec-21;949;66298
DK013;27-Dec-21;2401;68699
DK013;28-Dec-21;2249;70948
DK013;29-Dec-21;1805;72753
DK013;30-Dec-21;1943;74696
DK013;31-Dec-21;888;75584
DK013;01-Jan-22;647;76231
DK013;02-Jan-22;1994;78225
DK013;03-Jan-22;2316;80541
DK013;04-Jan-22;2015;82556
DK013;05-Jan-22;1601;84157
DK013;06-Jan-22;1341;85498
DK013;07-Jan-22;1231;86729
DK013;08-Jan-22;1288;88017
DK013;09-Jan-22;1499;89516
DK013;10-Jan-22;2227;91743
DK013;11-Jan-22;2095;93838
DK013;12-Jan-22;2059;95897
DK013;13-Jan-22;2084;97981
DK013;14-Jan-22;2382;100363
DK013;15-Jan-22;2472;102835
DK013;16-Jan-22;2588;105423
DK013;17-Jan-22;3552;108975
DK013;18-Jan-22;3765;112740
DK013;19-Jan-22;3495;116235
DK013;20-Jan-22;3278;119513
DK013;21-Jan-22;3437;122950
DK013;22-Jan-22;3466;126416
DK013;23-Jan-22;3795;130211
DK013;24-Jan-22;4684;134895
DK013;25-Jan-22;4329;139224
DK013;26-Jan-22;3762;142986
DK013;27-Jan-22;3544;146530
DK013;28-Jan-22;3049;149579
DK013;29-Jan-22;2934;152513
DK013;30-Jan-22;2732;155245
DK013;31-Jan-22;4441;159686
DK013;01-Feb-22;3390;163076
DK013;02-Feb-22;2805;165881
DK013;03-Feb-22;2773;168654
DK013;04-Feb-22;2468;171122
DK013;05-Feb-22;2489;173611
DK013;06-Feb-22;2970;176581
DK013;07-Feb-22;3574;180155
DK013;08-Feb-22;3318;183473
DK013;09-Feb-22;2888;186361
DK013;10-Feb-22;2676;189037
DK013;11-Feb-22;2076;191113
DK013;12-Feb-22;1952;193065
DK013;13-Feb-22;2133;195198
DK013;14-Feb-22;2465;197663
DK013;15-Feb-22;2321;199984
DK013;16-Feb-22;2079;202063
DK013;17-Feb-22;1970;204033
DK013;18-Feb-22;1489;205522
DK013;19-Feb-22;1673;207195
DK013;20-Feb-22;2086;209281
DK013;21-Feb-22;2168;211449
DK013;22-Feb-22;1763;213212
DK013;23-Feb-22;1369;214581
DK013;24-Feb-22;1232;215813
DK013;25-Feb-22;1032;216845
DK013;26-Feb-22;951;217796
DK013;27-Feb-22;1027;218823
DK013;28-Feb-22;1431;220254
DK013;01-Mar-22;1196;221450
DK013;02-Mar-22;1095;222545
DK013;03-Mar-22;1100;223645
DK013;04-Mar-22;874;224519
DK013;05-Mar-22;794;225313
DK013;06-Mar-22;911;226224
DK013;07-Mar-22;1120;227344
DK013;08-Mar-22;1159;228503
DK013;09-Mar-22;904;229407
DK013;10-Mar-22;831;230238
DK013;11-Mar-22;534;230772
DK013;12-Mar-22;469;231241
DK013;13-Mar-22;589;231830
DK013;14-Mar-22;680;232510
DK013;15-Mar-22;609;233119
DK013;16-Mar-22;566;233685
DK013;17-Mar-22;559;234244
DK013;18-Mar-22;398;234642
DK013;19-Mar-22;329;234971
DK013;20-Mar-22;465;235436
DK013;21-Mar-22;510;235946
DK013;22-Mar-22;478;236424
DK013;23-Mar-22;397;236821
DK013;24-Mar-22;359;237180
DK013;25-Mar-22;342;237522
DK013;26-Mar-22;274;237796
DK013;27-Mar-22;301;238097
DK013;28-Mar-22;394;238491
DK013;29-Mar-22;324;238815
DK013;30-Mar-22;267;239082
DK013;31-Mar-22;221;239303
DK013;01-Apr-22;222;239525
DK013;02-Apr-22;176;239701
DK013;03-Apr-22;205;239906
DK013;04-Apr-22;313;240219
DK013;05-Apr-22;314;240533
DK013;06-Apr-22;222;240755
DK013;07-Apr-22;255;241010
DK013;08-Apr-22;169;241179
DK013;09-Apr-22;155;241334
DK013;10-Apr-22;210;241544
DK013;11-Apr-22;194;241738
DK013;12-Apr-22;230;241968
DK013;13-Apr-22;212;242180
DK013;14-Apr-22;115;242295
DK013;15-Apr-22;128;242423
DK013;16-Apr-22;158;242581
DK013;17-Apr-22;99;242680
DK013;18-Apr-22;158;242838
DK013;19-Apr-22;253;243091
DK013;20-Apr-22;152;243243
DK013;21-Apr-22;175;243418
DK013;22-Apr-22;123;243541
DK013;23-Apr-22;91;243632
DK013;24-Apr-22;95;243727
DK013;25-Apr-22;116;243843
DK013;26-Apr-22;149;243992
DK013;27-Apr-22;123;244115
DK013;28-Apr-22;121;244236
DK013;29-Apr-22;74;244310
DK013;30-Apr-22;85;244395
DK013;01-May-22;77;244472
DK013;02-May-22;107;244579
DK013;03-May-22;110;244689
DK013;04-May-22;95;244784
DK013;05-May-22;101;244885
DK013;06-May-22;73;244958
DK013;07-May-22;70;245028
DK013;08-May-22;79;245107
DK013;09-May-22;92;245199
DK013;10-May-22;89;245288
DK013;11-May-22;77;245365
DK013;12-May-22;91;245456
DK013;13-May-22;43;245499
DK013;14-May-22;64;245563
DK013;15-May-22;92;245655
DK013;16-May-22;78;245733
DK013;17-May-22;87;245820
DK013;18-May-22;74;245894
DK013;19-May-22;73;245967
DK013;20-May-22;60;246027
DK013;21-May-22;51;246078
DK013;22-May-22;53;246131
DK013;23-May-22;72;246203
DK013;24-May-22;61;246264
DK013;25-May-22;53;246317
DK013;26-May-22;40;246357
DK013;27-May-22;51;246408
DK013;28-May-22;43;246451
DK013;29-May-22;44;246495
DK013;30-May-22;79;246574
DK013;31-May-22;73;246647
DK013;01-Jun-22;75;246722
DK013;02-Jun-22;52;246774
DK013;03-Jun-22;65;246839
DK013;04-Jun-22;45;246884
DK013;05-Jun-22;60;246944
DK013;06-Jun-22;78;247022
DK013;07-Jun-22;81;247103
DK013;08-Jun-22;90;247193
DK013;09-Jun-22;88;247281
DK013;10-Jun-22;77;247358
DK013;11-Jun-22;94;247452
DK013;12-Jun-22;95;247547
DK013;13-Jun-22;126;247673
DK013;14-Jun-22;123;247796
DK013;15-Jun-22;147;247943
DK013;16-Jun-22;136;248079
DK013;17-Jun-22;113;248192
DK013;18-Jun-22;123;248315
DK013;19-Jun-22;139;248454
DK013;20-Jun-22;176;248630
DK013;21-Jun-22;193;248823
DK013;22-Jun-22;172;248995
DK013;23-Jun-22;142;249137
DK013;24-Jun-22;131;249268
DK013;25-Jun-22;97;249365
DK013;26-Jun-22;195;249560
DK013;27-Jun-22;239;249799
DK013;28-Jun-22;215;250014
DK013;29-Jun-22;175;250189
DK013;30-Jun-22;178;250367
DK013;01-Jul-22;111;250478
DK013;02-Jul-22;112;250590
DK013;03-Jul-22;126;250716
DK013;04-Jul-22;213;250929
DK013;05-Jul-22;219;251148
DK013;06-Jul-22;222;251370
DK013;07-Jul-22;188;251558
DK013;08-Jul-22;197;251755
DK013;09-Jul-22;154;251909
DK013;10-Jul-22;155;252064
DK013;11-Jul-22;236;252300
DK013;12-Jul-22;249;252549
DK013;13-Jul-22;216;252765
DK013;14-Jul-22;187;252952
DK013;15-Jul-22;189;253141
DK013;16-Jul-22;159;253300
DK013;17-Jul-22;193;253493
DK013;18-Jul-22;241;253734
DK013;19-Jul-22;161;253895
DK013;20-Jul-22;197;254092
DK013;21-Jul-22;167;254259
DK013;22-Jul-22;167;254426
DK013;23-Jul-22;148;254574
DK013;24-Jul-22;124;254698
DK013;25-Jul-22;158;254856
DK013;26-Jul-22;154;255010
DK013;27-Jul-22;113;255123
DK013;28-Jul-22;128;255251
DK013;29-Jul-22;128;255379
DK013;30-Jul-22;129;255508
DK013;31-Jul-22;122;255630
DK013;01-Aug-22;165;255795
DK013;02-Aug-22;139;255934
DK013;03-Aug-22;132;256066
DK013;04-Aug-22;94;256160
DK013;05-Aug-22;105;256265
DK013;06-Aug-22;98;256363
DK013;07-Aug-22;116;256479
DK013;08-Aug-22;137;256616
DK013;09-Aug-22;162;256778
DK013;10-Aug-22;149;256927
DK013;11-Aug-22;146;257073
DK013;12-Aug-22;106;257179
DK013;13-Aug-22;92;257271
DK013;14-Aug-22;80;257351
DK013;15-Aug-22;140;257491
DK013;16-Aug-22;130;257621
DK013;17-Aug-22;97;257718
DK013;18-Aug-22;70;257788
DK013;19-Aug-22;67;257855
DK013;20-Aug-22;60;257915
DK013;21-Aug-22;54;257969
DK013;22-Aug-22;79;258048
DK013;23-Aug-22;65;258113
DK013;24-Aug-22;77;258190
DK013;25-Aug-22;57;258247
DK013;26-Aug-22;56;258303
DK013;27-Aug-22;57;258360
DK013;28-Aug-22;35;258395
DK013;29-Aug-22;81;258476
DK013;30-Aug-22;59;258535
DK013;31-Aug-22;75;258610
DK013;01-Sep-22;54;258664
DK013;02-Sep-22;71;258735
DK013;03-Sep-22;51;258786
DK013;04-Sep-22;51;258837
DK013;05-Sep-22;77;258914
DK013;06-Sep-22;72;258986
DK013;07-Sep-22;76;259062
DK013;08-Sep-22;90;259152
DK014;15-Mar-20;1;1
DK014;19-Mar-20;2;3
DK014;20-Mar-20;2;5
DK014;24-Mar-20;2;7
DK014;25-Mar-20;1;8
DK014;26-Mar-20;4;12
DK014;27-Mar-20;3;15
DK014;28-Mar-20;1;16
DK014;30-Mar-20;5;21
DK014;01-Apr-20;4;25
DK014;02-Apr-20;2;27
DK014;03-Apr-20;8;35
DK014;04-Apr-20;8;43
DK014;05-Apr-20;1;44
DK014;06-Apr-20;2;46
DK014;07-Apr-20;1;47
DK014;08-Apr-20;3;50
DK014;10-Apr-20;2;52
DK014;11-Apr-20;1;53
DK014;15-Apr-20;1;54
DK014;17-Apr-20;2;56
DK014;20-Apr-20;2;58
DK014;21-Apr-20;1;59
DK014;22-Apr-20;2;61
DK014;23-Apr-20;1;62
DK014;25-Apr-20;2;64
DK014;27-Apr-20;3;67
DK014;29-Apr-20;3;70
DK014;12-May-20;1;71
DK014;29-May-20;1;72
DK014;02-Jun-20;1;73
DK014;09-Jun-20;1;74
DK014;11-Jun-20;2;76
DK014;14-Jun-20;1;77
DK014;19-Jun-20;1;78
DK014;21-Jun-20;1;79
DK014;27-Jun-20;2;81
DK014;29-Jun-20;1;82
DK014;21-Jul-20;1;83
DK014;01-Aug-20;1;84
DK014;31-Aug-20;2;86
DK014;02-Sep-20;1;87
DK014;04-Sep-20;3;90
DK014;05-Sep-20;2;92
DK014;06-Sep-20;1;93
DK014;08-Sep-20;3;96
DK014;10-Sep-20;1;97
DK014;16-Sep-20;1;98
DK014;17-Sep-20;2;100
DK014;19-Sep-20;2;102
DK014;21-Sep-20;2;104
DK014;24-Sep-20;1;105
DK014;26-Sep-20;2;107
DK014;28-Sep-20;2;109
DK014;02-Oct-20;1;110
DK014;05-Oct-20;1;111
DK014;06-Oct-20;1;112
DK014;08-Oct-20;1;113
DK014;09-Oct-20;2;115
DK014;12-Oct-20;1;116
DK014;13-Oct-20;1;117
DK014;14-Oct-20;1;118
DK014;16-Oct-20;2;120
DK014;18-Oct-20;4;124
DK014;21-Oct-20;1;125
DK014;23-Oct-20;1;126
DK014;28-Oct-20;2;128
DK014;29-Oct-20;1;129
DK014;30-Oct-20;2;131
DK014;31-Oct-20;1;132
DK014;01-Nov-20;6;138
DK014;03-Nov-20;4;142
DK014;04-Nov-20;2;144
DK014;05-Nov-20;2;146
DK014;06-Nov-20;2;148
DK014;07-Nov-20;5;153
DK014;08-Nov-20;1;154
DK014;09-Nov-20;5;159
DK014;10-Nov-20;9;168
DK014;11-Nov-20;5;173
DK014;12-Nov-20;5;178
DK014;13-Nov-20;9;187
DK014;14-Nov-20;8;195
DK014;15-Nov-20;8;203
DK014;16-Nov-20;6;209
DK014;17-Nov-20;12;221
DK014;18-Nov-20;9;230
DK014;19-Nov-20;8;238
DK014;20-Nov-20;7;245
DK014;21-Nov-20;8;253
DK014;22-Nov-20;9;262
DK014;23-Nov-20;6;268
DK014;24-Nov-20;11;279
DK014;25-Nov-20;10;289
DK014;26-Nov-20;3;292
DK014;27-Nov-20;3;295
DK014;28-Nov-20;3;298
DK014;29-Nov-20;4;302
DK014;30-Nov-20;2;304
DK014;01-Dec-20;4;308
DK014;02-Dec-20;9;317
DK014;03-Dec-20;3;320
DK014;04-Dec-20;8;328
DK014;05-Dec-20;3;331
DK014;06-Dec-20;4;335
DK014;07-Dec-20;8;343
DK014;08-Dec-20;9;352
DK014;09-Dec-20;9;361
DK014;10-Dec-20;6;367
DK014;11-Dec-20;10;377
DK014;12-Dec-20;3;380
DK014;13-Dec-20;7;387
DK014;14-Dec-20;10;397
DK014;15-Dec-20;6;403
DK014;16-Dec-20;8;411
DK014;17-Dec-20;16;427
DK014;18-Dec-20;8;435
DK014;19-Dec-20;8;443
DK014;20-Dec-20;4;447
DK014;21-Dec-20;6;453
DK014;22-Dec-20;6;459
DK014;23-Dec-20;14;473
DK014;24-Dec-20;4;477
DK014;25-Dec-20;3;480
DK014;26-Dec-20;7;487
DK014;27-Dec-20;5;492
DK014;28-Dec-20;9;501
DK014;29-Dec-20;10;511
DK014;30-Dec-20;6;517
DK014;31-Dec-20;1;518
DK014;02-Jan-21;2;520
DK014;03-Jan-21;3;523
DK014;04-Jan-21;7;530
DK014;05-Jan-21;3;533
DK014;06-Jan-21;2;535
DK014;08-Jan-21;3;538
DK014;09-Jan-21;1;539
DK014;10-Jan-21;1;540
DK014;11-Jan-21;2;542
DK014;12-Jan-21;2;544
DK014;13-Jan-21;1;545
DK014;15-Jan-21;2;547
DK014;17-Jan-21;2;549
DK014;18-Jan-21;1;550
DK014;20-Jan-21;2;552
DK014;21-Jan-21;1;553
DK014;26-Jan-21;2;555
DK014;29-Jan-21;1;556
DK014;01-Feb-21;1;557
DK014;10-Feb-21;1;558
DK014;14-Feb-21;1;559
DK014;15-Feb-21;1;560
DK014;17-Feb-21;1;561
DK014;18-Feb-21;1;562
DK014;19-Feb-21;1;563
DK014;20-Feb-21;2;565
DK014;22-Feb-21;1;566
DK014;25-Feb-21;1;567
DK014;27-Feb-21;1;568
DK014;02-Mar-21;1;569
DK014;03-Mar-21;1;570
DK014;04-Mar-21;1;571
DK014;05-Mar-21;1;572
DK014;07-Mar-21;1;573
DK014;09-Mar-21;1;574
DK014;11-Mar-21;1;575
DK014;17-Mar-21;1;576
DK014;21-Mar-21;1;577
DK014;22-Mar-21;1;578
DK014;25-Mar-21;1;579
DK014;30-Mar-21;1;580
DK014;31-Mar-21;1;581
DK014;03-Apr-21;1;582
DK014;07-Apr-21;1;583
DK014;09-Apr-21;2;585
DK014;14-Apr-21;3;588
DK014;15-Apr-21;2;590
DK014;16-Apr-21;1;591
DK014;18-Apr-21;1;592
DK014;19-Apr-21;1;593
DK014;22-Apr-21;1;594
DK014;23-Apr-21;2;596
DK014;26-Apr-21;1;597
DK014;28-Apr-21;1;598
DK014;29-Apr-21;1;599
DK014;30-Apr-21;4;603
DK014;01-May-21;1;604
DK014;03-May-21;2;606
DK014;04-May-21;6;612
DK014;05-May-21;4;616
DK014;06-May-21;5;621
DK014;07-May-21;2;623
DK014;08-May-21;5;628
DK014;09-May-21;5;633
DK014;10-May-21;2;635
DK014;11-May-21;2;637
DK014;12-May-21;1;638
DK014;13-May-21;1;639
DK014;14-May-21;1;640
DK014;15-May-21;1;641
DK014;16-May-21;2;643
DK014;17-May-21;3;646
DK014;18-May-21;3;649
DK014;19-May-21;2;651
DK014;20-May-21;3;654
DK014;21-May-21;1;655
DK014;22-May-21;3;658
DK014;23-May-21;2;660
DK014;24-May-21;4;664
DK014;25-May-21;1;665
DK014;26-May-21;2;667
DK014;27-May-21;6;673
DK014;29-May-21;6;679
DK014;30-May-21;1;680
DK014;31-May-21;6;686
DK014;02-Jun-21;3;689
DK014;03-Jun-21;4;693
DK014;04-Jun-21;3;696
DK014;06-Jun-21;2;698
DK014;07-Jun-21;11;709
DK014;08-Jun-21;2;711
DK014;09-Jun-21;1;712
DK014;10-Jun-21;2;714
DK014;11-Jun-21;1;715
DK014;12-Jun-21;1;716
DK014;15-Jun-21;1;717
DK014;18-Jun-21;1;718
DK014;20-Jun-21;1;719
DK014;21-Jun-21;1;720
DK014;23-Jun-21;1;721
DK014;24-Jun-21;2;723
DK014;30-Jun-21;1;724
DK014;01-Jul-21;3;727
DK014;02-Jul-21;1;728
DK014;03-Jul-21;3;731
DK014;05-Jul-21;1;732
DK014;06-Jul-21;6;738
DK014;07-Jul-21;2;740
DK014;08-Jul-21;5;745
DK014;09-Jul-21;1;746
DK014;10-Jul-21;2;748
DK014;11-Jul-21;8;756
DK014;12-Jul-21;10;766
DK014;13-Jul-21;12;778
DK014;14-Jul-21;10;788
DK014;15-Jul-21;3;791
DK014;16-Jul-21;5;796
DK014;17-Jul-21;4;800
DK014;18-Jul-21;2;802
DK014;19-Jul-21;7;809
DK014;20-Jul-21;7;816
DK014;21-Jul-21;4;820
DK014;22-Jul-21;4;824
DK014;23-Jul-21;3;827
DK014;24-Jul-21;2;829
DK014;25-Jul-21;6;835
DK014;26-Jul-21;10;845
DK014;27-Jul-21;10;855
DK014;28-Jul-21;1;856
DK014;30-Jul-21;2;858
DK014;01-Aug-21;1;859
DK014;02-Aug-21;2;861
DK014;03-Aug-21;2;863
DK014;04-Aug-21;7;870
DK014;05-Aug-21;1;871
DK014;07-Aug-21;2;873
DK014;08-Aug-21;2;875
DK014;09-Aug-21;1;876
DK014;10-Aug-21;1;877
DK014;12-Aug-21;1;878
DK014;13-Aug-21;3;881
DK014;14-Aug-21;2;883
DK014;16-Aug-21;1;884
DK014;21-Aug-21;2;886
DK014;22-Aug-21;1;887
DK014;23-Aug-21;1;888
DK014;24-Aug-21;1;889
DK014;25-Aug-21;2;891
DK014;26-Aug-21;1;892
DK014;27-Aug-21;1;893
DK014;28-Aug-21;1;894
DK014;29-Aug-21;5;899
DK014;30-Aug-21;1;900
DK014;31-Aug-21;1;901
DK014;01-Sep-21;4;905
DK014;02-Sep-21;2;907
DK014;03-Sep-21;2;909
DK014;04-Sep-21;2;911
DK014;07-Sep-21;2;913
DK014;11-Sep-21;1;914
DK014;15-Sep-21;2;916
DK014;17-Sep-21;3;919
DK014;18-Sep-21;1;920
DK014;19-Sep-21;2;922
DK014;22-Sep-21;2;924
DK014;24-Sep-21;3;927
DK014;25-Sep-21;5;932
DK014;26-Sep-21;7;939
DK014;27-Sep-21;17;956
DK014;28-Sep-21;6;962
DK014;29-Sep-21;7;969
DK014;30-Sep-21;8;977
DK014;01-Oct-21;2;979
DK014;02-Oct-21;2;981
DK014;03-Oct-21;5;986
DK014;04-Oct-21;1;987
DK014;05-Oct-21;3;990
DK014;06-Oct-21;6;996
DK014;07-Oct-21;4;1000
DK014;08-Oct-21;1;1001
DK014;09-Oct-21;2;1003
DK014;10-Oct-21;2;1005
DK014;11-Oct-21;2;1007
DK014;12-Oct-21;1;1008
DK014;13-Oct-21;3;1011
DK014;14-Oct-21;2;1013
DK014;15-Oct-21;2;1015
DK014;16-Oct-21;5;1020
DK014;17-Oct-21;1;1021
DK014;18-Oct-21;3;1024
DK014;19-Oct-21;6;1030
DK014;20-Oct-21;1;1031
DK014;21-Oct-21;1;1032
DK014;22-Oct-21;2;1034
DK014;23-Oct-21;2;1036
DK014;24-Oct-21;4;1040
DK014;25-Oct-21;2;1042
DK014;26-Oct-21;2;1044
DK014;27-Oct-21;5;1049
DK014;28-Oct-21;1;1050
DK014;29-Oct-21;4;1054
DK014;30-Oct-21;4;1058
DK014;31-Oct-21;6;1064
DK014;01-Nov-21;8;1072
DK014;02-Nov-21;13;1085
DK014;03-Nov-21;4;1089
DK014;04-Nov-21;11;1100
DK014;05-Nov-21;5;1105
DK014;06-Nov-21;11;1116
DK014;07-Nov-21;10;1126
DK014;08-Nov-21;8;1134
DK014;09-Nov-21;22;1156
DK014;10-Nov-21;17;1173
DK014;11-Nov-21;26;1199
DK014;12-Nov-21;12;1211
DK014;13-Nov-21;31;1242
DK014;14-Nov-21;23;1265
DK014;15-Nov-21;32;1297
DK014;16-Nov-21;29;1326
DK014;17-Nov-21;19;1345
DK014;18-Nov-21;30;1375
DK014;19-Nov-21;21;1396
DK014;20-Nov-21;13;1409
DK014;21-Nov-21;15;1424
DK014;22-Nov-21;23;1447
DK014;23-Nov-21;20;1467
DK014;24-Nov-21;19;1486
DK014;25-Nov-21;41;1527
DK014;26-Nov-21;22;1549
DK014;27-Nov-21;20;1569
DK014;28-Nov-21;20;1589
DK014;29-Nov-21;27;1616
DK014;30-Nov-21;29;1645
DK014;01-Dec-21;21;1666
DK014;02-Dec-21;32;1698
DK014;03-Dec-21;28;1726
DK014;04-Dec-21;32;1758
DK014;05-Dec-21;34;1792
DK014;06-Dec-21;51;1843
DK014;07-Dec-21;47;1890
DK014;08-Dec-21;53;1943
DK014;09-Dec-21;22;1965
DK014;10-Dec-21;27;1992
DK014;11-Dec-21;41;2033
DK014;12-Dec-21;26;2059
DK014;13-Dec-21;67;2126
DK014;14-Dec-21;54;2180
DK014;15-Dec-21;76;2256
DK014;16-Dec-21;74;2330
DK014;17-Dec-21;44;2374
DK014;18-Dec-21;66;2440
DK014;19-Dec-21;56;2496
DK014;20-Dec-21;65;2561
DK014;21-Dec-21;61;2622
DK014;22-Dec-21;52;2674
DK014;23-Dec-21;64;2738
DK014;24-Dec-21;33;2771
DK014;25-Dec-21;41;2812
DK014;26-Dec-21;37;2849
DK014;27-Dec-21;84;2933
DK014;28-Dec-21;122;3055
DK014;29-Dec-21;103;3158
DK014;30-Dec-21;99;3257
DK014;31-Dec-21;55;3312
DK014;01-Jan-22;33;3345
DK014;02-Jan-22;103;3448
DK014;03-Jan-22;113;3561
DK014;04-Jan-22;99;3660
DK014;05-Jan-22;78;3738
DK014;06-Jan-22;82;3820
DK014;07-Jan-22;60;3880
DK014;08-Jan-22;70;3950
DK014;09-Jan-22;83;4033
DK014;10-Jan-22;102;4135
DK014;11-Jan-22;102;4237
DK014;12-Jan-22;103;4340
DK014;13-Jan-22;100;4440
DK014;14-Jan-22;80;4520
DK014;15-Jan-22;103;4623
DK014;16-Jan-22;123;4746
DK014;17-Jan-22;195;4941
DK014;18-Jan-22;190;5131
DK014;19-Jan-22;199;5330
DK014;20-Jan-22;209;5539
DK014;21-Jan-22;236;5775
DK014;22-Jan-22;266;6041
DK014;23-Jan-22;270;6311
DK014;24-Jan-22;375;6686
DK014;25-Jan-22;314;7000
DK014;26-Jan-22;289;7289
DK014;27-Jan-22;204;7493
DK014;28-Jan-22;214;7707
DK014;29-Jan-22;267;7974
DK014;30-Jan-22;189;8163
DK014;31-Jan-22;392;8555
DK014;01-Feb-22;329;8884
DK014;02-Feb-22;299;9183
DK014;03-Feb-22;312;9495
DK014;04-Feb-22;341;9836
DK014;05-Feb-22;347;10183
DK014;06-Feb-22;332;10515
DK014;07-Feb-22;495;11010
DK014;08-Feb-22;422;11432
DK014;09-Feb-22;400;11832
DK014;10-Feb-22;310;12142
DK014;11-Feb-22;343;12485
DK014;12-Feb-22;233;12718
DK014;13-Feb-22;278;12996
DK014;14-Feb-22;384;13380
DK014;15-Feb-22;264;13644
DK014;16-Feb-22;233;13877
DK014;17-Feb-22;281;14158
DK014;18-Feb-22;182;14340
DK014;19-Feb-22;201;14541
DK014;20-Feb-22;225;14766
DK014;21-Feb-22;243;15009
DK014;22-Feb-22;213;15222
DK014;23-Feb-22;232;15454
DK014;24-Feb-22;139;15593
DK014;25-Feb-22;147;15740
DK014;26-Feb-22;116;15856
DK014;27-Feb-22;110;15966
DK014;28-Feb-22;193;16159
DK014;01-Mar-22;149;16308
DK014;02-Mar-22;176;16484
DK014;03-Mar-22;111;16595
DK014;04-Mar-22;133;16728
DK014;05-Mar-22;115;16843
DK014;06-Mar-22;115;16958
DK014;07-Mar-22;133;17091
DK014;08-Mar-22;130;17221
DK014;09-Mar-22;107;17328
DK014;10-Mar-22;124;17452
DK014;11-Mar-22;58;17510
DK014;12-Mar-22;61;17571
DK014;13-Mar-22;91;17662
DK014;14-Mar-22;101;17763
DK014;15-Mar-22;85;17848
DK014;16-Mar-22;86;17934
DK014;17-Mar-22;56;17990
DK014;18-Mar-22;45;18035
DK014;19-Mar-22;40;18075
DK014;20-Mar-22;56;18131
DK014;21-Mar-22;60;18191
DK014;22-Mar-22;52;18243
DK014;23-Mar-22;57;18300
DK014;24-Mar-22;53;18353
DK014;25-Mar-22;32;18385
DK014;26-Mar-22;42;18427
DK014;27-Mar-22;28;18455
DK014;28-Mar-22;55;18510
DK014;29-Mar-22;33;18543
DK014;30-Mar-22;28;18571
DK014;31-Mar-22;18;18589
DK014;01-Apr-22;16;18605
DK014;02-Apr-22;32;18637
DK014;03-Apr-22;17;18654
DK014;04-Apr-22;25;18679
DK014;05-Apr-22;18;18697
DK014;06-Apr-22;19;18716
DK014;07-Apr-22;28;18744
DK014;08-Apr-22;26;18770
DK014;09-Apr-22;12;18782
DK014;10-Apr-22;10;18792
DK014;11-Apr-22;22;18814
DK014;12-Apr-22;9;18823
DK014;13-Apr-22;11;18834
DK014;14-Apr-22;8;18842
DK014;15-Apr-22;6;18848
DK014;16-Apr-22;11;18859
DK014;17-Apr-22;6;18865
DK014;18-Apr-22;5;18870
DK014;19-Apr-22;8;18878
DK014;20-Apr-22;7;18885
DK014;21-Apr-22;9;18894
DK014;22-Apr-22;11;18905
DK014;23-Apr-22;5;18910
DK014;24-Apr-22;6;18916
DK014;25-Apr-22;6;18922
DK014;26-Apr-22;6;18928
DK014;27-Apr-22;11;18939
DK014;28-Apr-22;9;18948
DK014;29-Apr-22;10;18958
DK014;30-Apr-22;12;18970
DK014;01-May-22;11;18981
DK014;02-May-22;8;18989
DK014;03-May-22;10;18999
DK014;04-May-22;4;19003
DK014;05-May-22;8;19011
DK014;06-May-22;4;19015
DK014;07-May-22;3;19018
DK014;08-May-22;2;19020
DK014;09-May-22;9;19029
DK014;10-May-22;7;19036
DK014;11-May-22;7;19043
DK014;12-May-22;7;19050
DK014;13-May-22;5;19055
DK014;14-May-22;7;19062
DK014;15-May-22;5;19067
DK014;16-May-22;4;19071
DK014;17-May-22;9;19080
DK014;18-May-22;7;19087
DK014;19-May-22;5;19092
DK014;20-May-22;3;19095
DK014;21-May-22;3;19098
DK014;22-May-22;2;19100
DK014;23-May-22;1;19101
DK014;24-May-22;3;19104
DK014;25-May-22;2;19106
DK014;26-May-22;2;19108
DK014;27-May-22;1;19109
DK014;29-May-22;2;19111
DK014;30-May-22;3;19114
DK014;31-May-22;2;19116
DK014;01-Jun-22;2;19118
DK014;02-Jun-22;6;19124
DK014;03-Jun-22;3;19127
DK014;04-Jun-22;2;19129
DK014;05-Jun-22;3;19132
DK014;06-Jun-22;4;19136
DK014;07-Jun-22;5;19141
DK014;08-Jun-22;3;19144
DK014;09-Jun-22;5;19149
DK014;10-Jun-22;2;19151
DK014;11-Jun-22;5;19156
DK014;12-Jun-22;4;19160
DK014;13-Jun-22;3;19163
DK014;14-Jun-22;5;19168
DK014;15-Jun-22;3;19171
DK014;16-Jun-22;3;19174
DK014;17-Jun-22;7;19181
DK014;18-Jun-22;13;19194
DK014;19-Jun-22;4;19198
DK014;20-Jun-22;8;19206
DK014;21-Jun-22;15;19221
DK014;22-Jun-22;12;19233
DK014;23-Jun-22;19;19252
DK014;24-Jun-22;23;19275
DK014;25-Jun-22;10;19285
DK014;26-Jun-22;15;19300
DK014;27-Jun-22;12;19312
DK014;28-Jun-22;12;19324
DK014;29-Jun-22;14;19338
DK014;30-Jun-22;12;19350
DK014;01-Jul-22;7;19357
DK014;02-Jul-22;10;19367
DK014;03-Jul-22;14;19381
DK014;04-Jul-22;18;19399
DK014;05-Jul-22;14;19413
DK014;06-Jul-22;8;19421
DK014;07-Jul-22;13;19434
DK014;08-Jul-22;15;19449
DK014;09-Jul-22;8;19457
DK014;10-Jul-22;10;19467
DK014;11-Jul-22;16;19483
DK014;12-Jul-22;12;19495
DK014;13-Jul-22;23;19518
DK014;14-Jul-22;23;19541
DK014;15-Jul-22;15;19556
DK014;16-Jul-22;10;19566
DK014;17-Jul-22;11;19577
DK014;18-Jul-22;22;19599
DK014;19-Jul-22;20;19619
DK014;20-Jul-22;29;19648
DK014;21-Jul-22;16;19664
DK014;22-Jul-22;16;19680
DK014;23-Jul-22;15;19695
DK014;24-Jul-22;11;19706
DK014;25-Jul-22;17;19723
DK014;26-Jul-22;14;19737
DK014;27-Jul-22;8;19745
DK014;28-Jul-22;9;19754
DK014;29-Jul-22;11;19765
DK014;30-Jul-22;14;19779
DK014;31-Jul-22;3;19782
DK014;01-Aug-22;16;19798
DK014;02-Aug-22;16;19814
DK014;03-Aug-22;12;19826
DK014;04-Aug-22;17;19843
DK014;05-Aug-22;11;19854
DK014;06-Aug-22;14;19868
DK014;07-Aug-22;9;19877
DK014;08-Aug-22;8;19885
DK014;09-Aug-22;10;19895
DK014;10-Aug-22;14;19909
DK014;11-Aug-22;4;19913
DK014;12-Aug-22;13;19926
DK014;13-Aug-22;11;19937
DK014;14-Aug-22;4;19941
DK014;15-Aug-22;19;19960
DK014;16-Aug-22;18;19978
DK014;17-Aug-22;11;19989
DK014;18-Aug-22;10;19999
DK014;19-Aug-22;5;20004
DK014;20-Aug-22;10;20014
DK014;21-Aug-22;10;20024
DK014;22-Aug-22;10;20034
DK014;23-Aug-22;4;20038
DK014;24-Aug-22;8;20046
DK014;25-Aug-22;7;20053
DK014;26-Aug-22;9;20062
DK014;27-Aug-22;3;20065
DK014;28-Aug-22;5;20070
DK014;29-Aug-22;7;20077
DK014;30-Aug-22;7;20084
DK014;31-Aug-22;3;20087
DK014;01-Sep-22;1;20088
DK014;02-Sep-22;5;20093
DK014;03-Sep-22;6;20099
DK014;04-Sep-22;2;20101
DK014;05-Sep-22;15;20116
DK014;06-Sep-22;4;20120
DK014;07-Sep-22;11;20131
DK014;08-Sep-22;12;20143
DK014;;0;
DK021;26-Feb-20;1;1
DK021;04-Mar-20;1;2
DK021;08-Mar-20;2;4
DK021;09-Mar-20;12;16
DK021;10-Mar-20;18;34
DK021;11-Mar-20;13;47
DK021;12-Mar-20;3;50
DK021;13-Mar-20;2;52
DK021;14-Mar-20;3;55
DK021;15-Mar-20;4;59
DK021;16-Mar-20;3;62
DK021;17-Mar-20;4;66
DK021;18-Mar-20;1;67
DK021;19-Mar-20;3;70
DK021;20-Mar-20;2;72
DK021;21-Mar-20;2;74
DK021;22-Mar-20;1;75
DK021;23-Mar-20;9;84
DK021;24-Mar-20;7;91
DK021;25-Mar-20;14;105
DK021;26-Mar-20;6;111
DK021;27-Mar-20;14;125
DK021;28-Mar-20;4;129
DK021;29-Mar-20;5;134
DK021;30-Mar-20;26;160
DK021;31-Mar-20;12;172
DK021;01-Apr-20;4;176
DK021;02-Apr-20;20;196
DK021;03-Apr-20;11;207
DK021;04-Apr-20;11;218
DK021;05-Apr-20;7;225
DK021;06-Apr-20;21;246
DK021;07-Apr-20;19;265
DK021;08-Apr-20;16;281
DK021;09-Apr-20;5;286
DK021;10-Apr-20;3;289
DK021;11-Apr-20;1;290
DK021;12-Apr-20;7;297
DK021;13-Apr-20;5;302
DK021;14-Apr-20;11;313
DK021;15-Apr-20;9;322
DK021;16-Apr-20;10;332
DK021;17-Apr-20;8;340
DK021;18-Apr-20;3;343
DK021;19-Apr-20;6;349
DK021;20-Apr-20;3;352
DK021;21-Apr-20;7;359
DK021;22-Apr-20;7;366
DK021;23-Apr-20;11;377
DK021;24-Apr-20;9;386
DK021;25-Apr-20;8;394
DK021;26-Apr-20;11;405
DK021;27-Apr-20;8;413
DK021;28-Apr-20;5;418
DK021;29-Apr-20;1;419
DK021;30-Apr-20;7;426
DK021;01-May-20;9;435
DK021;02-May-20;3;438
DK021;03-May-20;4;442
DK021;04-May-20;9;451
DK021;05-May-20;6;457
DK021;06-May-20;6;463
DK021;07-May-20;8;471
DK021;08-May-20;4;475
DK021;09-May-20;3;478
DK021;10-May-20;4;482
DK021;11-May-20;3;485
DK021;12-May-20;9;494
DK021;13-May-20;3;497
DK021;14-May-20;3;500
DK021;15-May-20;4;504
DK021;16-May-20;2;506
DK021;17-May-20;2;508
DK021;18-May-20;4;512
DK021;19-May-20;2;514
DK021;20-May-20;5;519
DK021;21-May-20;2;521
DK021;22-May-20;4;525
DK021;23-May-20;2;527
DK021;24-May-20;2;529
DK021;25-May-20;2;531
DK021;26-May-20;2;533
DK021;27-May-20;4;537
DK021;28-May-20;3;540
DK021;29-May-20;7;547
DK021;30-May-20;4;551
DK021;31-May-20;4;555
DK021;01-Jun-20;5;560
DK021;02-Jun-20;11;571
DK021;03-Jun-20;13;584
DK021;04-Jun-20;4;588
DK021;05-Jun-20;4;592
DK021;06-Jun-20;2;594
DK021;08-Jun-20;2;596
DK021;09-Jun-20;3;599
DK021;10-Jun-20;4;603
DK021;11-Jun-20;8;611
DK021;12-Jun-20;3;614
DK021;13-Jun-20;1;615
DK021;15-Jun-20;4;619
DK021;16-Jun-20;3;622
DK021;17-Jun-20;12;634
DK021;18-Jun-20;4;638
DK021;19-Jun-20;9;647
DK021;20-Jun-20;2;649
DK021;22-Jun-20;2;651
DK021;23-Jun-20;1;652
DK021;24-Jun-20;1;653
DK021;26-Jun-20;1;654
DK021;30-Jun-20;1;655
DK021;06-Jul-20;2;657
DK021;08-Jul-20;1;658
DK021;09-Jul-20;5;663
DK021;10-Jul-20;3;666
DK021;13-Jul-20;3;669
DK021;14-Jul-20;4;673
DK021;15-Jul-20;1;674
DK021;16-Jul-20;3;677
DK021;17-Jul-20;1;678
DK021;18-Jul-20;8;686
DK021;19-Jul-20;3;689
DK021;20-Jul-20;4;693
DK021;21-Jul-20;3;696
DK021;22-Jul-20;6;702
DK021;23-Jul-20;3;705
DK021;24-Jul-20;1;706
DK021;25-Jul-20;7;713
DK021;26-Jul-20;1;714
DK021;27-Jul-20;4;718
DK021;28-Jul-20;1;719
DK021;29-Jul-20;3;722
DK021;30-Jul-20;1;723
DK021;31-Jul-20;4;727
DK021;01-Aug-20;1;728
DK021;02-Aug-20;3;731
DK021;03-Aug-20;2;733
DK021;04-Aug-20;8;741
DK021;05-Aug-20;1;742
DK021;06-Aug-20;2;744
DK021;07-Aug-20;3;747
DK021;08-Aug-20;3;750
DK021;09-Aug-20;2;752
DK021;10-Aug-20;5;757
DK021;11-Aug-20;9;766
DK021;14-Aug-20;2;768
DK021;15-Aug-20;1;769
DK021;16-Aug-20;5;774
DK021;17-Aug-20;1;775
DK021;18-Aug-20;6;781
DK021;19-Aug-20;1;782
DK021;20-Aug-20;4;786
DK021;21-Aug-20;3;789
DK021;22-Aug-20;2;791
DK021;23-Aug-20;2;793
DK021;24-Aug-20;3;796
DK021;25-Aug-20;1;797
DK021;26-Aug-20;5;802
DK021;27-Aug-20;1;803
DK021;28-Aug-20;5;808
DK021;29-Aug-20;1;809
DK021;30-Aug-20;2;811
DK021;31-Aug-20;6;817
DK021;01-Sep-20;11;828
DK021;02-Sep-20;12;840
DK021;03-Sep-20;10;850
DK021;04-Sep-20;15;865
DK021;05-Sep-20;8;873
DK021;06-Sep-20;11;884
DK021;07-Sep-20;25;909
DK021;08-Sep-20;16;925
DK021;09-Sep-20;11;936
DK021;10-Sep-20;10;946
DK021;11-Sep-20;9;955
DK021;12-Sep-20;14;969
DK021;13-Sep-20;7;976
DK021;14-Sep-20;14;990
DK021;15-Sep-20;19;1009
DK021;16-Sep-20;19;1028
DK021;17-Sep-20;20;1048
DK021;18-Sep-20;23;1071
DK021;19-Sep-20;26;1097
DK021;20-Sep-20;23;1120
DK021;21-Sep-20;28;1148
DK021;22-Sep-20;33;1181
DK021;23-Sep-20;58;1239
DK021;24-Sep-20;38;1277
DK021;25-Sep-20;46;1323
DK021;26-Sep-20;23;1346
DK021;27-Sep-20;20;1366
DK021;28-Sep-20;35;1401
DK021;29-Sep-20;28;1429
DK021;30-Sep-20;32;1461
DK021;01-Oct-20;24;1485
DK021;02-Oct-20;23;1508
DK021;03-Oct-20;15;1523
DK021;04-Oct-20;13;1536
DK021;05-Oct-20;18;1554
DK021;06-Oct-20;16;1570
DK021;07-Oct-20;16;1586
DK021;08-Oct-20;10;1596
DK021;09-Oct-20;10;1606
DK021;10-Oct-20;11;1617
DK021;11-Oct-20;15;1632
DK021;12-Oct-20;14;1646
DK021;13-Oct-20;9;1655
DK021;14-Oct-20;10;1665
DK021;15-Oct-20;15;1680
DK021;16-Oct-20;23;1703
DK021;17-Oct-20;13;1716
DK021;18-Oct-20;21;1737
DK021;19-Oct-20;32;1769
DK021;20-Oct-20;33;1802
DK021;21-Oct-20;49;1851
DK021;22-Oct-20;32;1883
DK021;23-Oct-20;43;1926
DK021;24-Oct-20;37;1963
DK021;25-Oct-20;36;1999
DK021;26-Oct-20;45;2044
DK021;27-Oct-20;57;2101
DK021;28-Oct-20;80;2181
DK021;29-Oct-20;49;2230
DK021;30-Oct-20;79;2309
DK021;31-Oct-20;45;2354
DK021;01-Nov-20;35;2389
DK021;02-Nov-20;68;2457
DK021;03-Nov-20;59;2516
DK021;04-Nov-20;85;2601
DK021;05-Nov-20;47;2648
DK021;06-Nov-20;68;2716
DK021;07-Nov-20;47;2763
DK021;08-Nov-20;30;2793
DK021;09-Nov-20;38;2831
DK021;10-Nov-20;55;2886
DK021;11-Nov-20;58;2944
DK021;12-Nov-20;43;2987
DK021;13-Nov-20;63;3050
DK021;14-Nov-20;46;3096
DK021;15-Nov-20;53;3149
DK021;16-Nov-20;70;3219
DK021;17-Nov-20;59;3278
DK021;18-Nov-20;76;3354
DK021;19-Nov-20;63;3417
DK021;20-Nov-20;92;3509
DK021;21-Nov-20;59;3568
DK021;22-Nov-20;40;3608
DK021;23-Nov-20;57;3665
DK021;24-Nov-20;68;3733
DK021;25-Nov-20;85;3818
DK021;26-Nov-20;61;3879
DK021;27-Nov-20;61;3940
DK021;28-Nov-20;65;4005
DK021;29-Nov-20;57;4062
DK021;30-Nov-20;76;4138
DK021;01-Dec-20;71;4209
DK021;02-Dec-20;91;4300
DK021;03-Dec-20;98;4398
DK021;04-Dec-20;95;4493
DK021;05-Dec-20;105;4598
DK021;06-Dec-20;96;4694
DK021;07-Dec-20;141;4835
DK021;08-Dec-20;159;4994
DK021;09-Dec-20;153;5147
DK021;10-Dec-20;135;5282
DK021;11-Dec-20;185;5467
DK021;12-Dec-20;141;5608
DK021;13-Dec-20;130;5738
DK021;14-Dec-20;185;5923
DK021;15-Dec-20;221;6144
DK021;16-Dec-20;256;6400
DK021;17-Dec-20;192;6592
DK021;18-Dec-20;163;6755
DK021;19-Dec-20;137;6892
DK021;20-Dec-20;139;7031
DK021;21-Dec-20;184;7215
DK021;22-Dec-20;167;7382
DK021;23-Dec-20;136;7518
DK021;24-Dec-20;68;7586
DK021;25-Dec-20;88;7674
DK021;26-Dec-20;140;7814
DK021;27-Dec-20;121;7935
DK021;28-Dec-20;201;8136
DK021;29-Dec-20;149;8285
DK021;30-Dec-20;151;8436
DK021;31-Dec-20;57;8493
DK021;01-Jan-21;37;8530
DK021;02-Jan-21;97;8627
DK021;03-Jan-21;69;8696
DK021;04-Jan-21;135;8831
DK021;05-Jan-21;114;8945
DK021;06-Jan-21;92;9037
DK021;07-Jan-21;68;9105
DK021;08-Jan-21;70;9175
DK021;09-Jan-21;73;9248
DK021;10-Jan-21;56;9304
DK021;11-Jan-21;88;9392
DK021;12-Jan-21;59;9451
DK021;13-Jan-21;59;9510
DK021;14-Jan-21;60;9570
DK021;15-Jan-21;45;9615
DK021;16-Jan-21;34;9649
DK021;17-Jan-21;54;9703
DK021;18-Jan-21;61;9764
DK021;19-Jan-21;52;9816
DK021;20-Jan-21;56;9872
DK021;21-Jan-21;55;9927
DK021;22-Jan-21;46;9973
DK021;23-Jan-21;45;10018
DK021;24-Jan-21;41;10059
DK021;25-Jan-21;59;10118
DK021;26-Jan-21;59;10177
DK021;27-Jan-21;44;10221
DK021;28-Jan-21;42;10263
DK021;29-Jan-21;33;10296
DK021;30-Jan-21;32;10328
DK021;31-Jan-21;23;10351
DK021;01-Feb-21;49;10400
DK021;02-Feb-21;34;10434
DK021;03-Feb-21;35;10469
DK021;04-Feb-21;35;10504
DK021;05-Feb-21;32;10536
DK021;06-Feb-21;20;10556
DK021;07-Feb-21;25;10581
DK021;08-Feb-21;49;10630
DK021;09-Feb-21;30;10660
DK021;10-Feb-21;25;10685
DK021;11-Feb-21;33;10718
DK021;12-Feb-21;23;10741
DK021;13-Feb-21;16;10757
DK021;14-Feb-21;20;10777
DK021;15-Feb-21;28;10805
DK021;16-Feb-21;18;10823
DK021;17-Feb-21;17;10840
DK021;18-Feb-21;24;10864
DK021;19-Feb-21;26;10890
DK021;20-Feb-21;19;10909
DK021;21-Feb-21;23;10932
DK021;22-Feb-21;35;10967
DK021;23-Feb-21;33;11000
DK021;24-Feb-21;39;11039
DK021;25-Feb-21;42;11081
DK021;26-Feb-21;27;11108
DK021;27-Feb-21;25;11133
DK021;28-Feb-21;15;11148
DK021;01-Mar-21;50;11198
DK021;02-Mar-21;27;11225
DK021;03-Mar-21;20;11245
DK021;04-Mar-21;29;11274
DK021;05-Mar-21;19;11293
DK021;06-Mar-21;27;11320
DK021;07-Mar-21;18;11338
DK021;08-Mar-21;37;11375
DK021;09-Mar-21;25;11400
DK021;10-Mar-21;22;11422
DK021;11-Mar-21;33;11455
DK021;12-Mar-21;19;11474
DK021;13-Mar-21;15;11489
DK021;14-Mar-21;15;11504
DK021;15-Mar-21;29;11533
DK021;16-Mar-21;32;11565
DK021;17-Mar-21;35;11600
DK021;18-Mar-21;25;11625
DK021;19-Mar-21;32;11657
DK021;20-Mar-21;25;11682
DK021;21-Mar-21;26;11708
DK021;22-Mar-21;33;11741
DK021;23-Mar-21;32;11773
DK021;24-Mar-21;44;11817
DK021;25-Mar-21;26;11843
DK021;26-Mar-21;28;11871
DK021;27-Mar-21;25;11896
DK021;28-Mar-21;29;11925
DK021;29-Mar-21;45;11970
DK021;30-Mar-21;33;12003
DK021;31-Mar-21;24;12027
DK021;01-Apr-21;44;12071
DK021;02-Apr-21;21;12092
DK021;03-Apr-21;28;12120
DK021;04-Apr-21;21;12141
DK021;05-Apr-21;24;12165
DK021;06-Apr-21;20;12185
DK021;07-Apr-21;27;12212
DK021;08-Apr-21;44;12256
DK021;09-Apr-21;35;12291
DK021;10-Apr-21;32;12323
DK021;11-Apr-21;42;12365
DK021;12-Apr-21;37;12402
DK021;13-Apr-21;43;12445
DK021;14-Apr-21;28;12473
DK021;15-Apr-21;36;12509
DK021;16-Apr-21;36;12545
DK021;17-Apr-21;27;12572
DK021;18-Apr-21;28;12600
DK021;19-Apr-21;41;12641
DK021;20-Apr-21;42;12683
DK021;21-Apr-21;32;12715
DK021;22-Apr-21;29;12744
DK021;23-Apr-21;29;12773
DK021;24-Apr-21;27;12800
DK021;25-Apr-21;31;12831
DK021;26-Apr-21;37;12868
DK021;27-Apr-21;35;12903
DK021;28-Apr-21;25;12928
DK021;29-Apr-21;40;12968
DK021;30-Apr-21;28;12996
DK021;01-May-21;34;13030
DK021;02-May-21;23;13053
DK021;03-May-21;57;13110
DK021;04-May-21;37;13147
DK021;05-May-21;41;13188
DK021;06-May-21;51;13239
DK021;07-May-21;36;13275
DK021;08-May-21;38;13313
DK021;09-May-21;39;13352
DK021;10-May-21;61;13413
DK021;11-May-21;76;13489
DK021;12-May-21;63;13552
DK021;13-May-21;53;13605
DK021;14-May-21;51;13656
DK021;15-May-21;68;13724
DK021;16-May-21;56;13780
DK021;17-May-21;66;13846
DK021;18-May-21;54;13900
DK021;19-May-21;82;13982
DK021;20-May-21;47;14029
DK021;21-May-21;41;14070
DK021;22-May-21;43;14113
DK021;23-May-21;34;14147
DK021;24-May-21;37;14184
DK021;25-May-21;48;14232
DK021;26-May-21;43;14275
DK021;27-May-21;53;14328
DK021;28-May-21;48;14376
DK021;29-May-21;35;14411
DK021;30-May-21;42;14453
DK021;31-May-21;36;14489
DK021;01-Jun-21;41;14530
DK021;02-Jun-21;37;14567
DK021;03-Jun-21;48;14615
DK021;04-Jun-21;40;14655
DK021;05-Jun-21;65;14720
DK021;06-Jun-21;32;14752
DK021;07-Jun-21;32;14784
DK021;08-Jun-21;29;14813
DK021;09-Jun-21;38;14851
DK021;10-Jun-21;19;14870
DK021;11-Jun-21;14;14884
DK021;12-Jun-21;15;14899
DK021;13-Jun-21;9;14908
DK021;14-Jun-21;21;14929
DK021;15-Jun-21;10;14939
DK021;16-Jun-21;19;14958
DK021;17-Jun-21;15;14973
DK021;18-Jun-21;9;14982
DK021;19-Jun-21;10;14992
DK021;20-Jun-21;5;14997
DK021;21-Jun-21;4;15001
DK021;22-Jun-21;11;15012
DK021;23-Jun-21;8;15020
DK021;24-Jun-21;5;15025
DK021;25-Jun-21;7;15032
DK021;26-Jun-21;3;15035
DK021;27-Jun-21;8;15043
DK021;28-Jun-21;11;15054
DK021;29-Jun-21;36;15090
DK021;30-Jun-21;27;15117
DK021;01-Jul-21;39;15156
DK021;02-Jul-21;26;15182
DK021;03-Jul-21;26;15208
DK021;04-Jul-21;25;15233
DK021;05-Jul-21;36;15269
DK021;06-Jul-21;25;15294
DK021;07-Jul-21;31;15325
DK021;08-Jul-21;28;15353
DK021;09-Jul-21;15;15368
DK021;10-Jul-21;19;15387
DK021;11-Jul-21;23;15410
DK021;12-Jul-21;35;15445
DK021;13-Jul-21;45;15490
DK021;14-Jul-21;42;15532
DK021;15-Jul-21;25;15557
DK021;16-Jul-21;25;15582
DK021;17-Jul-21;31;15613
DK021;18-Jul-21;36;15649
DK021;19-Jul-21;32;15681
DK021;20-Jul-21;29;15710
DK021;21-Jul-21;33;15743
DK021;22-Jul-21;27;15770
DK021;23-Jul-21;25;15795
DK021;24-Jul-21;16;15811
DK021;25-Jul-21;17;15828
DK021;26-Jul-21;39;15867
DK021;27-Jul-21;31;15898
DK021;28-Jul-21;26;15924
DK021;29-Jul-21;21;15945
DK021;30-Jul-21;33;15978
DK021;31-Jul-21;18;15996
DK021;01-Aug-21;33;16029
DK021;02-Aug-21;18;16047
DK021;03-Aug-21;31;16078
DK021;04-Aug-21;25;16103
DK021;05-Aug-21;32;16135
DK021;06-Aug-21;28;16163
DK021;07-Aug-21;31;16194
DK021;08-Aug-21;43;16237
DK021;09-Aug-21;44;16281
DK021;10-Aug-21;42;16323
DK021;11-Aug-21;45;16368
DK021;12-Aug-21;30;16398
DK021;13-Aug-21;31;16429
DK021;14-Aug-21;26;16455
DK021;15-Aug-21;27;16482
DK021;16-Aug-21;37;16519
DK021;17-Aug-21;27;16546
DK021;18-Aug-21;34;16580
DK021;19-Aug-21;32;16612
DK021;20-Aug-21;38;16650
DK021;21-Aug-21;24;16674
DK021;22-Aug-21;26;16700
DK021;23-Aug-21;37;16737
DK021;24-Aug-21;36;16773
DK021;25-Aug-21;35;16808
DK021;26-Aug-21;26;16834
DK021;27-Aug-21;25;16859
DK021;28-Aug-21;32;16891
DK021;29-Aug-21;29;16920
DK021;30-Aug-21;39;16959
DK021;31-Aug-21;29;16988
DK021;01-Sep-21;36;17024
DK021;02-Sep-21;28;17052
DK021;03-Sep-21;19;17071
DK021;04-Sep-21;16;17087
DK021;05-Sep-21;20;17107
DK021;06-Sep-21;44;17151
DK021;07-Sep-21;42;17193
DK021;08-Sep-21;23;17216
DK021;09-Sep-21;36;17252
DK021;10-Sep-21;24;17276
DK021;11-Sep-21;16;17292
DK021;12-Sep-21;21;17313
DK021;13-Sep-21;22;17335
DK021;14-Sep-21;12;17347
DK021;15-Sep-21;20;17367
DK021;16-Sep-21;16;17383
DK021;17-Sep-21;16;17399
DK021;18-Sep-21;21;17420
DK021;19-Sep-21;5;17425
DK021;20-Sep-21;26;17451
DK021;21-Sep-21;23;17474
DK021;22-Sep-21;24;17498
DK021;23-Sep-21;28;17526
DK021;24-Sep-21;36;17562
DK021;25-Sep-21;25;17587
DK021;26-Sep-21;29;17616
DK021;27-Sep-21;35;17651
DK021;28-Sep-21;23;17674
DK021;29-Sep-21;18;17692
DK021;30-Sep-21;29;17721
DK021;01-Oct-21;36;17757
DK021;02-Oct-21;24;17781
DK021;03-Oct-21;23;17804
DK021;04-Oct-21;36;17840
DK021;05-Oct-21;25;17865
DK021;06-Oct-21;19;17884
DK021;07-Oct-21;36;17920
DK021;08-Oct-21;41;17961
DK021;09-Oct-21;22;17983
DK021;10-Oct-21;27;18010
DK021;11-Oct-21;38;18048
DK021;12-Oct-21;52;18100
DK021;13-Oct-21;34;18134
DK021;14-Oct-21;49;18183
DK021;15-Oct-21;38;18221
DK021;16-Oct-21;32;18253
DK021;17-Oct-21;49;18302
DK021;18-Oct-21;71;18373
DK021;19-Oct-21;60;18433
DK021;20-Oct-21;65;18498
DK021;21-Oct-21;102;18600
DK021;22-Oct-21;53;18653
DK021;23-Oct-21;49;18702
DK021;24-Oct-21;93;18795
DK021;25-Oct-21;85;18880
DK021;26-Oct-21;109;18989
DK021;27-Oct-21;83;19072
DK021;28-Oct-21;101;19173
DK021;29-Oct-21;103;19276
DK021;30-Oct-21;73;19349
DK021;31-Oct-21;107;19456
DK021;01-Nov-21;159;19615
DK021;02-Nov-21;142;19757
DK021;03-Nov-21;114;19871
DK021;04-Nov-21;143;20014
DK021;05-Nov-21;110;20124
DK021;06-Nov-21;85;20209
DK021;07-Nov-21;124;20333
DK021;08-Nov-21;230;20563
DK021;09-Nov-21;208;20771
DK021;10-Nov-21;154;20925
DK021;11-Nov-21;200;21125
DK021;12-Nov-21;162;21287
DK021;13-Nov-21;118;21405
DK021;14-Nov-21;141;21546
DK021;15-Nov-21;275;21821
DK021;16-Nov-21;232;22053
DK021;17-Nov-21;162;22215
DK021;18-Nov-21;253;22468
DK021;19-Nov-21;250;22718
DK021;20-Nov-21;161;22879
DK021;21-Nov-21;196;23075
DK021;22-Nov-21;254;23329
DK021;23-Nov-21;238;23567
DK021;24-Nov-21;159;23726
DK021;25-Nov-21;232;23958
DK021;26-Nov-21;212;24170
DK021;27-Nov-21;158;24328
DK021;28-Nov-21;188;24516
DK021;29-Nov-21;255;24771
DK021;30-Nov-21;259;25030
DK021;01-Dec-21;157;25187
DK021;02-Dec-21;245;25432
DK021;03-Dec-21;256;25688
DK021;04-Dec-21;215;25903
DK021;05-Dec-21;267;26170
DK021;06-Dec-21;413;26583
DK021;07-Dec-21;398;26981
DK021;08-Dec-21;326;27307
DK021;09-Dec-21;302;27609
DK021;10-Dec-21;369;27978
DK021;11-Dec-21;294;28272
DK021;12-Dec-21;358;28630
DK021;13-Dec-21;611;29241
DK021;14-Dec-21;613;29854
DK021;15-Dec-21;565;30419
DK021;16-Dec-21;531;30950
DK021;17-Dec-21;603;31553
DK021;18-Dec-21;499;32052
DK021;19-Dec-21;514;32566
DK021;20-Dec-21;848;33414
DK021;21-Dec-21;748;34162
DK021;22-Dec-21;563;34725
DK021;23-Dec-21;707;35432
DK021;24-Dec-21;350;35782
DK021;25-Dec-21;406;36188
DK021;26-Dec-21;562;36750
DK021;27-Dec-21;1359;38109
DK021;28-Dec-21;1171;39280
DK021;29-Dec-21;911;40191
DK021;30-Dec-21;997;41188
DK021;31-Dec-21;492;41680
DK021;01-Jan-22;473;42153
DK021;02-Jan-22;941;43094
DK021;03-Jan-22;1362;44456
DK021;04-Jan-22;1204;45660
DK021;05-Jan-22;867;46527
DK021;06-Jan-22;791;47318
DK021;07-Jan-22;722;48040
DK021;08-Jan-22;644;48684
DK021;09-Jan-22;670;49354
DK021;10-Jan-22;1163;50517
DK021;11-Jan-22;1083;51600
DK021;12-Jan-22;1079;52679
DK021;13-Jan-22;1261;53940
DK021;14-Jan-22;1196;55136
DK021;15-Jan-22;1142;56278
DK021;16-Jan-22;1264;57542
DK021;17-Jan-22;2200;59742
DK021;18-Jan-22;2168;61910
DK021;19-Jan-22;1953;63863
DK021;20-Jan-22;2049;65912
DK021;21-Jan-22;1956;67868
DK021;22-Jan-22;1770;69638
DK021;23-Jan-22;1925;71563
DK021;24-Jan-22;2948;74511
DK021;25-Jan-22;2368;76879
DK021;26-Jan-22;1949;78828
DK021;27-Jan-22;1965;80793
DK021;28-Jan-22;1702;82495
DK021;29-Jan-22;1407;83902
DK021;30-Jan-22;1507;85409
DK021;31-Jan-22;2532;87941
DK021;01-Feb-22;1832;89773
DK021;02-Feb-22;1509;91282
DK021;03-Feb-22;1650;92932
DK021;04-Feb-22;1329;94261
DK021;05-Feb-22;1127;95388
DK021;06-Feb-22;1524;96912
DK021;07-Feb-22;2460;99372
DK021;08-Feb-22;1977;101349
DK021;09-Feb-22;1629;102978
DK021;10-Feb-22;1638;104616
DK021;11-Feb-22;1412;106028
DK021;12-Feb-22;1027;107055
DK021;13-Feb-22;1150;108205
DK021;14-Feb-22;1856;110061
DK021;15-Feb-22;1650;111711
DK021;16-Feb-22;1222;112933
DK021;17-Feb-22;1231;114164
DK021;18-Feb-22;1010;115174
DK021;19-Feb-22;655;115829
DK021;20-Feb-22;841;116670
DK021;21-Feb-22;1135;117805
DK021;22-Feb-22;871;118676
DK021;23-Feb-22;843;119519
DK021;24-Feb-22;763;120282
DK021;25-Feb-22;702;120984
DK021;26-Feb-22;482;121466
DK021;27-Feb-22;674;122140
DK021;28-Feb-22;925;123065
DK021;01-Mar-22;576;123641
DK021;02-Mar-22;634;124275
DK021;03-Mar-22;561;124836
DK021;04-Mar-22;491;125327
DK021;05-Mar-22;323;125650
DK021;06-Mar-22;498;126148
DK021;07-Mar-22;600;126748
DK021;08-Mar-22;563;127311
DK021;09-Mar-22;534;127845
DK021;10-Mar-22;412;128257
DK021;11-Mar-22;242;128499
DK021;12-Mar-22;236;128735
DK021;13-Mar-22;269;129004
DK021;14-Mar-22;392;129396
DK021;15-Mar-22;330;129726
DK021;16-Mar-22;360;130086
DK021;17-Mar-22;300;130386
DK021;18-Mar-22;253;130639
DK021;19-Mar-22;188;130827
DK021;20-Mar-22;248;131075
DK021;21-Mar-22;353;131428
DK021;22-Mar-22;272;131700
DK021;23-Mar-22;271;131971
DK021;24-Mar-22;224;132195
DK021;25-Mar-22;180;132375
DK021;26-Mar-22;113;132488
DK021;27-Mar-22;144;132632
DK021;28-Mar-22;233;132865
DK021;29-Mar-22;140;133005
DK021;30-Mar-22;179;133184
DK021;31-Mar-22;161;133345
DK021;01-Apr-22;107;133452
DK021;02-Apr-22;100;133552
DK021;03-Apr-22;116;133668
DK021;04-Apr-22;148;133816
DK021;05-Apr-22;150;133966
DK021;06-Apr-22;119;134085
DK021;07-Apr-22;104;134189
DK021;08-Apr-22;140;134329
DK021;09-Apr-22;94;134423
DK021;10-Apr-22;79;134502
DK021;11-Apr-22;106;134608
DK021;12-Apr-22;124;134732
DK021;13-Apr-22;121;134853
DK021;14-Apr-22;58;134911
DK021;15-Apr-22;79;134990
DK021;16-Apr-22;101;135091
DK021;17-Apr-22;70;135161
DK021;18-Apr-22;67;135228
DK021;19-Apr-22;144;135372
DK021;20-Apr-22;103;135475
DK021;21-Apr-22;87;135562
DK021;22-Apr-22;71;135633
DK021;23-Apr-22;43;135676
DK021;24-Apr-22;65;135741
DK021;25-Apr-22;79;135820
DK021;26-Apr-22;49;135869
DK021;27-Apr-22;60;135929
DK021;28-Apr-22;57;135986
DK021;29-Apr-22;47;136033
DK021;30-Apr-22;37;136070
DK021;01-May-22;45;136115
DK021;02-May-22;57;136172
DK021;03-May-22;65;136237
DK021;04-May-22;41;136278
DK021;05-May-22;55;136333
DK021;06-May-22;41;136374
DK021;07-May-22;37;136411
DK021;08-May-22;29;136440
DK021;09-May-22;30;136470
DK021;10-May-22;52;136522
DK021;11-May-22;36;136558
DK021;12-May-22;37;136595
DK021;13-May-22;17;136612
DK021;14-May-22;18;136630
DK021;15-May-22;32;136662
DK021;16-May-22;55;136717
DK021;17-May-22;51;136768
DK021;18-May-22;36;136804
DK021;19-May-22;40;136844
DK021;20-May-22;22;136866
DK021;21-May-22;26;136892
DK021;22-May-22;36;136928
DK021;23-May-22;38;136966
DK021;24-May-22;34;137000
DK021;25-May-22;27;137027
DK021;26-May-22;10;137037
DK021;27-May-22;37;137074
DK021;28-May-22;7;137081
DK021;29-May-22;45;137126
DK021;30-May-22;22;137148
DK021;31-May-22;28;137176
DK021;01-Jun-22;44;137220
DK021;02-Jun-22;37;137257
DK021;03-Jun-22;39;137296
DK021;04-Jun-22;4;137300
DK021;05-Jun-22;33;137333
DK021;06-Jun-22;40;137373
DK021;07-Jun-22;66;137439
DK021;08-Jun-22;44;137483
DK021;09-Jun-22;80;137563
DK021;10-Jun-22;47;137610
DK021;11-Jun-22;18;137628
DK021;12-Jun-22;67;137695
DK021;13-Jun-22;67;137762
DK021;14-Jun-22;68;137830
DK021;15-Jun-22;66;137896
DK021;16-Jun-22;61;137957
DK021;17-Jun-22;80;138037
DK021;18-Jun-22;73;138110
DK021;19-Jun-22;30;138140
DK021;20-Jun-22;144;138284
DK021;21-Jun-22;156;138440
DK021;22-Jun-22;101;138541
DK021;23-Jun-22;77;138618
DK021;24-Jun-22;77;138695
DK021;25-Jun-22;42;138737
DK021;26-Jun-22;29;138766
DK021;27-Jun-22;198;138964
DK021;28-Jun-22;129;139093
DK021;29-Jun-22;103;139196
DK021;30-Jun-22;87;139283
DK021;01-Jul-22;79;139362
DK021;02-Jul-22;31;139393
DK021;03-Jul-22;75;139468
DK021;04-Jul-22;198;139666
DK021;05-Jul-22;238;139904
DK021;06-Jul-22;212;140116
DK021;07-Jul-22;142;140258
DK021;08-Jul-22;187;140445
DK021;09-Jul-22;106;140551
DK021;10-Jul-22;91;140642
DK021;11-Jul-22;195;140837
DK021;12-Jul-22;160;140997
DK021;13-Jul-22;167;141164
DK021;14-Jul-22;122;141286
DK021;15-Jul-22;145;141431
DK021;16-Jul-22;80;141511
DK021;17-Jul-22;55;141566
DK021;18-Jul-22;142;141708
DK021;19-Jul-22;99;141807
DK021;20-Jul-22;123;141930
DK021;21-Jul-22;100;142030
DK021;22-Jul-22;97;142127
DK021;23-Jul-22;67;142194
DK021;24-Jul-22;53;142247
DK021;25-Jul-22;91;142338
DK021;26-Jul-22;94;142432
DK021;27-Jul-22;64;142496
DK021;28-Jul-22;76;142572
DK021;29-Jul-22;62;142634
DK021;30-Jul-22;56;142690
DK021;31-Jul-22;52;142742
DK021;01-Aug-22;112;142854
DK021;02-Aug-22;82;142936
DK021;03-Aug-22;101;143037
DK021;04-Aug-22;64;143101
DK021;05-Aug-22;64;143165
DK021;06-Aug-22;51;143216
DK021;07-Aug-22;52;143268
DK021;08-Aug-22;78;143346
DK021;09-Aug-22;84;143430
DK021;10-Aug-22;94;143524
DK021;11-Aug-22;86;143610
DK021;12-Aug-22;82;143692
DK021;13-Aug-22;43;143735
DK021;14-Aug-22;51;143786
DK021;15-Aug-22;61;143847
DK021;16-Aug-22;77;143924
DK021;17-Aug-22;67;143991
DK021;18-Aug-22;61;144052
DK021;19-Aug-22;63;144115
DK021;20-Aug-22;17;144132
DK021;21-Aug-22;23;144155
DK021;22-Aug-22;45;144200
DK021;23-Aug-22;38;144238
DK021;24-Aug-22;46;144284
DK021;25-Aug-22;47;144331
DK021;26-Aug-22;43;144374
DK021;27-Aug-22;26;144400
DK021;28-Aug-22;25;144425
DK021;29-Aug-22;29;144454
DK021;30-Aug-22;30;144484
DK021;31-Aug-22;34;144518
DK021;01-Sep-22;23;144541
DK021;02-Sep-22;32;144573
DK021;03-Sep-22;16;144589
DK021;04-Sep-22;15;144604
DK021;05-Sep-22;53;144657
DK021;06-Sep-22;44;144701
DK021;07-Sep-22;40;144741
DK021;08-Sep-22;43;144784
DK022;02-Mar-20;1;1
DK022;06-Mar-20;1;2
DK022;08-Mar-20;2;4
DK022;09-Mar-20;25;29
DK022;10-Mar-20;9;38
DK022;11-Mar-20;14;52
DK022;12-Mar-20;3;55
DK022;13-Mar-20;1;56
DK022;14-Mar-20;4;60
DK022;15-Mar-20;6;66
DK022;16-Mar-20;12;78
DK022;17-Mar-20;6;84
DK022;18-Mar-20;13;97
DK022;19-Mar-20;3;100
DK022;20-Mar-20;17;117
DK022;21-Mar-20;6;123
DK022;22-Mar-20;10;133
DK022;23-Mar-20;8;141
DK022;24-Mar-20;11;152
DK022;25-Mar-20;15;167
DK022;26-Mar-20;13;180
DK022;27-Mar-20;14;194
DK022;28-Mar-20;20;214
DK022;29-Mar-20;10;224
DK022;30-Mar-20;30;254
DK022;31-Mar-20;26;280
DK022;01-Apr-20;29;309
DK022;02-Apr-20;45;354
DK022;03-Apr-20;41;395
DK022;04-Apr-20;15;410
DK022;05-Apr-20;11;421
DK022;06-Apr-20;42;463
DK022;07-Apr-20;34;497
DK022;08-Apr-20;36;533
DK022;09-Apr-20;14;547
DK022;10-Apr-20;18;565
DK022;11-Apr-20;14;579
DK022;12-Apr-20;12;591
DK022;13-Apr-20;13;604
DK022;14-Apr-20;40;644
DK022;15-Apr-20;21;665
DK022;16-Apr-20;14;679
DK022;17-Apr-20;35;714
DK022;18-Apr-20;19;733
DK022;19-Apr-20;23;756
DK022;20-Apr-20;33;789
DK022;21-Apr-20;39;828
DK022;22-Apr-20;27;855
DK022;23-Apr-20;39;894
DK022;24-Apr-20;26;920
DK022;25-Apr-20;15;935
DK022;26-Apr-20;7;942
DK022;27-Apr-20;53;995
DK022;28-Apr-20;24;1019
DK022;29-Apr-20;20;1039
DK022;30-Apr-20;24;1063
DK022;01-May-20;16;1079
DK022;02-May-20;26;1105
DK022;03-May-20;7;1112
DK022;04-May-20;20;1132
DK022;05-May-20;29;1161
DK022;06-May-20;9;1170
DK022;07-May-20;24;1194
DK022;08-May-20;5;1199
DK022;09-May-20;8;1207
DK022;10-May-20;4;1211
DK022;11-May-20;9;1220
DK022;12-May-20;1;1221
DK022;13-May-20;10;1231
DK022;14-May-20;11;1242
DK022;15-May-20;10;1252
DK022;16-May-20;6;1258
DK022;17-May-20;5;1263
DK022;18-May-20;4;1267
DK022;19-May-20;6;1273
DK022;20-May-20;7;1280
DK022;21-May-20;3;1283
DK022;22-May-20;10;1293
DK022;23-May-20;2;1295
DK022;24-May-20;3;1298
DK022;25-May-20;3;1301
DK022;26-May-20;5;1306
DK022;27-May-20;4;1310
DK022;28-May-20;4;1314
DK022;29-May-20;4;1318
DK022;30-May-20;5;1323
DK022;31-May-20;2;1325
DK022;01-Jun-20;3;1328
DK022;02-Jun-20;5;1333
DK022;03-Jun-20;5;1338
DK022;04-Jun-20;2;1340
DK022;09-Jun-20;1;1341
DK022;10-Jun-20;3;1344
DK022;11-Jun-20;1;1345
DK022;12-Jun-20;1;1346
DK022;13-Jun-20;5;1351
DK022;14-Jun-20;2;1353
DK022;16-Jun-20;5;1358
DK022;18-Jun-20;2;1360
DK022;19-Jun-20;6;1366
DK022;20-Jun-20;2;1368
DK022;21-Jun-20;1;1369
DK022;22-Jun-20;1;1370
DK022;24-Jun-20;4;1374
DK022;25-Jun-20;1;1375
DK022;26-Jun-20;1;1376
DK022;29-Jun-20;2;1378
DK022;30-Jun-20;4;1382
DK022;03-Jul-20;1;1383
DK022;08-Jul-20;2;1385
DK022;09-Jul-20;4;1389
DK022;10-Jul-20;1;1390
DK022;11-Jul-20;2;1392
DK022;12-Jul-20;5;1397
DK022;13-Jul-20;7;1404
DK022;14-Jul-20;1;1405
DK022;15-Jul-20;3;1408
DK022;16-Jul-20;6;1414
DK022;17-Jul-20;9;1423
DK022;18-Jul-20;5;1428
DK022;19-Jul-20;4;1432
DK022;20-Jul-20;3;1435
DK022;21-Jul-20;1;1436
DK022;22-Jul-20;1;1437
DK022;23-Jul-20;2;1439
DK022;24-Jul-20;1;1440
DK022;25-Jul-20;2;1442
DK022;26-Jul-20;1;1443
DK022;27-Jul-20;18;1461
DK022;28-Jul-20;25;1486
DK022;29-Jul-20;10;1496
DK022;30-Jul-20;25;1521
DK022;31-Jul-20;9;1530
DK022;01-Aug-20;13;1543
DK022;02-Aug-20;6;1549
DK022;03-Aug-20;27;1576
DK022;04-Aug-20;13;1589
DK022;05-Aug-20;7;1596
DK022;06-Aug-20;30;1626
DK022;07-Aug-20;4;1630
DK022;08-Aug-20;5;1635
DK022;09-Aug-20;2;1637
DK022;10-Aug-20;5;1642
DK022;11-Aug-20;9;1651
DK022;12-Aug-20;5;1656
DK022;13-Aug-20;2;1658
DK022;14-Aug-20;12;1670
DK022;15-Aug-20;5;1675
DK022;16-Aug-20;2;1677
DK022;17-Aug-20;5;1682
DK022;18-Aug-20;8;1690
DK022;19-Aug-20;3;1693
DK022;20-Aug-20;7;1700
DK022;21-Aug-20;2;1702
DK022;22-Aug-20;3;1705
DK022;23-Aug-20;2;1707
DK022;24-Aug-20;3;1710
DK022;25-Aug-20;3;1713
DK022;26-Aug-20;5;1718
DK022;27-Aug-20;6;1724
DK022;28-Aug-20;4;1728
DK022;29-Aug-20;1;1729
DK022;30-Aug-20;3;1732
DK022;31-Aug-20;3;1735
DK022;01-Sep-20;5;1740
DK022;02-Sep-20;2;1742
DK022;03-Sep-20;5;1747
DK022;04-Sep-20;8;1755
DK022;05-Sep-20;9;1764
DK022;06-Sep-20;7;1771
DK022;07-Sep-20;41;1812
DK022;08-Sep-20;34;1846
DK022;09-Sep-20;13;1859
DK022;10-Sep-20;40;1899
DK022;11-Sep-20;12;1911
DK022;12-Sep-20;9;1920
DK022;13-Sep-20;10;1930
DK022;14-Sep-20;17;1947
DK022;15-Sep-20;18;1965
DK022;16-Sep-20;28;1993
DK022;17-Sep-20;24;2017
DK022;18-Sep-20;25;2042
DK022;19-Sep-20;22;2064
DK022;20-Sep-20;23;2087
DK022;21-Sep-20;28;2115
DK022;22-Sep-20;35;2150
DK022;23-Sep-20;38;2188
DK022;24-Sep-20;42;2230
DK022;25-Sep-20;19;2249
DK022;26-Sep-20;31;2280
DK022;27-Sep-20;19;2299
DK022;28-Sep-20;28;2327
DK022;29-Sep-20;24;2351
DK022;30-Sep-20;27;2378
DK022;01-Oct-20;32;2410
DK022;02-Oct-20;18;2428
DK022;03-Oct-20;17;2445
DK022;04-Oct-20;17;2462
DK022;05-Oct-20;23;2485
DK022;06-Oct-20;24;2509
DK022;07-Oct-20;21;2530
DK022;08-Oct-20;18;2548
DK022;09-Oct-20;20;2568
DK022;10-Oct-20;14;2582
DK022;11-Oct-20;14;2596
DK022;12-Oct-20;56;2652
DK022;13-Oct-20;15;2667
DK022;14-Oct-20;26;2693
DK022;15-Oct-20;24;2717
DK022;16-Oct-20;24;2741
DK022;17-Oct-20;15;2756
DK022;18-Oct-20;14;2770
DK022;19-Oct-20;36;2806
DK022;20-Oct-20;37;2843
DK022;21-Oct-20;27;2870
DK022;22-Oct-20;43;2913
DK022;23-Oct-20;36;2949
DK022;24-Oct-20;52;3001
DK022;25-Oct-20;43;3044
DK022;26-Oct-20;54;3098
DK022;27-Oct-20;78;3176
DK022;28-Oct-20;61;3237
DK022;29-Oct-20;71;3308
DK022;30-Oct-20;73;3381
DK022;31-Oct-20;63;3444
DK022;01-Nov-20;49;3493
DK022;02-Nov-20;115;3608
DK022;03-Nov-20;87;3695
DK022;04-Nov-20;87;3782
DK022;05-Nov-20;93;3875
DK022;06-Nov-20;76;3951
DK022;07-Nov-20;68;4019
DK022;08-Nov-20;60;4079
DK022;09-Nov-20;80;4159
DK022;10-Nov-20;92;4251
DK022;11-Nov-20;94;4345
DK022;12-Nov-20;75;4420
DK022;13-Nov-20;88;4508
DK022;14-Nov-20;57;4565
DK022;15-Nov-20;57;4622
DK022;16-Nov-20;73;4695
DK022;17-Nov-20;78;4773
DK022;18-Nov-20;71;4844
DK022;19-Nov-20;77;4921
DK022;20-Nov-20;66;4987
DK022;21-Nov-20;52;5039
DK022;22-Nov-20;55;5094
DK022;23-Nov-20;87;5181
DK022;24-Nov-20;83;5264
DK022;25-Nov-20;85;5349
DK022;26-Nov-20;104;5453
DK022;27-Nov-20;73;5526
DK022;28-Nov-20;81;5607
DK022;29-Nov-20;86;5693
DK022;30-Nov-20;130;5823
DK022;01-Dec-20;136;5959
DK022;02-Dec-20;177;6136
DK022;03-Dec-20;151;6287
DK022;04-Dec-20;169;6456
DK022;05-Dec-20;162;6618
DK022;06-Dec-20;178;6796
DK022;07-Dec-20;241;7037
DK022;08-Dec-20;307;7344
DK022;09-Dec-20;288;7632
DK022;10-Dec-20;292;7924
DK022;11-Dec-20;321;8245
DK022;12-Dec-20;271;8516
DK022;13-Dec-20;246;8762
DK022;14-Dec-20;407;9169
DK022;15-Dec-20;389;9558
DK022;16-Dec-20;429;9987
DK022;17-Dec-20;380;10367
DK022;18-Dec-20;312;10679
DK022;19-Dec-20;251;10930
DK022;20-Dec-20;260;11190
DK022;21-Dec-20;305;11495
DK022;22-Dec-20;292;11787
DK022;23-Dec-20;307;12094
DK022;24-Dec-20;88;12182
DK022;25-Dec-20;117;12299
DK022;26-Dec-20;306;12605
DK022;27-Dec-20;206;12811
DK022;28-Dec-20;343;13154
DK022;29-Dec-20;293;13447
DK022;30-Dec-20;369;13816
DK022;31-Dec-20;96;13912
DK022;01-Jan-21;102;14014
DK022;02-Jan-21;225;14239
DK022;03-Jan-21;152;14391
DK022;04-Jan-21;264;14655
DK022;05-Jan-21;237;14892
DK022;06-Jan-21;180;15072
DK022;07-Jan-21;180;15252
DK022;08-Jan-21;153;15405
DK022;09-Jan-21;139;15544
DK022;10-Jan-21;111;15655
DK022;11-Jan-21;137;15792
DK022;12-Jan-21;175;15967
DK022;13-Jan-21;99;16066
DK022;14-Jan-21;88;16154
DK022;15-Jan-21;88;16242
DK022;16-Jan-21;72;16314
DK022;17-Jan-21;61;16375
DK022;18-Jan-21;79;16454
DK022;19-Jan-21;112;16566
DK022;20-Jan-21;93;16659
DK022;21-Jan-21;91;16750
DK022;22-Jan-21;84;16834
DK022;23-Jan-21;55;16889
DK022;24-Jan-21;43;16932
DK022;25-Jan-21;72;17004
DK022;26-Jan-21;76;17080
DK022;27-Jan-21;58;17138
DK022;28-Jan-21;41;17179
DK022;29-Jan-21;31;17210
DK022;30-Jan-21;24;17234
DK022;31-Jan-21;39;17273
DK022;01-Feb-21;39;17312
DK022;02-Feb-21;43;17355
DK022;03-Feb-21;37;17392
DK022;04-Feb-21;40;17432
DK022;05-Feb-21;29;17461
DK022;06-Feb-21;47;17508
DK022;07-Feb-21;21;17529
DK022;08-Feb-21;54;17583
DK022;09-Feb-21;43;17626
DK022;10-Feb-21;37;17663
DK022;11-Feb-21;49;17712
DK022;12-Feb-21;30;17742
DK022;13-Feb-21;15;17757
DK022;14-Feb-21;26;17783
DK022;15-Feb-21;22;17805
DK022;16-Feb-21;46;17851
DK022;17-Feb-21;31;17882
DK022;18-Feb-21;46;17928
DK022;19-Feb-21;51;17979
DK022;20-Feb-21;42;18021
DK022;21-Feb-21;36;18057
DK022;22-Feb-21;59;18116
DK022;23-Feb-21;67;18183
DK022;24-Feb-21;50;18233
DK022;25-Feb-21;62;18295
DK022;26-Feb-21;39;18334
DK022;27-Feb-21;37;18371
DK022;28-Feb-21;34;18405
DK022;01-Mar-21;56;18461
DK022;02-Mar-21;70;18531
DK022;03-Mar-21;64;18595
DK022;04-Mar-21;53;18648
DK022;05-Mar-21;47;18695
DK022;06-Mar-21;45;18740
DK022;07-Mar-21;43;18783
DK022;08-Mar-21;43;18826
DK022;09-Mar-21;56;18882
DK022;10-Mar-21;39;18921
DK022;11-Mar-21;51;18972
DK022;12-Mar-21;44;19016
DK022;13-Mar-21;32;19048
DK022;14-Mar-21;32;19080
DK022;15-Mar-21;54;19134
DK022;16-Mar-21;62;19196
DK022;17-Mar-21;55;19251
DK022;18-Mar-21;59;19310
DK022;19-Mar-21;51;19361
DK022;20-Mar-21;31;19392
DK022;21-Mar-21;25;19417
DK022;22-Mar-21;50;19467
DK022;23-Mar-21;57;19524
DK022;24-Mar-21;39;19563
DK022;25-Mar-21;41;19604
DK022;26-Mar-21;51;19655
DK022;27-Mar-21;54;19709
DK022;28-Mar-21;36;19745
DK022;29-Mar-21;44;19789
DK022;30-Mar-21;30;19819
DK022;31-Mar-21;35;19854
DK022;01-Apr-21;46;19900
DK022;02-Apr-21;43;19943
DK022;03-Apr-21;28;19971
DK022;04-Apr-21;20;19991
DK022;05-Apr-21;42;20033
DK022;06-Apr-21;44;20077
DK022;07-Apr-21;59;20136
DK022;08-Apr-21;54;20190
DK022;09-Apr-21;58;20248
DK022;10-Apr-21;25;20273
DK022;11-Apr-21;33;20306
DK022;12-Apr-21;70;20376
DK022;13-Apr-21;58;20434
DK022;14-Apr-21;48;20482
DK022;15-Apr-21;54;20536
DK022;16-Apr-21;50;20586
DK022;17-Apr-21;43;20629
DK022;18-Apr-21;50;20679
DK022;19-Apr-21;63;20742
DK022;20-Apr-21;57;20799
DK022;21-Apr-21;54;20853
DK022;22-Apr-21;55;20908
DK022;23-Apr-21;35;20943
DK022;24-Apr-21;42;20985
DK022;25-Apr-21;35;21020
DK022;26-Apr-21;65;21085
DK022;27-Apr-21;61;21146
DK022;28-Apr-21;67;21213
DK022;29-Apr-21;60;21273
DK022;30-Apr-21;41;21314
DK022;01-May-21;34;21348
DK022;02-May-21;33;21381
DK022;03-May-21;78;21459
DK022;04-May-21;80;21539
DK022;05-May-21;82;21621
DK022;06-May-21;96;21717
DK022;07-May-21;78;21795
DK022;08-May-21;46;21841
DK022;09-May-21;61;21902
DK022;10-May-21;123;22025
DK022;11-May-21;90;22115
DK022;12-May-21;124;22239
DK022;13-May-21;67;22306
DK022;14-May-21;84;22390
DK022;15-May-21;65;22455
DK022;16-May-21;68;22523
DK022;17-May-21;92;22615
DK022;18-May-21;104;22719
DK022;19-May-21;118;22837
DK022;20-May-21;109;22946
DK022;21-May-21;95;23041
DK022;22-May-21;40;23081
DK022;23-May-21;64;23145
DK022;24-May-21;84;23229
DK022;25-May-21;82;23311
DK022;26-May-21;85;23396
DK022;27-May-21;76;23472
DK022;28-May-21;64;23536
DK022;29-May-21;46;23582
DK022;30-May-21;40;23622
DK022;31-May-21;64;23686
DK022;01-Jun-21;60;23746
DK022;02-Jun-21;64;23810
DK022;03-Jun-21;54;23864
DK022;04-Jun-21;47;23911
DK022;05-Jun-21;39;23950
DK022;06-Jun-21;32;23982
DK022;07-Jun-21;28;24010
DK022;08-Jun-21;39;24049
DK022;09-Jun-21;34;24083
DK022;10-Jun-21;33;24116
DK022;11-Jun-21;20;24136
DK022;12-Jun-21;19;24155
DK022;13-Jun-21;15;24170
DK022;14-Jun-21;29;24199
DK022;15-Jun-21;19;24218
DK022;16-Jun-21;17;24235
DK022;17-Jun-21;15;24250
DK022;18-Jun-21;14;24264
DK022;19-Jun-21;12;24276
DK022;20-Jun-21;11;24287
DK022;21-Jun-21;6;24293
DK022;22-Jun-21;7;24300
DK022;23-Jun-21;9;24309
DK022;24-Jun-21;7;24316
DK022;25-Jun-21;12;24328
DK022;26-Jun-21;4;24332
DK022;27-Jun-21;3;24335
DK022;28-Jun-21;10;24345
DK022;29-Jun-21;10;24355
DK022;30-Jun-21;20;24375
DK022;01-Jul-21;25;24400
DK022;02-Jul-21;12;24412
DK022;03-Jul-21;20;24432
DK022;04-Jul-21;15;24447
DK022;05-Jul-21;22;24469
DK022;06-Jul-21;26;24495
DK022;07-Jul-21;26;24521
DK022;08-Jul-21;25;24546
DK022;09-Jul-21;33;24579
DK022;10-Jul-21;43;24622
DK022;11-Jul-21;40;24662
DK022;12-Jul-21;49;24711
DK022;13-Jul-21;51;24762
DK022;14-Jul-21;61;24823
DK022;15-Jul-21;52;24875
DK022;16-Jul-21;56;24931
DK022;17-Jul-21;43;24974
DK022;18-Jul-21;55;25029
DK022;19-Jul-21;41;25070
DK022;20-Jul-21;32;25102
DK022;21-Jul-21;34;25136
DK022;22-Jul-21;42;25178
DK022;23-Jul-21;38;25216
DK022;24-Jul-21;33;25249
DK022;25-Jul-21;36;25285
DK022;26-Jul-21;51;25336
DK022;27-Jul-21;40;25376
DK022;28-Jul-21;43;25419
DK022;29-Jul-21;40;25459
DK022;30-Jul-21;45;25504
DK022;31-Jul-21;37;25541
DK022;01-Aug-21;44;25585
DK022;02-Aug-21;60;25645
DK022;03-Aug-21;62;25707
DK022;04-Aug-21;44;25751
DK022;05-Aug-21;41;25792
DK022;06-Aug-21;59;25851
DK022;07-Aug-21;29;25880
DK022;08-Aug-21;44;25924
DK022;09-Aug-21;82;26006
DK022;10-Aug-21;67;26073
DK022;11-Aug-21;78;26151
DK022;12-Aug-21;82;26233
DK022;13-Aug-21;93;26326
DK022;14-Aug-21;50;26376
DK022;15-Aug-21;47;26423
DK022;16-Aug-21;63;26486
DK022;17-Aug-21;59;26545
DK022;18-Aug-21;54;26599
DK022;19-Aug-21;60;26659
DK022;20-Aug-21;62;26721
DK022;21-Aug-21;35;26756
DK022;22-Aug-21;47;26803
DK022;23-Aug-21;59;26862
DK022;24-Aug-21;44;26906
DK022;25-Aug-21;64;26970
DK022;26-Aug-21;54;27024
DK022;27-Aug-21;51;27075
DK022;28-Aug-21;30;27105
DK022;29-Aug-21;45;27150
DK022;30-Aug-21;59;27209
DK022;31-Aug-21;40;27249
DK022;01-Sep-21;46;27295
DK022;02-Sep-21;51;27346
DK022;03-Sep-21;37;27383
DK022;04-Sep-21;15;27398
DK022;05-Sep-21;29;27427
DK022;06-Sep-21;59;27486
DK022;07-Sep-21;51;27537
DK022;08-Sep-21;42;27579
DK022;09-Sep-21;53;27632
DK022;10-Sep-21;39;27671
DK022;11-Sep-21;26;27697
DK022;12-Sep-21;29;27726
DK022;13-Sep-21;44;27770
DK022;14-Sep-21;31;27801
DK022;15-Sep-21;21;27822
DK022;16-Sep-21;20;27842
DK022;17-Sep-21;20;27862
DK022;18-Sep-21;12;27874
DK022;19-Sep-21;18;27892
DK022;20-Sep-21;47;27939
DK022;21-Sep-21;35;27974
DK022;22-Sep-21;26;28000
DK022;23-Sep-21;26;28026
DK022;24-Sep-21;22;28048
DK022;25-Sep-21;33;28081
DK022;26-Sep-21;21;28102
DK022;27-Sep-21;55;28157
DK022;28-Sep-21;32;28189
DK022;29-Sep-21;26;28215
DK022;30-Sep-21;34;28249
DK022;01-Oct-21;30;28279
DK022;02-Oct-21;27;28306
DK022;03-Oct-21;22;28328
DK022;04-Oct-21;53;28381
DK022;05-Oct-21;55;28436
DK022;06-Oct-21;38;28474
DK022;07-Oct-21;56;28530
DK022;08-Oct-21;57;28587
DK022;09-Oct-21;41;28628
DK022;10-Oct-21;30;28658
DK022;11-Oct-21;87;28745
DK022;12-Oct-21;73;28818
DK022;13-Oct-21;66;28884
DK022;14-Oct-21;80;28964
DK022;15-Oct-21;63;29027
DK022;16-Oct-21;48;29075
DK022;17-Oct-21;49;29124
DK022;18-Oct-21;106;29230
DK022;19-Oct-21;106;29336
DK022;20-Oct-21;89;29425
DK022;21-Oct-21;147;29572
DK022;22-Oct-21;84;29656
DK022;23-Oct-21;77;29733
DK022;24-Oct-21;93;29826
DK022;25-Oct-21;207;30033
DK022;26-Oct-21;222;30255
DK022;27-Oct-21;152;30407
DK022;28-Oct-21;185;30592
DK022;29-Oct-21;191;30783
DK022;30-Oct-21;103;30886
DK022;31-Oct-21;122;31008
DK022;01-Nov-21;237;31245
DK022;02-Nov-21;224;31469
DK022;03-Nov-21;230;31699
DK022;04-Nov-21;319;32018
DK022;05-Nov-21;245;32263
DK022;06-Nov-21;167;32430
DK022;07-Nov-21;184;32614
DK022;08-Nov-21;372;32986
DK022;09-Nov-21;332;33318
DK022;10-Nov-21;293;33611
DK022;11-Nov-21;408;34019
DK022;12-Nov-21;321;34340
DK022;13-Nov-21;203;34543
DK022;14-Nov-21;199;34742
DK022;15-Nov-21;521;35263
DK022;16-Nov-21;439;35702
DK022;17-Nov-21;312;36014
DK022;18-Nov-21;442;36456
DK022;19-Nov-21;396;36852
DK022;20-Nov-21;231;37083
DK022;21-Nov-21;272;37355
DK022;22-Nov-21;560;37915
DK022;23-Nov-21;564;38479
DK022;24-Nov-21;345;38824
DK022;25-Nov-21;471;39295
DK022;26-Nov-21;454;39749
DK022;27-Nov-21;245;39994
DK022;28-Nov-21;231;40225
DK022;29-Nov-21;694;40919
DK022;30-Nov-21;683;41602
DK022;01-Dec-21;374;41976
DK022;02-Dec-21;543;42519
DK022;03-Dec-21;563;43082
DK022;04-Dec-21;301;43383
DK022;05-Dec-21;350;43733
DK022;06-Dec-21;874;44607
DK022;07-Dec-21;864;45471
DK022;08-Dec-21;518;45989
DK022;09-Dec-21;660;46649
DK022;10-Dec-21;730;47379
DK022;11-Dec-21;468;47847
DK022;12-Dec-21;390;48237
DK022;13-Dec-21;1125;49362
DK022;14-Dec-21;1119;50481
DK022;15-Dec-21;780;51261
DK022;16-Dec-21;1031;52292
DK022;17-Dec-21;878;53170
DK022;18-Dec-21;628;53798
DK022;19-Dec-21;625;54423
DK022;20-Dec-21;1329;55752
DK022;21-Dec-21;1154;56906
DK022;22-Dec-21;890;57796
DK022;23-Dec-21;1046;58842
DK022;24-Dec-21;545;59387
DK022;25-Dec-21;609;59996
DK022;26-Dec-21;850;60846
DK022;27-Dec-21;2239;63085
DK022;28-Dec-21;2145;65230
DK022;29-Dec-21;1570;66800
DK022;30-Dec-21;1940;68740
DK022;31-Dec-21;793;69533
DK022;01-Jan-22;778;70311
DK022;02-Jan-22;1186;71497
DK022;03-Jan-22;2734;74231
DK022;04-Jan-22;2315;76546
DK022;05-Jan-22;1302;77848
DK022;06-Jan-22;1612;79460
DK022;07-Jan-22;1401;80861
DK022;08-Jan-22;1019;81880
DK022;09-Jan-22;1213;83093
DK022;10-Jan-22;2480;85573
DK022;11-Jan-22;2087;87660
DK022;12-Jan-22;1762;89422
DK022;13-Jan-22;2390;91812
DK022;14-Jan-22;2531;94343
DK022;15-Jan-22;1749;96092
DK022;16-Jan-22;2039;98131
DK022;17-Jan-22;4590;102721
DK022;18-Jan-22;4079;106800
DK022;19-Jan-22;3173;109973
DK022;20-Jan-22;4299;114272
DK022;21-Jan-22;4016;118288
DK022;22-Jan-22;2615;120903
DK022;23-Jan-22;2909;123812
DK022;24-Jan-22;6323;130135
DK022;25-Jan-22;5334;135469
DK022;26-Jan-22;3624;139093
DK022;27-Jan-22;4623;143716
DK022;28-Jan-22;3859;147575
DK022;29-Jan-22;2475;150050
DK022;30-Jan-22;2597;152647
DK022;31-Jan-22;5867;158514
DK022;01-Feb-22;4397;162911
DK022;02-Feb-22;3117;166028
DK022;03-Feb-22;4066;170094
DK022;04-Feb-22;3741;173835
DK022;05-Feb-22;2353;176188
DK022;06-Feb-22;2757;178945
DK022;07-Feb-22;5934;184879
DK022;08-Feb-22;5191;190070
DK022;09-Feb-22;4049;194119
DK022;10-Feb-22;4485;198604
DK022;11-Feb-22;3718;202322
DK022;12-Feb-22;2186;204508
DK022;13-Feb-22;2456;206964
DK022;14-Feb-22;4619;211583
DK022;15-Feb-22;4052;215635
DK022;16-Feb-22;2780;218415
DK022;17-Feb-22;3436;221851
DK022;18-Feb-22;2420;224271
DK022;19-Feb-22;1716;225987
DK022;20-Feb-22;1999;227986
DK022;21-Feb-22;3594;231580
DK022;22-Feb-22;2483;234063
DK022;23-Feb-22;1884;235947
DK022;24-Feb-22;2039;237986
DK022;25-Feb-22;1465;239451
DK022;26-Feb-22;1023;240474
DK022;27-Feb-22;1307;241781
DK022;28-Feb-22;2161;243942
DK022;01-Mar-22;1540;245482
DK022;02-Mar-22;1401;246883
DK022;03-Mar-22;1551;248434
DK022;04-Mar-22;1277;249711
DK022;05-Mar-22;749;250460
DK022;06-Mar-22;915;251375
DK022;07-Mar-22;1720;253095
DK022;08-Mar-22;1480;254575
DK022;09-Mar-22;1362;255937
DK022;10-Mar-22;1251;257188
DK022;11-Mar-22;791;257979
DK022;12-Mar-22;517;258496
DK022;13-Mar-22;623;259119
DK022;14-Mar-22;1202;260321
DK022;15-Mar-22;939;261260
DK022;16-Mar-22;845;262105
DK022;17-Mar-22;802;262907
DK022;18-Mar-22;635;263542
DK022;19-Mar-22;463;264005
DK022;20-Mar-22;478;264483
DK022;21-Mar-22;928;265411
DK022;22-Mar-22;668;266079
DK022;23-Mar-22;661;266740
DK022;24-Mar-22;551;267291
DK022;25-Mar-22;437;267728
DK022;26-Mar-22;264;267992
DK022;27-Mar-22;261;268253
DK022;28-Mar-22;624;268877
DK022;29-Mar-22;488;269365
DK022;30-Mar-22;474;269839
DK022;31-Mar-22;316;270155
DK022;01-Apr-22;294;270449
DK022;02-Apr-22;202;270651
DK022;03-Apr-22;216;270867
DK022;04-Apr-22;515;271382
DK022;05-Apr-22;373;271755
DK022;06-Apr-22;351;272106
DK022;07-Apr-22;340;272446
DK022;08-Apr-22;266;272712
DK022;09-Apr-22;152;272864
DK022;10-Apr-22;188;273052
DK022;11-Apr-22;371;273423
DK022;12-Apr-22;274;273697
DK022;13-Apr-22;289;273986
DK022;14-Apr-22;97;274083
DK022;15-Apr-22;182;274265
DK022;16-Apr-22;194;274459
DK022;17-Apr-22;76;274535
DK022;18-Apr-22;151;274686
DK022;19-Apr-22;395;275081
DK022;20-Apr-22;218;275299
DK022;21-Apr-22;169;275468
DK022;22-Apr-22;127;275595
DK022;23-Apr-22;80;275675
DK022;24-Apr-22;95;275770
DK022;25-Apr-22;185;275955
DK022;26-Apr-22;127;276082
DK022;27-Apr-22;126;276208
DK022;28-Apr-22;102;276310
DK022;29-Apr-22;79;276389
DK022;30-Apr-22;40;276429
DK022;01-May-22;104;276533
DK022;02-May-22;98;276631
DK022;03-May-22;112;276743
DK022;04-May-22;76;276819
DK022;05-May-22;111;276930
DK022;06-May-22;74;277004
DK022;07-May-22;46;277050
DK022;08-May-22;62;277112
DK022;09-May-22;91;277203
DK022;10-May-22;85;277288
DK022;11-May-22;87;277375
DK022;12-May-22;68;277443
DK022;13-May-22;25;277468
DK022;14-May-22;21;277489
DK022;15-May-22;57;277546
DK022;16-May-22;70;277616
DK022;17-May-22;71;277687
DK022;18-May-22;85;277772
DK022;19-May-22;51;277823
DK022;20-May-22;47;277870
DK022;21-May-22;20;277890
DK022;22-May-22;50;277940
DK022;23-May-22;57;277997
DK022;24-May-22;55;278052
DK022;25-May-22;62;278114
DK022;26-May-22;21;278135
DK022;27-May-22;60;278195
DK022;28-May-22;6;278201
DK022;29-May-22;65;278266
DK022;30-May-22;63;278329
DK022;31-May-22;61;278390
DK022;01-Jun-22;75;278465
DK022;02-Jun-22;64;278529
DK022;03-Jun-22;61;278590
DK022;04-Jun-22;4;278594
DK022;05-Jun-22;27;278621
DK022;06-Jun-22;43;278664
DK022;07-Jun-22;88;278752
DK022;08-Jun-22;89;278841
DK022;09-Jun-22;75;278916
DK022;10-Jun-22;75;278991
DK022;11-Jun-22;5;278996
DK022;12-Jun-22;115;279111
DK022;13-Jun-22;109;279220
DK022;14-Jun-22;120;279340
DK022;15-Jun-22;100;279440
DK022;16-Jun-22;139;279579
DK022;17-Jun-22;141;279720
DK022;18-Jun-22;25;279745
DK022;19-Jun-22;52;279797
DK022;20-Jun-22;247;280044
DK022;21-Jun-22;172;280216
DK022;22-Jun-22;162;280378
DK022;23-Jun-22;140;280518
DK022;24-Jun-22;120;280638
DK022;25-Jun-22;25;280663
DK022;26-Jun-22;89;280752
DK022;27-Jun-22;303;281055
DK022;28-Jun-22;190;281245
DK022;29-Jun-22;179;281424
DK022;30-Jun-22;164;281588
DK022;01-Jul-22;140;281728
DK022;02-Jul-22;65;281793
DK022;03-Jul-22;140;281933
DK022;04-Jul-22;252;282185
DK022;05-Jul-22;271;282456
DK022;06-Jul-22;248;282704
DK022;07-Jul-22;208;282912
DK022;08-Jul-22;188;283100
DK022;09-Jul-22;90;283190
DK022;10-Jul-22;192;283382
DK022;11-Jul-22;416;283798
DK022;12-Jul-22;276;284074
DK022;13-Jul-22;308;284382
DK022;14-Jul-22;289;284671
DK022;15-Jul-22;225;284896
DK022;16-Jul-22;111;285007
DK022;17-Jul-22;264;285271
DK022;18-Jul-22;331;285602
DK022;19-Jul-22;314;285916
DK022;20-Jul-22;250;286166
DK022;21-Jul-22;264;286430
DK022;22-Jul-22;221;286651
DK022;23-Jul-22;69;286720
DK022;24-Jul-22;171;286891
DK022;25-Jul-22;242;287133
DK022;26-Jul-22;216;287349
DK022;27-Jul-22;184;287533
DK022;28-Jul-22;170;287703
DK022;29-Jul-22;150;287853
DK022;30-Jul-22;104;287957
DK022;31-Jul-22;178;288135
DK022;01-Aug-22;271;288406
DK022;02-Aug-22;234;288640
DK022;03-Aug-22;215;288855
DK022;04-Aug-22;197;289052
DK022;05-Aug-22;159;289211
DK022;06-Aug-22;93;289304
DK022;07-Aug-22;127;289431
DK022;08-Aug-22;232;289663
DK022;09-Aug-22;224;289887
DK022;10-Aug-22;251;290138
DK022;11-Aug-22;174;290312
DK022;12-Aug-22;176;290488
DK022;13-Aug-22;99;290587
DK022;14-Aug-22;154;290741
DK022;15-Aug-22;225;290966
DK022;16-Aug-22;174;291140
DK022;17-Aug-22;198;291338
DK022;18-Aug-22;154;291492
DK022;19-Aug-22;158;291650
DK022;20-Aug-22;52;291702
DK022;21-Aug-22;102;291804
DK022;22-Aug-22;79;291883
DK022;23-Aug-22;136;292019
DK022;24-Aug-22;138;292157
DK022;25-Aug-22;115;292272
DK022;26-Aug-22;91;292363
DK022;27-Aug-22;37;292400
DK022;28-Aug-22;75;292475
DK022;29-Aug-22;123;292598
DK022;30-Aug-22;81;292679
DK022;31-Aug-22;97;292776
DK022;01-Sep-22;101;292877
DK022;02-Sep-22;62;292939
DK022;03-Sep-22;31;292970
DK022;04-Sep-22;81;293051
DK022;05-Sep-22;130;293181
DK022;06-Sep-22;85;293266
DK022;07-Sep-22;102;293368
DK022;08-Sep-22;113;293481
DK031;02-Mar-20;1;1
DK031;08-Mar-20;1;2
DK031;09-Mar-20;20;22
DK031;10-Mar-20;11;33
DK031;11-Mar-20;14;47
DK031;12-Mar-20;6;53
DK031;13-Mar-20;1;54
DK031;14-Mar-20;3;57
DK031;15-Mar-20;2;59
DK031;16-Mar-20;5;64
DK031;17-Mar-20;2;66
DK031;18-Mar-20;2;68
DK031;19-Mar-20;5;73
DK031;20-Mar-20;4;77
DK031;21-Mar-20;2;79
DK031;22-Mar-20;2;81
DK031;23-Mar-20;9;90
DK031;24-Mar-20;12;102
DK031;25-Mar-20;7;109
DK031;26-Mar-20;9;118
DK031;27-Mar-20;13;131
DK031;28-Mar-20;10;141
DK031;29-Mar-20;3;144
DK031;30-Mar-20;20;164
DK031;31-Mar-20;13;177
DK031;01-Apr-20;14;191
DK031;02-Apr-20;23;214
DK031;03-Apr-20;27;241
DK031;04-Apr-20;5;246
DK031;05-Apr-20;4;250
DK031;06-Apr-20;23;273
DK031;07-Apr-20;15;288
DK031;08-Apr-20;9;297
DK031;09-Apr-20;6;303
DK031;10-Apr-20;7;310
DK031;11-Apr-20;6;316
DK031;12-Apr-20;9;325
DK031;13-Apr-20;2;327
DK031;14-Apr-20;17;344
DK031;15-Apr-20;8;352
DK031;16-Apr-20;14;366
DK031;17-Apr-20;5;371
DK031;18-Apr-20;2;373
DK031;19-Apr-20;3;376
DK031;20-Apr-20;3;379
DK031;21-Apr-20;7;386
DK031;22-Apr-20;1;387
DK031;23-Apr-20;2;389
DK031;24-Apr-20;1;390
DK031;25-Apr-20;8;398
DK031;26-Apr-20;2;400
DK031;27-Apr-20;2;402
DK031;30-Apr-20;2;404
DK031;01-May-20;1;405
DK031;02-May-20;5;410
DK031;03-May-20;5;415
DK031;05-May-20;2;417
DK031;08-May-20;2;419
DK031;10-May-20;2;421
DK031;11-May-20;7;428
DK031;12-May-20;4;432
DK031;13-May-20;4;436
DK031;14-May-20;3;439
DK031;15-May-20;8;447
DK031;16-May-20;1;448
DK031;17-May-20;1;449
DK031;18-May-20;6;455
DK031;19-May-20;3;458
DK031;20-May-20;3;461
DK031;22-May-20;3;464
DK031;24-May-20;1;465
DK031;28-May-20;2;467
DK031;29-May-20;3;470
DK031;30-May-20;1;471
DK031;01-Jun-20;2;473
DK031;02-Jun-20;4;477
DK031;03-Jun-20;1;478
DK031;04-Jun-20;2;480
DK031;05-Jun-20;1;481
DK031;08-Jun-20;6;487
DK031;09-Jun-20;3;490
DK031;10-Jun-20;1;491
DK031;17-Jun-20;2;493
DK031;23-Jun-20;1;494
DK031;24-Jun-20;5;499
DK031;25-Jun-20;1;500
DK031;26-Jun-20;1;501
DK031;29-Jun-20;1;502
DK031;04-Jul-20;2;504
DK031;10-Jul-20;1;505
DK031;13-Jul-20;2;507
DK031;14-Jul-20;2;509
DK031;15-Jul-20;1;510
DK031;16-Jul-20;2;512
DK031;23-Jul-20;1;513
DK031;24-Jul-20;1;514
DK031;25-Jul-20;2;516
DK031;26-Jul-20;3;519
DK031;27-Jul-20;5;524
DK031;28-Jul-20;2;526
DK031;29-Jul-20;5;531
DK031;30-Jul-20;5;536
DK031;31-Jul-20;6;542
DK031;01-Aug-20;2;544
DK031;03-Aug-20;3;547
DK031;04-Aug-20;6;553
DK031;05-Aug-20;6;559
DK031;06-Aug-20;8;567
DK031;07-Aug-20;1;568
DK031;08-Aug-20;3;571
DK031;09-Aug-20;5;576
DK031;10-Aug-20;9;585
DK031;11-Aug-20;3;588
DK031;12-Aug-20;2;590
DK031;13-Aug-20;6;596
DK031;14-Aug-20;10;606
DK031;15-Aug-20;6;612
DK031;16-Aug-20;5;617
DK031;17-Aug-20;7;624
DK031;18-Aug-20;7;631
DK031;19-Aug-20;4;635
DK031;20-Aug-20;4;639
DK031;21-Aug-20;7;646
DK031;22-Aug-20;6;652
DK031;23-Aug-20;2;654
DK031;24-Aug-20;4;658
DK031;25-Aug-20;2;660
DK031;26-Aug-20;7;667
DK031;27-Aug-20;7;674
DK031;28-Aug-20;17;691
DK031;29-Aug-20;6;697
DK031;30-Aug-20;12;709
DK031;31-Aug-20;15;724
DK031;01-Sep-20;36;760
DK031;02-Sep-20;23;783
DK031;03-Sep-20;19;802
DK031;04-Sep-20;20;822
DK031;05-Sep-20;30;852
DK031;06-Sep-20;15;867
DK031;07-Sep-20;17;884
DK031;08-Sep-20;32;916
DK031;09-Sep-20;33;949
DK031;10-Sep-20;31;980
DK031;11-Sep-20;22;1002
DK031;12-Sep-20;11;1013
DK031;13-Sep-20;20;1033
DK031;14-Sep-20;14;1047
DK031;15-Sep-20;13;1060
DK031;16-Sep-20;16;1076
DK031;17-Sep-20;27;1103
DK031;18-Sep-20;14;1117
DK031;19-Sep-20;10;1127
DK031;20-Sep-20;12;1139
DK031;21-Sep-20;19;1158
DK031;22-Sep-20;27;1185
DK031;23-Sep-20;28;1213
DK031;24-Sep-20;34;1247
DK031;25-Sep-20;27;1274
DK031;26-Sep-20;12;1286
DK031;27-Sep-20;16;1302
DK031;28-Sep-20;17;1319
DK031;29-Sep-20;16;1335
DK031;30-Sep-20;30;1365
DK031;01-Oct-20;20;1385
DK031;02-Oct-20;19;1404
DK031;03-Oct-20;26;1430
DK031;04-Oct-20;16;1446
DK031;05-Oct-20;35;1481
DK031;06-Oct-20;24;1505
DK031;07-Oct-20;17;1522
DK031;08-Oct-20;24;1546
DK031;09-Oct-20;22;1568
DK031;10-Oct-20;16;1584
DK031;11-Oct-20;8;1592
DK031;12-Oct-20;27;1619
DK031;13-Oct-20;34;1653
DK031;14-Oct-20;30;1683
DK031;15-Oct-20;37;1720
DK031;16-Oct-20;29;1749
DK031;17-Oct-20;25;1774
DK031;18-Oct-20;28;1802
DK031;19-Oct-20;53;1855
DK031;20-Oct-20;47;1902
DK031;21-Oct-20;55;1957
DK031;22-Oct-20;65;2022
DK031;23-Oct-20;57;2079
DK031;24-Oct-20;48;2127
DK031;25-Oct-20;74;2201
DK031;26-Oct-20;62;2263
DK031;27-Oct-20;69;2332
DK031;28-Oct-20;64;2396
DK031;29-Oct-20;49;2445
DK031;30-Oct-20;51;2496
DK031;31-Oct-20;36;2532
DK031;01-Nov-20;73;2605
DK031;02-Nov-20;54;2659
DK031;03-Nov-20;47;2706
DK031;04-Nov-20;60;2766
DK031;05-Nov-20;46;2812
DK031;06-Nov-20;50;2862
DK031;07-Nov-20;45;2907
DK031;08-Nov-20;48;2955
DK031;09-Nov-20;55;3010
DK031;10-Nov-20;41;3051
DK031;11-Nov-20;42;3093
DK031;12-Nov-20;44;3137
DK031;13-Nov-20;45;3182
DK031;14-Nov-20;74;3256
DK031;15-Nov-20;59;3315
DK031;16-Nov-20;63;3378
DK031;17-Nov-20;89;3467
DK031;18-Nov-20;72;3539
DK031;19-Nov-20;88;3627
DK031;20-Nov-20;76;3703
DK031;21-Nov-20;58;3761
DK031;22-Nov-20;72;3833
DK031;23-Nov-20;88;3921
DK031;24-Nov-20;90;4011
DK031;25-Nov-20;65;4076
DK031;26-Nov-20;84;4160
DK031;27-Nov-20;108;4268
DK031;28-Nov-20;72;4340
DK031;29-Nov-20;67;4407
DK031;30-Nov-20;118;4525
DK031;01-Dec-20;107;4632
DK031;02-Dec-20;112;4744
DK031;03-Dec-20;143;4887
DK031;04-Dec-20;105;4992
DK031;05-Dec-20;79;5071
DK031;06-Dec-20;117;5188
DK031;07-Dec-20;166;5354
DK031;08-Dec-20;192;5546
DK031;09-Dec-20;174;5720
DK031;10-Dec-20;148;5868
DK031;11-Dec-20;188;6056
DK031;12-Dec-20;166;6222
DK031;13-Dec-20;168;6390
DK031;14-Dec-20;218;6608
DK031;15-Dec-20;274;6882
DK031;16-Dec-20;282;7164
DK031;17-Dec-20;239;7403
DK031;18-Dec-20;195;7598
DK031;19-Dec-20;190;7788
DK031;20-Dec-20;173;7961
DK031;21-Dec-20;195;8156
DK031;22-Dec-20;148;8304
DK031;23-Dec-20;176;8480
DK031;24-Dec-20;76;8556
DK031;25-Dec-20;89;8645
DK031;26-Dec-20;133;8778
DK031;27-Dec-20;109;8887
DK031;28-Dec-20;146;9033
DK031;29-Dec-20;104;9137
DK031;30-Dec-20;149;9286
DK031;31-Dec-20;63;9349
DK031;01-Jan-21;70;9419
DK031;02-Jan-21;123;9542
DK031;03-Jan-21;83;9625
DK031;04-Jan-21;136;9761
DK031;05-Jan-21;104;9865
DK031;06-Jan-21;72;9937
DK031;07-Jan-21;105;10042
DK031;08-Jan-21;86;10128
DK031;09-Jan-21;58;10186
DK031;10-Jan-21;74;10260
DK031;11-Jan-21;82;10342
DK031;12-Jan-21;69;10411
DK031;13-Jan-21;61;10472
DK031;14-Jan-21;63;10535
DK031;15-Jan-21;44;10579
DK031;16-Jan-21;50;10629
DK031;17-Jan-21;44;10673
DK031;18-Jan-21;49;10722
DK031;19-Jan-21;52;10774
DK031;20-Jan-21;39;10813
DK031;21-Jan-21;51;10864
DK031;22-Jan-21;53;10917
DK031;23-Jan-21;40;10957
DK031;24-Jan-21;27;10984
DK031;25-Jan-21;53;11037
DK031;26-Jan-21;46;11083
DK031;27-Jan-21;27;11110
DK031;28-Jan-21;28;11138
DK031;29-Jan-21;29;11167
DK031;30-Jan-21;30;11197
DK031;31-Jan-21;27;11224
DK031;01-Feb-21;39;11263
DK031;02-Feb-21;49;11312
DK031;03-Feb-21;50;11362
DK031;04-Feb-21;35;11397
DK031;05-Feb-21;39;11436
DK031;06-Feb-21;49;11485
DK031;07-Feb-21;33;11518
DK031;08-Feb-21;38;11556
DK031;09-Feb-21;35;11591
DK031;10-Feb-21;27;11618
DK031;11-Feb-21;28;11646
DK031;12-Feb-21;17;11663
DK031;13-Feb-21;26;11689
DK031;14-Feb-21;45;11734
DK031;15-Feb-21;31;11765
DK031;16-Feb-21;65;11830
DK031;17-Feb-21;55;11885
DK031;18-Feb-21;65;11950
DK031;19-Feb-21;42;11992
DK031;20-Feb-21;43;12035
DK031;21-Feb-21;68;12103
DK031;22-Feb-21;83;12186
DK031;23-Feb-21;51;12237
DK031;24-Feb-21;55;12292
DK031;25-Feb-21;49;12341
DK031;26-Feb-21;59;12400
DK031;27-Feb-21;38;12438
DK031;28-Feb-21;57;12495
DK031;01-Mar-21;47;12542
DK031;02-Mar-21;55;12597
DK031;03-Mar-21;40;12637
DK031;04-Mar-21;41;12678
DK031;05-Mar-21;38;12716
DK031;06-Mar-21;39;12755
DK031;07-Mar-21;40;12795
DK031;08-Mar-21;38;12833
DK031;09-Mar-21;49;12882
DK031;10-Mar-21;44;12926
DK031;11-Mar-21;42;12968
DK031;12-Mar-21;35;13003
DK031;13-Mar-21;27;13030
DK031;14-Mar-21;52;13082
DK031;15-Mar-21;68;13150
DK031;16-Mar-21;66;13216
DK031;17-Mar-21;83;13299
DK031;18-Mar-21;66;13365
DK031;19-Mar-21;51;13416
DK031;20-Mar-21;52;13468
DK031;21-Mar-21;49;13517
DK031;22-Mar-21;84;13601
DK031;23-Mar-21;65;13666
DK031;24-Mar-21;69;13735
DK031;25-Mar-21;57;13792
DK031;26-Mar-21;55;13847
DK031;27-Mar-21;34;13881
DK031;28-Mar-21;57;13938
DK031;29-Mar-21;68;14006
DK031;30-Mar-21;59;14065
DK031;31-Mar-21;50;14115
DK031;01-Apr-21;44;14159
DK031;02-Apr-21;40;14199
DK031;03-Apr-21;28;14227
DK031;04-Apr-21;31;14258
DK031;05-Apr-21;35;14293
DK031;06-Apr-21;58;14351
DK031;07-Apr-21;45;14396
DK031;08-Apr-21;33;14429
DK031;09-Apr-21;44;14473
DK031;10-Apr-21;21;14494
DK031;11-Apr-21;32;14526
DK031;12-Apr-21;27;14553
DK031;13-Apr-21;28;14581
DK031;14-Apr-21;23;14604
DK031;15-Apr-21;35;14639
DK031;16-Apr-21;36;14675
DK031;17-Apr-21;31;14706
DK031;18-Apr-21;28;14734
DK031;19-Apr-21;29;14763
DK031;20-Apr-21;32;14795
DK031;21-Apr-21;20;14815
DK031;22-Apr-21;33;14848
DK031;23-Apr-21;21;14869
DK031;24-Apr-21;13;14882
DK031;25-Apr-21;22;14904
DK031;26-Apr-21;30;14934
DK031;27-Apr-21;25;14959
DK031;28-Apr-21;20;14979
DK031;29-Apr-21;36;15015
DK031;30-Apr-21;37;15052
DK031;01-May-21;25;15077
DK031;02-May-21;26;15103
DK031;03-May-21;29;15132
DK031;04-May-21;40;15172
DK031;05-May-21;32;15204
DK031;06-May-21;39;15243
DK031;07-May-21;40;15283
DK031;08-May-21;31;15314
DK031;09-May-21;28;15342
DK031;10-May-21;46;15388
DK031;11-May-21;58;15446
DK031;12-May-21;31;15477
DK031;13-May-21;39;15516
DK031;14-May-21;39;15555
DK031;15-May-21;41;15596
DK031;16-May-21;34;15630
DK031;17-May-21;69;15699
DK031;18-May-21;59;15758
DK031;19-May-21;50;15808
DK031;20-May-21;74;15882
DK031;21-May-21;38;15920
DK031;22-May-21;46;15966
DK031;23-May-21;40;16006
DK031;24-May-21;34;16040
DK031;25-May-21;60;16100
DK031;26-May-21;52;16152
DK031;27-May-21;63;16215
DK031;28-May-21;78;16293
DK031;29-May-21;58;16351
DK031;30-May-21;45;16396
DK031;31-May-21;62;16458
DK031;01-Jun-21;37;16495
DK031;02-Jun-21;34;16529
DK031;03-Jun-21;28;16557
DK031;04-Jun-21;31;16588
DK031;05-Jun-21;18;16606
DK031;06-Jun-21;24;16630
DK031;07-Jun-21;32;16662
DK031;08-Jun-21;26;16688
DK031;09-Jun-21;23;16711
DK031;10-Jun-21;22;16733
DK031;11-Jun-21;9;16742
DK031;12-Jun-21;6;16748
DK031;13-Jun-21;13;16761
DK031;14-Jun-21;10;16771
DK031;15-Jun-21;11;16782
DK031;16-Jun-21;5;16787
DK031;17-Jun-21;8;16795
DK031;18-Jun-21;3;16798
DK031;19-Jun-21;6;16804
DK031;20-Jun-21;2;16806
DK031;21-Jun-21;12;16818
DK031;22-Jun-21;13;16831
DK031;23-Jun-21;9;16840
DK031;24-Jun-21;8;16848
DK031;25-Jun-21;6;16854
DK031;26-Jun-21;7;16861
DK031;27-Jun-21;5;16866
DK031;28-Jun-21;4;16870
DK031;29-Jun-21;8;16878
DK031;30-Jun-21;5;16883
DK031;01-Jul-21;6;16889
DK031;02-Jul-21;5;16894
DK031;03-Jul-21;4;16898
DK031;04-Jul-21;10;16908
DK031;05-Jul-21;11;16919
DK031;06-Jul-21;16;16935
DK031;07-Jul-21;22;16957
DK031;08-Jul-21;19;16976
DK031;09-Jul-21;24;17000
DK031;10-Jul-21;36;17036
DK031;11-Jul-21;46;17082
DK031;12-Jul-21;50;17132
DK031;13-Jul-21;69;17201
DK031;14-Jul-21;57;17258
DK031;15-Jul-21;52;17310
DK031;16-Jul-21;36;17346
DK031;17-Jul-21;44;17390
DK031;18-Jul-21;45;17435
DK031;19-Jul-21;39;17474
DK031;20-Jul-21;46;17520
DK031;21-Jul-21;40;17560
DK031;22-Jul-21;32;17592
DK031;23-Jul-21;38;17630
DK031;24-Jul-21;33;17663
DK031;25-Jul-21;47;17710
DK031;26-Jul-21;60;17770
DK031;27-Jul-21;42;17812
DK031;28-Jul-21;44;17856
DK031;29-Jul-21;46;17902
DK031;30-Jul-21;30;17932
DK031;31-Jul-21;35;17967
DK031;01-Aug-21;51;18018
DK031;02-Aug-21;39;18057
DK031;03-Aug-21;67;18124
DK031;04-Aug-21;51;18175
DK031;05-Aug-21;72;18247
DK031;06-Aug-21;47;18294
DK031;07-Aug-21;51;18345
DK031;08-Aug-21;62;18407
DK031;09-Aug-21;66;18473
DK031;10-Aug-21;77;18550
DK031;11-Aug-21;60;18610
DK031;12-Aug-21;49;18659
DK031;13-Aug-21;56;18715
DK031;14-Aug-21;70;18785
DK031;15-Aug-21;65;18850
DK031;16-Aug-21;81;18931
DK031;17-Aug-21;70;19001
DK031;18-Aug-21;64;19065
DK031;19-Aug-21;69;19134
DK031;20-Aug-21;59;19193
DK031;21-Aug-21;53;19246
DK031;22-Aug-21;62;19308
DK031;23-Aug-21;71;19379
DK031;24-Aug-21;73;19452
DK031;25-Aug-21;64;19516
DK031;26-Aug-21;65;19581
DK031;27-Aug-21;47;19628
DK031;28-Aug-21;37;19665
DK031;29-Aug-21;55;19720
DK031;30-Aug-21;54;19774
DK031;31-Aug-21;60;19834
DK031;01-Sep-21;41;19875
DK031;02-Sep-21;25;19900
DK031;03-Sep-21;23;19923
DK031;04-Sep-21;31;19954
DK031;05-Sep-21;16;19970
DK031;06-Sep-21;41;20011
DK031;07-Sep-21;36;20047
DK031;08-Sep-21;21;20068
DK031;09-Sep-21;47;20115
DK031;10-Sep-21;27;20142
DK031;11-Sep-21;21;20163
DK031;12-Sep-21;14;20177
DK031;13-Sep-21;20;20197
DK031;14-Sep-21;16;20213
DK031;15-Sep-21;13;20226
DK031;16-Sep-21;25;20251
DK031;17-Sep-21;29;20280
DK031;18-Sep-21;17;20297
DK031;19-Sep-21;28;20325
DK031;20-Sep-21;31;20356
DK031;21-Sep-21;31;20387
DK031;22-Sep-21;22;20409
DK031;23-Sep-21;27;20436
DK031;24-Sep-21;20;20456
DK031;25-Sep-21;14;20470
DK031;26-Sep-21;15;20485
DK031;27-Sep-21;18;20503
DK031;28-Sep-21;29;20532
DK031;29-Sep-21;15;20547
DK031;30-Sep-21;27;20574
DK031;01-Oct-21;22;20596
DK031;02-Oct-21;10;20606
DK031;03-Oct-21;13;20619
DK031;04-Oct-21;20;20639
DK031;05-Oct-21;18;20657
DK031;06-Oct-21;19;20676
DK031;07-Oct-21;20;20696
DK031;08-Oct-21;16;20712
DK031;09-Oct-21;18;20730
DK031;10-Oct-21;24;20754
DK031;11-Oct-21;37;20791
DK031;12-Oct-21;27;20818
DK031;13-Oct-21;19;20837
DK031;14-Oct-21;34;20871
DK031;15-Oct-21;23;20894
DK031;16-Oct-21;25;20919
DK031;17-Oct-21;21;20940
DK031;18-Oct-21;32;20972
DK031;19-Oct-21;36;21008
DK031;20-Oct-21;59;21067
DK031;21-Oct-21;62;21129
DK031;22-Oct-21;60;21189
DK031;23-Oct-21;50;21239
DK031;24-Oct-21;78;21317
DK031;25-Oct-21;85;21402
DK031;26-Oct-21;113;21515
DK031;27-Oct-21;100;21615
DK031;28-Oct-21;100;21715
DK031;29-Oct-21;91;21806
DK031;30-Oct-21;71;21877
DK031;31-Oct-21;125;22002
DK031;01-Nov-21;122;22124
DK031;02-Nov-21;131;22255
DK031;03-Nov-21;117;22372
DK031;04-Nov-21;131;22503
DK031;05-Nov-21;147;22650
DK031;06-Nov-21;115;22765
DK031;07-Nov-21;143;22908
DK031;08-Nov-21;211;23119
DK031;09-Nov-21;269;23388
DK031;10-Nov-21;214;23602
DK031;11-Nov-21;272;23874
DK031;12-Nov-21;191;24065
DK031;13-Nov-21;180;24245
DK031;14-Nov-21;239;24484
DK031;15-Nov-21;305;24789
DK031;16-Nov-21;280;25069
DK031;17-Nov-21;241;25310
DK031;18-Nov-21;260;25570
DK031;19-Nov-21;293;25863
DK031;20-Nov-21;256;26119
DK031;21-Nov-21;293;26412
DK031;22-Nov-21;274;26686
DK031;23-Nov-21;335;27021
DK031;24-Nov-21;271;27292
DK031;25-Nov-21;276;27568
DK031;26-Nov-21;237;27805
DK031;27-Nov-21;246;28051
DK031;28-Nov-21;246;28297
DK031;29-Nov-21;286;28583
DK031;30-Nov-21;348;28931
DK031;01-Dec-21;298;29229
DK031;02-Dec-21;316;29545
DK031;03-Dec-21;321;29866
DK031;04-Dec-21;368;30234
DK031;05-Dec-21;297;30531
DK031;06-Dec-21;390;30921
DK031;07-Dec-21;409;31330
DK031;08-Dec-21;393;31723
DK031;09-Dec-21;405;32128
DK031;10-Dec-21;419;32547
DK031;11-Dec-21;427;32974
DK031;12-Dec-21;460;33434
DK031;13-Dec-21;630;34064
DK031;14-Dec-21;663;34727
DK031;15-Dec-21;608;35335
DK031;16-Dec-21;561;35896
DK031;17-Dec-21;647;36543
DK031;18-Dec-21;658;37201
DK031;19-Dec-21;632;37833
DK031;20-Dec-21;742;38575
DK031;21-Dec-21;754;39329
DK031;22-Dec-21;676;40005
DK031;23-Dec-21;756;40761
DK031;24-Dec-21;664;41425
DK031;25-Dec-21;661;42086
DK031;26-Dec-21;971;43057
DK031;27-Dec-21;1581;44638
DK031;28-Dec-21;1643;46281
DK031;29-Dec-21;1250;47531
DK031;30-Dec-21;1585;49116
DK031;31-Dec-21;1075;50191
DK031;01-Jan-22;772;50963
DK031;02-Jan-22;1468;52431
DK031;03-Jan-22;1956;54387
DK031;04-Jan-22;2129;56516
DK031;05-Jan-22;1444;57960
DK031;06-Jan-22;1304;59264
DK031;07-Jan-22;1210;60474
DK031;08-Jan-22;1049;61523
DK031;09-Jan-22;1372;62895
DK031;10-Jan-22;1676;64571
DK031;11-Jan-22;1830;66401
DK031;12-Jan-22;1815;68216
DK031;13-Jan-22;2056;70272
DK031;14-Jan-22;2138;72410
DK031;15-Jan-22;2036;74446
DK031;16-Jan-22;2488;76934
DK031;17-Jan-22;3298;80232
DK031;18-Jan-22;3683;83915
DK031;19-Jan-22;3299;87214
DK031;20-Jan-22;3308;90522
DK031;21-Jan-22;3584;94106
DK031;22-Jan-22;3134;97240
DK031;23-Jan-22;3477;100717
DK031;24-Jan-22;4931;105648
DK031;25-Jan-22;4777;110425
DK031;26-Jan-22;3963;114388
DK031;27-Jan-22;3768;118156
DK031;28-Jan-22;3530;121686
DK031;29-Jan-22;3216;124902
DK031;30-Jan-22;3488;128390
DK031;31-Jan-22;4427;132817
DK031;01-Feb-22;4360;137177
DK031;02-Feb-22;3548;140725
DK031;03-Feb-22;3681;144406
DK031;04-Feb-22;3604;148010
DK031;05-Feb-22;2960;150970
DK031;06-Feb-22;4139;155109
DK031;07-Feb-22;4991;160100
DK031;08-Feb-22;5473;165573
DK031;09-Feb-22;4325;169898
DK031;10-Feb-22;4419;174317
DK031;11-Feb-22;3600;177917
DK031;12-Feb-22;3055;180972
DK031;13-Feb-22;3131;184103
DK031;14-Feb-22;3833;187936
DK031;15-Feb-22;4011;191947
DK031;16-Feb-22;3095;195042
DK031;17-Feb-22;3323;198365
DK031;18-Feb-22;2609;200974
DK031;19-Feb-22;2403;203377
DK031;20-Feb-22;2652;206029
DK031;21-Feb-22;2998;209027
DK031;22-Feb-22;2629;211656
DK031;23-Feb-22;2113;213769
DK031;24-Feb-22;2067;215836
DK031;25-Feb-22;1642;217478
DK031;26-Feb-22;1347;218825
DK031;27-Feb-22;1496;220321
DK031;28-Feb-22;1949;222270
DK031;01-Mar-22;1896;224166
DK031;02-Mar-22;1536;225702
DK031;03-Mar-22;1695;227397
DK031;04-Mar-22;1377;228774
DK031;05-Mar-22;1144;229918
DK031;06-Mar-22;1274;231192
DK031;07-Mar-22;1593;232785
DK031;08-Mar-22;1671;234456
DK031;09-Mar-22;1288;235744
DK031;10-Mar-22;1337;237081
DK031;11-Mar-22;804;237885
DK031;12-Mar-22;660;238545
DK031;13-Mar-22;817;239362
DK031;14-Mar-22;987;240349
DK031;15-Mar-22;892;241241
DK031;16-Mar-22;813;242054
DK031;17-Mar-22;687;242741
DK031;18-Mar-22;566;243307
DK031;19-Mar-22;489;243796
DK031;20-Mar-22;501;244297
DK031;21-Mar-22;702;244999
DK031;22-Mar-22;648;245647
DK031;23-Mar-22;552;246199
DK031;24-Mar-22;500;246699
DK031;25-Mar-22;452;247151
DK031;26-Mar-22;270;247421
DK031;27-Mar-22;300;247721
DK031;28-Mar-22;497;248218
DK031;29-Mar-22;422;248640
DK031;30-Mar-22;319;248959
DK031;31-Mar-22;325;249284
DK031;01-Apr-22;314;249598
DK031;02-Apr-22;189;249787
DK031;03-Apr-22;237;250024
DK031;04-Apr-22;334;250358
DK031;05-Apr-22;270;250628
DK031;06-Apr-22;267;250895
DK031;07-Apr-22;279;251174
DK031;08-Apr-22;239;251413
DK031;09-Apr-22;161;251574
DK031;10-Apr-22;165;251739
DK031;11-Apr-22;233;251972
DK031;12-Apr-22;217;252189
DK031;13-Apr-22;200;252389
DK031;14-Apr-22;152;252541
DK031;15-Apr-22;178;252719
DK031;16-Apr-22;110;252829
DK031;17-Apr-22;108;252937
DK031;18-Apr-22;150;253087
DK031;19-Apr-22;175;253262
DK031;20-Apr-22;150;253412
DK031;21-Apr-22;134;253546
DK031;22-Apr-22;125;253671
DK031;23-Apr-22;98;253769
DK031;24-Apr-22;65;253834
DK031;25-Apr-22;131;253965
DK031;26-Apr-22;110;254075
DK031;27-Apr-22;80;254155
DK031;28-Apr-22;78;254233
DK031;29-Apr-22;80;254313
DK031;30-Apr-22;67;254380
DK031;01-May-22;67;254447
DK031;02-May-22;104;254551
DK031;03-May-22;79;254630
DK031;04-May-22;68;254698
DK031;05-May-22;61;254759
DK031;06-May-22;57;254816
DK031;07-May-22;46;254862
DK031;08-May-22;52;254914
DK031;09-May-22;87;255001
DK031;10-May-22;69;255070
DK031;11-May-22;73;255143
DK031;12-May-22;55;255198
DK031;13-May-22;40;255238
DK031;14-May-22;43;255281
DK031;15-May-22;43;255324
DK031;16-May-22;85;255409
DK031;17-May-22;75;255484
DK031;18-May-22;36;255520
DK031;19-May-22;44;255564
DK031;20-May-22;34;255598
DK031;21-May-22;29;255627
DK031;22-May-22;34;255661
DK031;23-May-22;47;255708
DK031;24-May-22;48;255756
DK031;25-May-22;44;255800
DK031;26-May-22;18;255818
DK031;27-May-22;27;255845
DK031;28-May-22;29;255874
DK031;29-May-22;23;255897
DK031;30-May-22;76;255973
DK031;31-May-22;58;256031
DK031;01-Jun-22;50;256081
DK031;02-Jun-22;34;256115
DK031;03-Jun-22;26;256141
DK031;04-Jun-22;10;256151
DK031;05-Jun-22;30;256181
DK031;06-Jun-22;46;256227
DK031;07-Jun-22;84;256311
DK031;08-Jun-22;78;256389
DK031;09-Jun-22;58;256447
DK031;10-Jun-22;45;256492
DK031;11-Jun-22;40;256532
DK031;12-Jun-22;88;256620
DK031;13-Jun-22;93;256713
DK031;14-Jun-22;119;256832
DK031;15-Jun-22;95;256927
DK031;16-Jun-22;108;257035
DK031;17-Jun-22;66;257101
DK031;18-Jun-22;47;257148
DK031;19-Jun-22;132;257280
DK031;20-Jun-22;121;257401
DK031;21-Jun-22;178;257579
DK031;22-Jun-22;133;257712
DK031;23-Jun-22;114;257826
DK031;24-Jun-22;49;257875
DK031;25-Jun-22;34;257909
DK031;26-Jun-22;9;257918
DK031;27-Jun-22;309;258227
DK031;28-Jun-22;315;258542
DK031;29-Jun-22;324;258866
DK031;30-Jun-22;271;259137
DK031;01-Jul-22;78;259215
DK031;02-Jul-22;83;259298
DK031;03-Jul-22;248;259546
DK031;04-Jul-22;238;259784
DK031;05-Jul-22;259;260043
DK031;06-Jul-22;280;260323
DK031;07-Jul-22;234;260557
DK031;08-Jul-22;101;260658
DK031;09-Jul-22;78;260736
DK031;10-Jul-22;283;261019
DK031;11-Jul-22;212;261231
DK031;12-Jul-22;267;261498
DK031;13-Jul-22;235;261733
DK031;14-Jul-22;187;261920
DK031;15-Jul-22;84;262004
DK031;16-Jul-22;66;262070
DK031;17-Jul-22;244;262314
DK031;18-Jul-22;185;262499
DK031;19-Jul-22;226;262725
DK031;20-Jul-22;179;262904
DK031;21-Jul-22;145;263049
DK031;22-Jul-22;82;263131
DK031;23-Jul-22;58;263189
DK031;24-Jul-22;203;263392
DK031;25-Jul-22;171;263563
DK031;26-Jul-22;177;263740
DK031;27-Jul-22;143;263883
DK031;28-Jul-22;127;264010
DK031;29-Jul-22;71;264081
DK031;30-Jul-22;64;264145
DK031;31-Jul-22;176;264321
DK031;01-Aug-22;164;264485
DK031;02-Aug-22;194;264679
DK031;03-Aug-22;155;264834
DK031;04-Aug-22;143;264977
DK031;05-Aug-22;69;265046
DK031;06-Aug-22;65;265111
DK031;07-Aug-22;185;265296
DK031;08-Aug-22;152;265448
DK031;09-Aug-22;200;265648
DK031;10-Aug-22;145;265793
DK031;11-Aug-22;160;265953
DK031;12-Aug-22;63;266016
DK031;13-Aug-22;66;266082
DK031;14-Aug-22;147;266229
DK031;15-Aug-22;129;266358
DK031;16-Aug-22;166;266524
DK031;17-Aug-22;136;266660
DK031;18-Aug-22;115;266775
DK031;19-Aug-22;43;266818
DK031;20-Aug-22;28;266846
DK031;21-Aug-22;103;266949
DK031;22-Aug-22;79;267028
DK031;23-Aug-22;76;267104
DK031;24-Aug-22;76;267180
DK031;25-Aug-22;70;267250
DK031;26-Aug-22;26;267276
DK031;27-Aug-22;37;267313
DK031;28-Aug-22;82;267395
DK031;29-Aug-22;82;267477
DK031;30-Aug-22;87;267564
DK031;31-Aug-22;56;267620
DK031;01-Sep-22;55;267675
DK031;02-Sep-22;45;267720
DK031;03-Sep-22;28;267748
DK031;04-Sep-22;17;267765
DK031;05-Sep-22;111;267876
DK031;06-Sep-22;75;267951
DK031;07-Sep-22;74;268025
DK031;08-Sep-22;74;268099
DK032;08-Mar-20;8;8
DK032;09-Mar-20;29;37
DK032;10-Mar-20;16;53
DK032;11-Mar-20;29;82
DK032;12-Mar-20;2;84
DK032;14-Mar-20;2;86
DK032;15-Mar-20;1;87
DK032;16-Mar-20;1;88
DK032;17-Mar-20;4;92
DK032;18-Mar-20;2;94
DK032;19-Mar-20;11;105
DK032;20-Mar-20;10;115
DK032;21-Mar-20;4;119
DK032;22-Mar-20;3;122
DK032;23-Mar-20;2;124
DK032;24-Mar-20;11;135
DK032;25-Mar-20;12;147
DK032;26-Mar-20;14;161
DK032;27-Mar-20;18;179
DK032;28-Mar-20;13;192
DK032;29-Mar-20;9;201
DK032;30-Mar-20;20;221
DK032;31-Mar-20;11;232
DK032;01-Apr-20;22;254
DK032;02-Apr-20;30;284
DK032;03-Apr-20;35;319
DK032;04-Apr-20;11;330
DK032;05-Apr-20;8;338
DK032;06-Apr-20;24;362
DK032;07-Apr-20;20;382
DK032;08-Apr-20;10;392
DK032;09-Apr-20;6;398
DK032;11-Apr-20;8;406
DK032;12-Apr-20;4;410
DK032;13-Apr-20;4;414
DK032;14-Apr-20;8;422
DK032;15-Apr-20;6;428
DK032;16-Apr-20;3;431
DK032;17-Apr-20;5;436
DK032;18-Apr-20;1;437
DK032;19-Apr-20;1;438
DK032;20-Apr-20;3;441
DK032;21-Apr-20;5;446
DK032;22-Apr-20;1;447
DK032;23-Apr-20;6;453
DK032;24-Apr-20;4;457
DK032;26-Apr-20;5;462
DK032;27-Apr-20;2;464
DK032;29-Apr-20;6;470
DK032;01-May-20;4;474
DK032;02-May-20;1;475
DK032;04-May-20;4;479
DK032;05-May-20;3;482
DK032;06-May-20;2;484
DK032;07-May-20;3;487
DK032;08-May-20;1;488
DK032;10-May-20;2;490
DK032;11-May-20;5;495
DK032;12-May-20;5;500
DK032;13-May-20;2;502
DK032;14-May-20;5;507
DK032;15-May-20;4;511
DK032;16-May-20;2;513
DK032;17-May-20;3;516
DK032;18-May-20;4;520
DK032;19-May-20;1;521
DK032;20-May-20;1;522
DK032;22-May-20;1;523
DK032;24-May-20;1;524
DK032;25-May-20;2;526
DK032;26-May-20;5;531
DK032;04-Jun-20;3;534
DK032;05-Jun-20;1;535
DK032;06-Jun-20;1;536
DK032;08-Jun-20;2;538
DK032;12-Jun-20;1;539
DK032;16-Jun-20;1;540
DK032;18-Jun-20;1;541
DK032;21-Jun-20;2;543
DK032;23-Jun-20;1;544
DK032;28-Jun-20;1;545
DK032;29-Jun-20;1;546
DK032;30-Jun-20;1;547
DK032;05-Jul-20;1;548
DK032;06-Jul-20;1;549
DK032;07-Jul-20;1;550
DK032;08-Jul-20;1;551
DK032;10-Jul-20;2;553
DK032;11-Jul-20;2;555
DK032;14-Jul-20;2;557
DK032;15-Jul-20;1;558
DK032;16-Jul-20;3;561
DK032;20-Jul-20;1;562
DK032;22-Jul-20;2;564
DK032;23-Jul-20;4;568
DK032;24-Jul-20;3;571
DK032;25-Jul-20;1;572
DK032;26-Jul-20;1;573
DK032;27-Jul-20;5;578
DK032;28-Jul-20;3;581
DK032;29-Jul-20;4;585
DK032;30-Jul-20;2;587
DK032;31-Jul-20;5;592
DK032;01-Aug-20;4;596
DK032;02-Aug-20;3;599
DK032;03-Aug-20;6;605
DK032;04-Aug-20;6;611
DK032;05-Aug-20;3;614
DK032;06-Aug-20;6;620
DK032;07-Aug-20;3;623
DK032;09-Aug-20;5;628
DK032;10-Aug-20;3;631
DK032;11-Aug-20;6;637
DK032;12-Aug-20;6;643
DK032;13-Aug-20;6;649
DK032;15-Aug-20;5;654
DK032;16-Aug-20;6;660
DK032;17-Aug-20;3;663
DK032;18-Aug-20;3;666
DK032;19-Aug-20;9;675
DK032;20-Aug-20;7;682
DK032;21-Aug-20;8;690
DK032;22-Aug-20;13;703
DK032;23-Aug-20;13;716
DK032;24-Aug-20;2;718
DK032;25-Aug-20;8;726
DK032;26-Aug-20;3;729
DK032;27-Aug-20;8;737
DK032;28-Aug-20;5;742
DK032;29-Aug-20;8;750
DK032;30-Aug-20;7;757
DK032;31-Aug-20;7;764
DK032;01-Sep-20;15;779
DK032;02-Sep-20;13;792
DK032;03-Sep-20;16;808
DK032;04-Sep-20;6;814
DK032;05-Sep-20;22;836
DK032;06-Sep-20;4;840
DK032;07-Sep-20;7;847
DK032;08-Sep-20;23;870
DK032;09-Sep-20;22;892
DK032;10-Sep-20;24;916
DK032;11-Sep-20;20;936
DK032;12-Sep-20;33;969
DK032;13-Sep-20;32;1001
DK032;14-Sep-20;29;1030
DK032;15-Sep-20;37;1067
DK032;16-Sep-20;52;1119
DK032;17-Sep-20;35;1154
DK032;18-Sep-20;38;1192
DK032;19-Sep-20;50;1242
DK032;20-Sep-20;30;1272
DK032;21-Sep-20;39;1311
DK032;22-Sep-20;45;1356
DK032;23-Sep-20;56;1412
DK032;24-Sep-20;46;1458
DK032;25-Sep-20;45;1503
DK032;26-Sep-20;26;1529
DK032;27-Sep-20;19;1548
DK032;28-Sep-20;42;1590
DK032;29-Sep-20;40;1630
DK032;30-Sep-20;36;1666
DK032;01-Oct-20;38;1704
DK032;02-Oct-20;28;1732
DK032;03-Oct-20;33;1765
DK032;04-Oct-20;26;1791
DK032;05-Oct-20;26;1817
DK032;06-Oct-20;29;1846
DK032;07-Oct-20;39;1885
DK032;08-Oct-20;31;1916
DK032;09-Oct-20;49;1965
DK032;10-Oct-20;13;1978
DK032;11-Oct-20;25;2003
DK032;12-Oct-20;46;2049
DK032;13-Oct-20;60;2109
DK032;14-Oct-20;44;2153
DK032;15-Oct-20;48;2201
DK032;16-Oct-20;48;2249
DK032;17-Oct-20;44;2293
DK032;18-Oct-20;49;2342
DK032;19-Oct-20;62;2404
DK032;20-Oct-20;70;2474
DK032;21-Oct-20;61;2535
DK032;22-Oct-20;66;2601
DK032;23-Oct-20;63;2664
DK032;24-Oct-20;49;2713
DK032;25-Oct-20;60;2773
DK032;26-Oct-20;105;2878
DK032;27-Oct-20;76;2954
DK032;28-Oct-20;123;3077
DK032;29-Oct-20;123;3200
DK032;30-Oct-20;76;3276
DK032;31-Oct-20;63;3339
DK032;01-Nov-20;66;3405
DK032;02-Nov-20;108;3513
DK032;03-Nov-20;135;3648
DK032;04-Nov-20;112;3760
DK032;05-Nov-20;104;3864
DK032;06-Nov-20;80;3944
DK032;07-Nov-20;57;4001
DK032;08-Nov-20;52;4053
DK032;09-Nov-20;110;4163
DK032;10-Nov-20;85;4248
DK032;11-Nov-20;120;4368
DK032;12-Nov-20;100;4468
DK032;13-Nov-20;123;4591
DK032;14-Nov-20;108;4699
DK032;15-Nov-20;91;4790
DK032;16-Nov-20;137;4927
DK032;17-Nov-20;149;5076
DK032;18-Nov-20;169;5245
DK032;19-Nov-20;135;5380
DK032;20-Nov-20;159;5539
DK032;21-Nov-20;103;5642
DK032;22-Nov-20;97;5739
DK032;23-Nov-20;139;5878
DK032;24-Nov-20;134;6012
DK032;25-Nov-20;131;6143
DK032;26-Nov-20;97;6240
DK032;27-Nov-20;105;6345
DK032;28-Nov-20;67;6412
DK032;29-Nov-20;67;6479
DK032;30-Nov-20;81;6560
DK032;01-Dec-20;101;6661
DK032;02-Dec-20;84;6745
DK032;03-Dec-20;105;6850
DK032;04-Dec-20;123;6973
DK032;05-Dec-20;76;7049
DK032;06-Dec-20;97;7146
DK032;07-Dec-20;143;7289
DK032;08-Dec-20;138;7427
DK032;09-Dec-20;159;7586
DK032;10-Dec-20;134;7720
DK032;11-Dec-20;153;7873
DK032;12-Dec-20;122;7995
DK032;13-Dec-20;131;8126
DK032;14-Dec-20;205;8331
DK032;15-Dec-20;269;8600
DK032;16-Dec-20;240;8840
DK032;17-Dec-20;255;9095
DK032;18-Dec-20;181;9276
DK032;19-Dec-20;175;9451
DK032;20-Dec-20;149;9600
DK032;21-Dec-20;256;9856
DK032;22-Dec-20;207;10063
DK032;23-Dec-20;262;10325
DK032;24-Dec-20;132;10457
DK032;25-Dec-20;144;10601
DK032;26-Dec-20;191;10792
DK032;27-Dec-20;151;10943
DK032;28-Dec-20;254;11197
DK032;29-Dec-20;237;11434
DK032;30-Dec-20;227;11661
DK032;31-Dec-20;105;11766
DK032;01-Jan-21;97;11863
DK032;02-Jan-21;138;12001
DK032;03-Jan-21;144;12145
DK032;04-Jan-21;213;12358
DK032;05-Jan-21;176;12534
DK032;06-Jan-21;140;12674
DK032;07-Jan-21;167;12841
DK032;08-Jan-21;143;12984
DK032;09-Jan-21;116;13100
DK032;10-Jan-21;75;13175
DK032;11-Jan-21;126;13301
DK032;12-Jan-21;83;13384
DK032;13-Jan-21;90;13474
DK032;14-Jan-21;87;13561
DK032;15-Jan-21;84;13645
DK032;16-Jan-21;77;13722
DK032;17-Jan-21;54;13776
DK032;18-Jan-21;103;13879
DK032;19-Jan-21;130;14009
DK032;20-Jan-21;80;14089
DK032;21-Jan-21;87;14176
DK032;22-Jan-21;64;14240
DK032;23-Jan-21;65;14305
DK032;24-Jan-21;45;14350
DK032;25-Jan-21;70;14420
DK032;26-Jan-21;60;14480
DK032;27-Jan-21;52;14532
DK032;28-Jan-21;42;14574
DK032;29-Jan-21;53;14627
DK032;30-Jan-21;40;14667
DK032;31-Jan-21;40;14707
DK032;01-Feb-21;54;14761
DK032;02-Feb-21;44;14805
DK032;03-Feb-21;50;14855
DK032;04-Feb-21;34;14889
DK032;05-Feb-21;36;14925
DK032;06-Feb-21;47;14972
DK032;07-Feb-21;29;15001
DK032;08-Feb-21;32;15033
DK032;09-Feb-21;63;15096
DK032;10-Feb-21;49;15145
DK032;11-Feb-21;35;15180
DK032;12-Feb-21;28;15208
DK032;13-Feb-21;62;15270
DK032;14-Feb-21;46;15316
DK032;15-Feb-21;65;15381
DK032;16-Feb-21;121;15502
DK032;17-Feb-21;112;15614
DK032;18-Feb-21;104;15718
DK032;19-Feb-21;83;15801
DK032;20-Feb-21;81;15882
DK032;21-Feb-21;83;15965
DK032;22-Feb-21;92;16057
DK032;23-Feb-21;97;16154
DK032;24-Feb-21;76;16230
DK032;25-Feb-21;68;16298
DK032;26-Feb-21;72;16370
DK032;27-Feb-21;51;16421
DK032;28-Feb-21;58;16479
DK032;01-Mar-21;79;16558
DK032;02-Mar-21;92;16650
DK032;03-Mar-21;107;16757
DK032;04-Mar-21;71;16828
DK032;05-Mar-21;76;16904
DK032;06-Mar-21;73;16977
DK032;07-Mar-21;68;17045
DK032;08-Mar-21;112;17157
DK032;09-Mar-21;137;17294
DK032;10-Mar-21;122;17416
DK032;11-Mar-21;105;17521
DK032;12-Mar-21;89;17610
DK032;13-Mar-21;113;17723
DK032;14-Mar-21;80;17803
DK032;15-Mar-21;123;17926
DK032;16-Mar-21;135;18061
DK032;17-Mar-21;113;18174
DK032;18-Mar-21;108;18282
DK032;19-Mar-21;86;18368
DK032;20-Mar-21;80;18448
DK032;21-Mar-21;72;18520
DK032;22-Mar-21;105;18625
DK032;23-Mar-21;94;18719
DK032;24-Mar-21;93;18812
DK032;25-Mar-21;61;18873
DK032;26-Mar-21;84;18957
DK032;27-Mar-21;86;19043
DK032;28-Mar-21;68;19111
DK032;29-Mar-21;65;19176
DK032;30-Mar-21;50;19226
DK032;31-Mar-21;58;19284
DK032;01-Apr-21;62;19346
DK032;02-Apr-21;46;19392
DK032;03-Apr-21;45;19437
DK032;04-Apr-21;32;19469
DK032;05-Apr-21;45;19514
DK032;06-Apr-21;51;19565
DK032;07-Apr-21;74;19639
DK032;08-Apr-21;57;19696
DK032;09-Apr-21;66;19762
DK032;10-Apr-21;72;19834
DK032;11-Apr-21;47;19881
DK032;12-Apr-21;80;19961
DK032;13-Apr-21;69;20030
DK032;14-Apr-21;71;20101
DK032;15-Apr-21;74;20175
DK032;16-Apr-21;60;20235
DK032;17-Apr-21;48;20283
DK032;18-Apr-21;51;20334
DK032;19-Apr-21;78;20412
DK032;20-Apr-21;72;20484
DK032;21-Apr-21;53;20537
DK032;22-Apr-21;56;20593
DK032;23-Apr-21;73;20666
DK032;24-Apr-21;64;20730
DK032;25-Apr-21;53;20783
DK032;26-Apr-21;84;20867
DK032;27-Apr-21;113;20980
DK032;28-Apr-21;88;21068
DK032;29-Apr-21;77;21145
DK032;30-Apr-21;89;21234
DK032;01-May-21;70;21304
DK032;02-May-21;78;21382
DK032;03-May-21;99;21481
DK032;04-May-21;94;21575
DK032;05-May-21;103;21678
DK032;06-May-21;48;21726
DK032;07-May-21;89;21815
DK032;08-May-21;52;21867
DK032;09-May-21;55;21922
DK032;10-May-21;70;21992
DK032;11-May-21;71;22063
DK032;12-May-21;69;22132
DK032;13-May-21;51;22183
DK032;14-May-21;60;22243
DK032;15-May-21;60;22303
DK032;16-May-21;65;22368
DK032;17-May-21;101;22469
DK032;18-May-21;85;22554
DK032;19-May-21;81;22635
DK032;20-May-21;44;22679
DK032;21-May-21;60;22739
DK032;22-May-21;60;22799
DK032;23-May-21;63;22862
DK032;24-May-21;68;22930
DK032;25-May-21;111;23041
DK032;26-May-21;104;23145
DK032;27-May-21;69;23214
DK032;28-May-21;63;23277
DK032;29-May-21;61;23338
DK032;30-May-21;66;23404
DK032;31-May-21;75;23479
DK032;01-Jun-21;91;23570
DK032;02-Jun-21;44;23614
DK032;03-Jun-21;38;23652
DK032;04-Jun-21;36;23688
DK032;05-Jun-21;37;23725
DK032;06-Jun-21;19;23744
DK032;07-Jun-21;43;23787
DK032;08-Jun-21;38;23825
DK032;09-Jun-21;27;23852
DK032;10-Jun-21;24;23876
DK032;11-Jun-21;22;23898
DK032;12-Jun-21;18;23916
DK032;13-Jun-21;18;23934
DK032;14-Jun-21;23;23957
DK032;15-Jun-21;23;23980
DK032;16-Jun-21;20;24000
DK032;17-Jun-21;7;24007
DK032;18-Jun-21;7;24014
DK032;19-Jun-21;8;24022
DK032;20-Jun-21;8;24030
DK032;21-Jun-21;13;24043
DK032;22-Jun-21;8;24051
DK032;23-Jun-21;11;24062
DK032;24-Jun-21;20;24082
DK032;25-Jun-21;12;24094
DK032;26-Jun-21;8;24102
DK032;27-Jun-21;13;24115
DK032;28-Jun-21;14;24129
DK032;29-Jun-21;12;24141
DK032;30-Jun-21;27;24168
DK032;01-Jul-21;35;24203
DK032;02-Jul-21;27;24230
DK032;03-Jul-21;28;24258
DK032;04-Jul-21;35;24293
DK032;05-Jul-21;99;24392
DK032;06-Jul-21;91;24483
DK032;07-Jul-21;61;24544
DK032;08-Jul-21;41;24585
DK032;09-Jul-21;36;24621
DK032;10-Jul-21;42;24663
DK032;11-Jul-21;79;24742
DK032;12-Jul-21;92;24834
DK032;13-Jul-21;90;24924
DK032;14-Jul-21;74;24998
DK032;15-Jul-21;68;25066
DK032;16-Jul-21;55;25121
DK032;17-Jul-21;58;25179
DK032;18-Jul-21;58;25237
DK032;19-Jul-21;55;25292
DK032;20-Jul-21;76;25368
DK032;21-Jul-21;61;25429
DK032;22-Jul-21;69;25498
DK032;23-Jul-21;87;25585
DK032;24-Jul-21;43;25628
DK032;25-Jul-21;68;25696
DK032;26-Jul-21;89;25785
DK032;27-Jul-21;75;25860
DK032;28-Jul-21;112;25972
DK032;29-Jul-21;113;26085
DK032;30-Jul-21;92;26177
DK032;31-Jul-21;74;26251
DK032;01-Aug-21;76;26327
DK032;02-Aug-21;109;26436
DK032;03-Aug-21;85;26521
DK032;04-Aug-21;121;26642
DK032;05-Aug-21;106;26748
DK032;06-Aug-21;92;26840
DK032;07-Aug-21;75;26915
DK032;08-Aug-21;93;27008
DK032;09-Aug-21;111;27119
DK032;10-Aug-21;102;27221
DK032;11-Aug-21;73;27294
DK032;12-Aug-21;93;27387
DK032;13-Aug-21;77;27464
DK032;14-Aug-21;80;27544
DK032;15-Aug-21;99;27643
DK032;16-Aug-21;141;27784
DK032;17-Aug-21;144;27928
DK032;18-Aug-21;108;28036
DK032;19-Aug-21;113;28149
DK032;20-Aug-21;80;28229
DK032;21-Aug-21;47;28276
DK032;22-Aug-21;84;28360
DK032;23-Aug-21;100;28460
DK032;24-Aug-21;89;28549
DK032;25-Aug-21;87;28636
DK032;26-Aug-21;114;28750
DK032;27-Aug-21;74;28824
DK032;28-Aug-21;49;28873
DK032;29-Aug-21;57;28930
DK032;30-Aug-21;103;29033
DK032;31-Aug-21;73;29106
DK032;01-Sep-21;39;29145
DK032;02-Sep-21;50;29195
DK032;03-Sep-21;49;29244
DK032;04-Sep-21;31;29275
DK032;05-Sep-21;38;29313
DK032;06-Sep-21;35;29348
DK032;07-Sep-21;47;29395
DK032;08-Sep-21;39;29434
DK032;09-Sep-21;22;29456
DK032;10-Sep-21;31;29487
DK032;11-Sep-21;12;29499
DK032;12-Sep-21;13;29512
DK032;13-Sep-21;29;29541
DK032;14-Sep-21;34;29575
DK032;15-Sep-21;27;29602
DK032;16-Sep-21;35;29637
DK032;17-Sep-21;38;29675
DK032;18-Sep-21;14;29689
DK032;19-Sep-21;26;29715
DK032;20-Sep-21;41;29756
DK032;21-Sep-21;37;29793
DK032;22-Sep-21;28;29821
DK032;23-Sep-21;28;29849
DK032;24-Sep-21;44;29893
DK032;25-Sep-21;32;29925
DK032;26-Sep-21;45;29970
DK032;27-Sep-21;50;30020
DK032;28-Sep-21;57;30077
DK032;29-Sep-21;42;30119
DK032;30-Sep-21;60;30179
DK032;01-Oct-21;36;30215
DK032;02-Oct-21;31;30246
DK032;03-Oct-21;31;30277
DK032;04-Oct-21;82;30359
DK032;05-Oct-21;81;30440
DK032;06-Oct-21;80;30520
DK032;07-Oct-21;88;30608
DK032;08-Oct-21;60;30668
DK032;09-Oct-21;47;30715
DK032;10-Oct-21;61;30776
DK032;11-Oct-21;89;30865
DK032;12-Oct-21;83;30948
DK032;13-Oct-21;70;31018
DK032;14-Oct-21;86;31104
DK032;15-Oct-21;58;31162
DK032;16-Oct-21;44;31206
DK032;17-Oct-21;55;31261
DK032;18-Oct-21;97;31358
DK032;19-Oct-21;92;31450
DK032;20-Oct-21;114;31564
DK032;21-Oct-21;67;31631
DK032;22-Oct-21;87;31718
DK032;23-Oct-21;94;31812
DK032;24-Oct-21;110;31922
DK032;25-Oct-21;142;32064
DK032;26-Oct-21;134;32198
DK032;27-Oct-21;153;32351
DK032;28-Oct-21;150;32501
DK032;29-Oct-21;114;32615
DK032;30-Oct-21;106;32721
DK032;31-Oct-21;138;32859
DK032;01-Nov-21;192;33051
DK032;02-Nov-21;209;33260
DK032;03-Nov-21;213;33473
DK032;04-Nov-21;198;33671
DK032;05-Nov-21;191;33862
DK032;06-Nov-21;146;34008
DK032;07-Nov-21;232;34240
DK032;08-Nov-21;294;34534
DK032;09-Nov-21;277;34811
DK032;10-Nov-21;289;35100
DK032;11-Nov-21;283;35383
DK032;12-Nov-21;270;35653
DK032;13-Nov-21;234;35887
DK032;14-Nov-21;215;36102
DK032;15-Nov-21;468;36570
DK032;16-Nov-21;427;36997
DK032;17-Nov-21;435;37432
DK032;18-Nov-21;404;37836
DK032;19-Nov-21;446;38282
DK032;20-Nov-21;325;38607
DK032;21-Nov-21;311;38918
DK032;22-Nov-21;442;39360
DK032;23-Nov-21;525;39885
DK032;24-Nov-21;425;40310
DK032;25-Nov-21;424;40734
DK032;26-Nov-21;395;41129
DK032;27-Nov-21;340;41469
DK032;28-Nov-21;303;41772
DK032;29-Nov-21;549;42321
DK032;30-Nov-21;575;42896
DK032;01-Dec-21;504;43400
DK032;02-Dec-21;531;43931
DK032;03-Dec-21;466;44397
DK032;04-Dec-21;457;44854
DK032;05-Dec-21;375;45229
DK032;06-Dec-21;714;45943
DK032;07-Dec-21;718;46661
DK032;08-Dec-21;656;47317
DK032;09-Dec-21;613;47930
DK032;10-Dec-21;664;48594
DK032;11-Dec-21;469;49063
DK032;12-Dec-21;501;49564
DK032;13-Dec-21;836;50400
DK032;14-Dec-21;906;51306
DK032;15-Dec-21;793;52099
DK032;16-Dec-21;848;52947
DK032;17-Dec-21;839;53786
DK032;18-Dec-21;751;54537
DK032;19-Dec-21;718;55255
DK032;20-Dec-21;975;56230
DK032;21-Dec-21;951;57181
DK032;22-Dec-21;772;57953
DK032;23-Dec-21;893;58846
DK032;24-Dec-21;615;59461
DK032;25-Dec-21;676;60137
DK032;26-Dec-21;1033;61170
DK032;27-Dec-21;1871;63041
DK032;28-Dec-21;1862;64903
DK032;29-Dec-21;1499;66402
DK032;30-Dec-21;1754;68156
DK032;31-Dec-21;1127;69283
DK032;01-Jan-22;980;70263
DK032;02-Jan-22;1531;71794
DK032;03-Jan-22;2761;74555
DK032;04-Jan-22;2630;77185
DK032;05-Jan-22;1962;79147
DK032;06-Jan-22;1594;80741
DK032;07-Jan-22;1647;82388
DK032;08-Jan-22;1224;83612
DK032;09-Jan-22;1507;85119
DK032;10-Jan-22;2973;88092
DK032;11-Jan-22;2755;90847
DK032;12-Jan-22;2587;93434
DK032;13-Jan-22;2838;96272
DK032;14-Jan-22;3166;99438
DK032;15-Jan-22;2456;101894
DK032;16-Jan-22;2871;104765
DK032;17-Jan-22;5912;110677
DK032;18-Jan-22;5327;116004
DK032;19-Jan-22;4824;120828
DK032;20-Jan-22;4984;125812
DK032;21-Jan-22;4820;130632
DK032;22-Jan-22;3526;134158
DK032;23-Jan-22;4141;138299
DK032;24-Jan-22;7411;145710
DK032;25-Jan-22;6922;152632
DK032;26-Jan-22;5780;158412
DK032;27-Jan-22;5470;163882
DK032;28-Jan-22;4929;168811
DK032;29-Jan-22;3938;172749
DK032;30-Jan-22;4497;177246
DK032;31-Jan-22;7878;185124
DK032;01-Feb-22;6800;191924
DK032;02-Feb-22;5642;197566
DK032;03-Feb-22;5617;203183
DK032;04-Feb-22;5406;208589
DK032;05-Feb-22;4322;212911
DK032;06-Feb-22;5020;217931
DK032;07-Feb-22;8595;226526
DK032;08-Feb-22;7918;234444
DK032;09-Feb-22;7155;241599
DK032;10-Feb-22;6535;248134
DK032;11-Feb-22;5457;253591
DK032;12-Feb-22;4778;258369
DK032;13-Feb-22;5103;263472
DK032;14-Feb-22;6849;270321
DK032;15-Feb-22;5708;276029
DK032;16-Feb-22;5183;281212
DK032;17-Feb-22;4721;285933
DK032;18-Feb-22;3932;289865
DK032;19-Feb-22;3587;293452
DK032;20-Feb-22;4302;297754
DK032;21-Feb-22;4826;302580
DK032;22-Feb-22;3793;306373
DK032;23-Feb-22;3112;309485
DK032;24-Feb-22;2790;312275
DK032;25-Feb-22;2188;314463
DK032;26-Feb-22;1675;316138
DK032;27-Feb-22;2203;318341
DK032;28-Feb-22;3081;321422
DK032;01-Mar-22;2501;323923
DK032;02-Mar-22;2430;326353
DK032;03-Mar-22;2319;328672
DK032;04-Mar-22;1926;330598
DK032;05-Mar-22;1566;332164
DK032;06-Mar-22;1920;334084
DK032;07-Mar-22;2424;336508
DK032;08-Mar-22;2332;338840
DK032;09-Mar-22;2090;340930
DK032;10-Mar-22;1783;342713
DK032;11-Mar-22;1174;343887
DK032;12-Mar-22;936;344823
DK032;13-Mar-22;1173;345996
DK032;14-Mar-22;1434;347430
DK032;15-Mar-22;1365;348795
DK032;16-Mar-22;1195;349990
DK032;17-Mar-22;1151;351141
DK032;18-Mar-22;942;352083
DK032;19-Mar-22;666;352749
DK032;20-Mar-22;818;353567
DK032;21-Mar-22;1239;354806
DK032;22-Mar-22;946;355752
DK032;23-Mar-22;867;356619
DK032;24-Mar-22;758;357377
DK032;25-Mar-22;631;358008
DK032;26-Mar-22;421;358429
DK032;27-Mar-22;520;358949
DK032;28-Mar-22;765;359714
DK032;29-Mar-22;575;360289
DK032;30-Mar-22;556;360845
DK032;31-Mar-22;432;361277
DK032;01-Apr-22;371;361648
DK032;02-Apr-22;313;361961
DK032;03-Apr-22;325;362286
DK032;04-Apr-22;462;362748
DK032;05-Apr-22;419;363167
DK032;06-Apr-22;425;363592
DK032;07-Apr-22;359;363951
DK032;08-Apr-22;290;364241
DK032;09-Apr-22;238;364479
DK032;10-Apr-22;241;364720
DK032;11-Apr-22;326;365046
DK032;12-Apr-22;298;365344
DK032;13-Apr-22;288;365632
DK032;14-Apr-22;221;365853
DK032;15-Apr-22;179;366032
DK032;16-Apr-22;167;366199
DK032;17-Apr-22;228;366427
DK032;18-Apr-22;217;366644
DK032;19-Apr-22;281;366925
DK032;20-Apr-22;218;367143
DK032;21-Apr-22;203;367346
DK032;22-Apr-22;147;367493
DK032;23-Apr-22;152;367645
DK032;24-Apr-22;132;367777
DK032;25-Apr-22;178;367955
DK032;26-Apr-22;138;368093
DK032;27-Apr-22;127;368220
DK032;28-Apr-22;109;368329
DK032;29-Apr-22;88;368417
DK032;30-Apr-22;85;368502
DK032;01-May-22;77;368579
DK032;02-May-22;114;368693
DK032;03-May-22;116;368809
DK032;04-May-22;133;368942
DK032;05-May-22;118;369060
DK032;06-May-22;89;369149
DK032;07-May-22;85;369234
DK032;08-May-22;68;369302
DK032;09-May-22;123;369425
DK032;10-May-22;108;369533
DK032;11-May-22;98;369631
DK032;12-May-22;72;369703
DK032;13-May-22;71;369774
DK032;14-May-22;62;369836
DK032;15-May-22;56;369892
DK032;16-May-22;92;369984
DK032;17-May-22;104;370088
DK032;18-May-22;90;370178
DK032;19-May-22;91;370269
DK032;20-May-22;43;370312
DK032;21-May-22;49;370361
DK032;22-May-22;37;370398
DK032;23-May-22;65;370463
DK032;24-May-22;57;370520
DK032;25-May-22;43;370563
DK032;26-May-22;39;370602
DK032;27-May-22;35;370637
DK032;28-May-22;52;370689
DK032;29-May-22;33;370722
DK032;30-May-22;71;370793
DK032;31-May-22;83;370876
DK032;01-Jun-22;63;370939
DK032;02-Jun-22;73;371012
DK032;03-Jun-22;80;371092
DK032;04-Jun-22;27;371119
DK032;05-Jun-22;63;371182
DK032;06-Jun-22;87;371269
DK032;07-Jun-22;133;371402
DK032;08-Jun-22;94;371496
DK032;09-Jun-22;78;371574
DK032;10-Jun-22;110;371684
DK032;11-Jun-22;53;371737
DK032;12-Jun-22;84;371821
DK032;13-Jun-22;123;371944
DK032;14-Jun-22;125;372069
DK032;15-Jun-22;99;372168
DK032;16-Jun-22;107;372275
DK032;17-Jun-22;156;372431
DK032;18-Jun-22;62;372493
DK032;19-Jun-22;129;372622
DK032;20-Jun-22;204;372826
DK032;21-Jun-22;194;373020
DK032;22-Jun-22;176;373196
DK032;23-Jun-22;147;373343
DK032;24-Jun-22;165;373508
DK032;25-Jun-22;71;373579
DK032;26-Jun-22;13;373592
DK032;27-Jun-22;415;374007
DK032;28-Jun-22;272;374279
DK032;29-Jun-22;216;374495
DK032;30-Jun-22;133;374628
DK032;01-Jul-22;298;374926
DK032;02-Jul-22;113;375039
DK032;03-Jul-22;61;375100
DK032;04-Jul-22;371;375471
DK032;05-Jul-22;265;375736
DK032;06-Jul-22;224;375960
DK032;07-Jul-22;165;376125
DK032;08-Jul-22;295;376420
DK032;09-Jul-22;120;376540
DK032;10-Jul-22;129;376669
DK032;11-Jul-22;368;377037
DK032;12-Jul-22;279;377316
DK032;13-Jul-22;252;377568
DK032;14-Jul-22;203;377771
DK032;15-Jul-22;363;378134
DK032;16-Jul-22;90;378224
DK032;17-Jul-22;175;378399
DK032;18-Jul-22;444;378843
DK032;19-Jul-22;293;379136
DK032;20-Jul-22;206;379342
DK032;21-Jul-22;204;379546
DK032;22-Jul-22;265;379811
DK032;23-Jul-22;82;379893
DK032;24-Jul-22;108;380001
DK032;25-Jul-22;357;380358
DK032;26-Jul-22;249;380607
DK032;27-Jul-22;181;380788
DK032;28-Jul-22;148;380936
DK032;29-Jul-22;235;381171
DK032;30-Jul-22;115;381286
DK032;31-Jul-22;121;381407
DK032;01-Aug-22;290;381697
DK032;02-Aug-22;263;381960
DK032;03-Aug-22;214;382174
DK032;04-Aug-22;110;382284
DK032;05-Aug-22;235;382519
DK032;06-Aug-22;91;382610
DK032;07-Aug-22;110;382720
DK032;08-Aug-22;338;383058
DK032;09-Aug-22;285;383343
DK032;10-Aug-22;258;383601
DK032;11-Aug-22;144;383745
DK032;12-Aug-22;287;384032
DK032;13-Aug-22;113;384145
DK032;14-Aug-22;106;384251
DK032;15-Aug-22;301;384552
DK032;16-Aug-22;210;384762
DK032;17-Aug-22;186;384948
DK032;18-Aug-22;125;385073
DK032;19-Aug-22;182;385255
DK032;20-Aug-22;73;385328
DK032;21-Aug-22;95;385423
DK032;22-Aug-22;186;385609
DK032;23-Aug-22;155;385764
DK032;24-Aug-22;145;385909
DK032;25-Aug-22;73;385982
DK032;26-Aug-22;147;386129
DK032;27-Aug-22;55;386184
DK032;28-Aug-22;57;386241
DK032;29-Aug-22;146;386387
DK032;30-Aug-22;95;386482
DK032;31-Aug-22;62;386544
DK032;01-Sep-22;73;386617
DK032;02-Sep-22;104;386721
DK032;03-Sep-22;45;386766
DK032;04-Sep-22;65;386831
DK032;05-Sep-22;152;386983
DK032;06-Sep-22;125;387108
DK032;07-Sep-22;103;387211
DK032;08-Sep-22;58;387269
DK041;09-Mar-20;7;7
DK041;10-Mar-20;9;16
DK041;11-Mar-20;3;19
DK041;12-Mar-20;2;21
DK041;13-Mar-20;4;25
DK041;14-Mar-20;2;27
DK041;15-Mar-20;2;29
DK041;16-Mar-20;2;31
DK041;17-Mar-20;3;34
DK041;18-Mar-20;3;37
DK041;19-Mar-20;15;52
DK041;20-Mar-20;6;58
DK041;21-Mar-20;5;63
DK041;22-Mar-20;3;66
DK041;23-Mar-20;11;77
DK041;24-Mar-20;10;87
DK041;25-Mar-20;14;101
DK041;26-Mar-20;14;115
DK041;27-Mar-20;16;131
DK041;28-Mar-20;14;145
DK041;29-Mar-20;3;148
DK041;30-Mar-20;22;170
DK041;31-Mar-20;40;210
DK041;01-Apr-20;32;242
DK041;02-Apr-20;21;263
DK041;03-Apr-20;42;305
DK041;04-Apr-20;21;326
DK041;05-Apr-20;14;340
DK041;06-Apr-20;36;376
DK041;07-Apr-20;41;417
DK041;08-Apr-20;28;445
DK041;09-Apr-20;13;458
DK041;10-Apr-20;10;468
DK041;11-Apr-20;22;490
DK041;12-Apr-20;15;505
DK041;13-Apr-20;14;519
DK041;14-Apr-20;31;550
DK041;15-Apr-20;24;574
DK041;16-Apr-20;28;602
DK041;17-Apr-20;14;616
DK041;18-Apr-20;12;628
DK041;19-Apr-20;13;641
DK041;20-Apr-20;21;662
DK041;21-Apr-20;14;676
DK041;22-Apr-20;28;704
DK041;23-Apr-20;20;724
DK041;24-Apr-20;15;739
DK041;25-Apr-20;19;758
DK041;26-Apr-20;12;770
DK041;27-Apr-20;12;782
DK041;28-Apr-20;17;799
DK041;29-Apr-20;11;810
DK041;30-Apr-20;7;817
DK041;01-May-20;10;827
DK041;02-May-20;11;838
DK041;03-May-20;4;842
DK041;04-May-20;7;849
DK041;05-May-20;5;854
DK041;06-May-20;3;857
DK041;07-May-20;6;863
DK041;08-May-20;3;866
DK041;09-May-20;3;869
DK041;10-May-20;2;871
DK041;11-May-20;1;872
DK041;12-May-20;1;873
DK041;13-May-20;2;875
DK041;15-May-20;1;876
DK041;17-May-20;5;881
DK041;18-May-20;3;884
DK041;19-May-20;2;886
DK041;22-May-20;2;888
DK041;23-May-20;1;889
DK041;08-Jun-20;1;890
DK041;09-Jun-20;2;892
DK041;10-Jun-20;1;893
DK041;12-Jun-20;1;894
DK041;13-Jun-20;1;895
DK041;14-Jun-20;1;896
DK041;16-Jun-20;2;898
DK041;17-Jun-20;2;900
DK041;18-Jun-20;2;902
DK041;23-Jun-20;1;903
DK041;25-Jun-20;1;904
DK041;29-Jun-20;1;905
DK041;04-Jul-20;1;906
DK041;12-Jul-20;1;907
DK041;14-Jul-20;1;908
DK041;15-Jul-20;2;910
DK041;16-Jul-20;2;912
DK041;21-Jul-20;2;914
DK041;24-Jul-20;1;915
DK041;28-Jul-20;2;917
DK041;29-Jul-20;1;918
DK041;30-Jul-20;2;920
DK041;31-Jul-20;1;921
DK041;01-Aug-20;4;925
DK041;02-Aug-20;3;928
DK041;03-Aug-20;9;937
DK041;04-Aug-20;2;939
DK041;05-Aug-20;4;943
DK041;06-Aug-20;2;945
DK041;07-Aug-20;4;949
DK041;08-Aug-20;1;950
DK041;09-Aug-20;7;957
DK041;11-Aug-20;3;960
DK041;12-Aug-20;2;962
DK041;13-Aug-20;4;966
DK041;14-Aug-20;2;968
DK041;15-Aug-20;14;982
DK041;16-Aug-20;3;985
DK041;17-Aug-20;10;995
DK041;18-Aug-20;5;1000
DK041;19-Aug-20;5;1005
DK041;20-Aug-20;4;1009
DK041;21-Aug-20;6;1015
DK041;22-Aug-20;1;1016
DK041;23-Aug-20;3;1019
DK041;24-Aug-20;5;1024
DK041;25-Aug-20;4;1028
DK041;26-Aug-20;2;1030
DK041;27-Aug-20;7;1037
DK041;28-Aug-20;9;1046
DK041;29-Aug-20;6;1052
DK041;30-Aug-20;5;1057
DK041;31-Aug-20;2;1059
DK041;01-Sep-20;6;1065
DK041;02-Sep-20;4;1069
DK041;03-Sep-20;1;1070
DK041;04-Sep-20;7;1077
DK041;05-Sep-20;1;1078
DK041;06-Sep-20;3;1081
DK041;07-Sep-20;5;1086
DK041;08-Sep-20;5;1091
DK041;09-Sep-20;4;1095
DK041;10-Sep-20;13;1108
DK041;11-Sep-20;23;1131
DK041;12-Sep-20;7;1138
DK041;13-Sep-20;4;1142
DK041;14-Sep-20;10;1152
DK041;15-Sep-20;5;1157
DK041;16-Sep-20;18;1175
DK041;17-Sep-20;14;1189
DK041;18-Sep-20;9;1198
DK041;19-Sep-20;5;1203
DK041;20-Sep-20;7;1210
DK041;21-Sep-20;12;1222
DK041;22-Sep-20;10;1232
DK041;23-Sep-20;19;1251
DK041;24-Sep-20;9;1260
DK041;25-Sep-20;9;1269
DK041;26-Sep-20;14;1283
DK041;27-Sep-20;8;1291
DK041;28-Sep-20;13;1304
DK041;29-Sep-20;13;1317
DK041;30-Sep-20;12;1329
DK041;01-Oct-20;30;1359
DK041;02-Oct-20;23;1382
DK041;03-Oct-20;22;1404
DK041;04-Oct-20;14;1418
DK041;05-Oct-20;40;1458
DK041;06-Oct-20;30;1488
DK041;07-Oct-20;36;1524
DK041;08-Oct-20;60;1584
DK041;09-Oct-20;39;1623
DK041;10-Oct-20;25;1648
DK041;11-Oct-20;16;1664
DK041;12-Oct-20;33;1697
DK041;13-Oct-20;17;1714
DK041;14-Oct-20;32;1746
DK041;15-Oct-20;34;1780
DK041;16-Oct-20;25;1805
DK041;17-Oct-20;26;1831
DK041;18-Oct-20;18;1849
DK041;19-Oct-20;33;1882
DK041;20-Oct-20;42;1924
DK041;21-Oct-20;53;1977
DK041;22-Oct-20;37;2014
DK041;23-Oct-20;46;2060
DK041;24-Oct-20;42;2102
DK041;25-Oct-20;51;2153
DK041;26-Oct-20;55;2208
DK041;27-Oct-20;100;2308
DK041;28-Oct-20;58;2366
DK041;29-Oct-20;52;2418
DK041;30-Oct-20;66;2484
DK041;31-Oct-20;61;2545
DK041;01-Nov-20;47;2592
DK041;02-Nov-20;79;2671
DK041;03-Nov-20;58;2729
DK041;04-Nov-20;69;2798
DK041;05-Nov-20;52;2850
DK041;06-Nov-20;50;2900
DK041;07-Nov-20;58;2958
DK041;08-Nov-20;40;2998
DK041;09-Nov-20;56;3054
DK041;10-Nov-20;73;3127
DK041;11-Nov-20;87;3214
DK041;12-Nov-20;74;3288
DK041;13-Nov-20;89;3377
DK041;14-Nov-20;75;3452
DK041;15-Nov-20;86;3538
DK041;16-Nov-20;112;3650
DK041;17-Nov-20;98;3748
DK041;18-Nov-20;97;3845
DK041;19-Nov-20;100;3945
DK041;20-Nov-20;63;4008
DK041;21-Nov-20;62;4070
DK041;22-Nov-20;80;4150
DK041;23-Nov-20;50;4200
DK041;24-Nov-20;58;4258
DK041;25-Nov-20;70;4328
DK041;26-Nov-20;75;4403
DK041;27-Nov-20;55;4458
DK041;28-Nov-20;45;4503
DK041;29-Nov-20;59;4562
DK041;30-Nov-20;58;4620
DK041;01-Dec-20;72;4692
DK041;02-Dec-20;78;4770
DK041;03-Dec-20;80;4850
DK041;04-Dec-20;103;4953
DK041;05-Dec-20;62;5015
DK041;06-Dec-20;74;5089
DK041;07-Dec-20;96;5185
DK041;08-Dec-20;104;5289
DK041;09-Dec-20;127;5416
DK041;10-Dec-20;105;5521
DK041;11-Dec-20;100;5621
DK041;12-Dec-20;95;5716
DK041;13-Dec-20;95;5811
DK041;14-Dec-20;167;5978
DK041;15-Dec-20;147;6125
DK041;16-Dec-20;146;6271
DK041;17-Dec-20;126;6397
DK041;18-Dec-20;119;6516
DK041;19-Dec-20;104;6620
DK041;20-Dec-20;66;6686
DK041;21-Dec-20;123;6809
DK041;22-Dec-20;114;6923
DK041;23-Dec-20;114;7037
DK041;24-Dec-20;88;7125
DK041;25-Dec-20;69;7194
DK041;26-Dec-20;113;7307
DK041;27-Dec-20;113;7420
DK041;28-Dec-20;132;7552
DK041;29-Dec-20;112;7664
DK041;30-Dec-20;133;7797
DK041;31-Dec-20;64;7861
DK041;01-Jan-21;56;7917
DK041;02-Jan-21;93;8010
DK041;03-Jan-21;73;8083
DK041;04-Jan-21;72;8155
DK041;05-Jan-21;71;8226
DK041;06-Jan-21;45;8271
DK041;07-Jan-21;60;8331
DK041;08-Jan-21;47;8378
DK041;09-Jan-21;53;8431
DK041;10-Jan-21;46;8477
DK041;11-Jan-21;46;8523
DK041;12-Jan-21;30;8553
DK041;13-Jan-21;36;8589
DK041;14-Jan-21;36;8625
DK041;15-Jan-21;32;8657
DK041;16-Jan-21;16;8673
DK041;17-Jan-21;20;8693
DK041;18-Jan-21;20;8713
DK041;19-Jan-21;43;8756
DK041;20-Jan-21;29;8785
DK041;21-Jan-21;32;8817
DK041;22-Jan-21;22;8839
DK041;23-Jan-21;22;8861
DK041;24-Jan-21;13;8874
DK041;25-Jan-21;27;8901
DK041;26-Jan-21;22;8923
DK041;27-Jan-21;17;8940
DK041;28-Jan-21;26;8966
DK041;29-Jan-21;13;8979
DK041;30-Jan-21;10;8989
DK041;31-Jan-21;9;8998
DK041;01-Feb-21;18;9016
DK041;02-Feb-21;8;9024
DK041;03-Feb-21;16;9040
DK041;04-Feb-21;14;9054
DK041;05-Feb-21;15;9069
DK041;06-Feb-21;13;9082
DK041;07-Feb-21;7;9089
DK041;08-Feb-21;28;9117
DK041;09-Feb-21;14;9131
DK041;10-Feb-21;27;9158
DK041;11-Feb-21;14;9172
DK041;12-Feb-21;4;9176
DK041;13-Feb-21;10;9186
DK041;14-Feb-21;11;9197
DK041;15-Feb-21;10;9207
DK041;16-Feb-21;15;9222
DK041;17-Feb-21;14;9236
DK041;18-Feb-21;17;9253
DK041;19-Feb-21;14;9267
DK041;20-Feb-21;12;9279
DK041;21-Feb-21;20;9299
DK041;22-Feb-21;24;9323
DK041;23-Feb-21;20;9343
DK041;24-Feb-21;13;9356
DK041;25-Feb-21;24;9380
DK041;26-Feb-21;13;9393
DK041;27-Feb-21;7;9400
DK041;28-Feb-21;9;9409
DK041;01-Mar-21;12;9421
DK041;02-Mar-21;13;9434
DK041;03-Mar-21;23;9457
DK041;04-Mar-21;14;9471
DK041;05-Mar-21;10;9481
DK041;06-Mar-21;10;9491
DK041;07-Mar-21;13;9504
DK041;08-Mar-21;20;9524
DK041;09-Mar-21;12;9536
DK041;10-Mar-21;8;9544
DK041;11-Mar-21;18;9562
DK041;12-Mar-21;12;9574
DK041;13-Mar-21;14;9588
DK041;14-Mar-21;13;9601
DK041;15-Mar-21;16;9617
DK041;16-Mar-21;37;9654
DK041;17-Mar-21;17;9671
DK041;18-Mar-21;18;9689
DK041;19-Mar-21;14;9703
DK041;20-Mar-21;10;9713
DK041;21-Mar-21;24;9737
DK041;22-Mar-21;35;9772
DK041;23-Mar-21;23;9795
DK041;24-Mar-21;18;9813
DK041;25-Mar-21;13;9826
DK041;26-Mar-21;26;9852
DK041;27-Mar-21;20;9872
DK041;28-Mar-21;10;9882
DK041;29-Mar-21;18;9900
DK041;30-Mar-21;19;9919
DK041;31-Mar-21;14;9933
DK041;01-Apr-21;18;9951
DK041;02-Apr-21;23;9974
DK041;03-Apr-21;22;9996
DK041;04-Apr-21;24;10020
DK041;05-Apr-21;22;10042
DK041;06-Apr-21;33;10075
DK041;07-Apr-21;30;10105
DK041;08-Apr-21;42;10147
DK041;09-Apr-21;32;10179
DK041;10-Apr-21;24;10203
DK041;11-Apr-21;25;10228
DK041;12-Apr-21;22;10250
DK041;13-Apr-21;37;10287
DK041;14-Apr-21;45;10332
DK041;15-Apr-21;18;10350
DK041;16-Apr-21;34;10384
DK041;17-Apr-21;33;10417
DK041;18-Apr-21;46;10463
DK041;19-Apr-21;55;10518
DK041;20-Apr-21;49;10567
DK041;21-Apr-21;50;10617
DK041;22-Apr-21;41;10658
DK041;23-Apr-21;40;10698
DK041;24-Apr-21;46;10744
DK041;25-Apr-21;39;10783
DK041;26-Apr-21;53;10836
DK041;27-Apr-21;48;10884
DK041;28-Apr-21;40;10924
DK041;29-Apr-21;49;10973
DK041;30-Apr-21;54;11027
DK041;01-May-21;60;11087
DK041;02-May-21;47;11134
DK041;03-May-21;66;11200
DK041;04-May-21;75;11275
DK041;05-May-21;85;11360
DK041;06-May-21;53;11413
DK041;07-May-21;66;11479
DK041;08-May-21;86;11565
DK041;09-May-21;67;11632
DK041;10-May-21;120;11752
DK041;11-May-21;85;11837
DK041;12-May-21;75;11912
DK041;13-May-21;60;11972
DK041;14-May-21;60;12032
DK041;15-May-21;57;12089
DK041;16-May-21;48;12137
DK041;17-May-21;72;12209
DK041;18-May-21;56;12265
DK041;19-May-21;49;12314
DK041;20-May-21;39;12353
DK041;21-May-21;39;12392
DK041;22-May-21;50;12442
DK041;23-May-21;61;12503
DK041;24-May-21;46;12549
DK041;25-May-21;59;12608
DK041;26-May-21;58;12666
DK041;27-May-21;56;12722
DK041;28-May-21;36;12758
DK041;29-May-21;30;12788
DK041;30-May-21;30;12818
DK041;31-May-21;35;12853
DK041;01-Jun-21;39;12892
DK041;02-Jun-21;37;12929
DK041;03-Jun-21;22;12951
DK041;04-Jun-21;22;12973
DK041;05-Jun-21;24;12997
DK041;06-Jun-21;28;13025
DK041;07-Jun-21;17;13042
DK041;08-Jun-21;10;13052
DK041;09-Jun-21;9;13061
DK041;10-Jun-21;12;13073
DK041;11-Jun-21;10;13083
DK041;12-Jun-21;8;13091
DK041;13-Jun-21;9;13100
DK041;14-Jun-21;7;13107
DK041;15-Jun-21;10;13117
DK041;16-Jun-21;13;13130
DK041;17-Jun-21;4;13134
DK041;18-Jun-21;6;13140
DK041;19-Jun-21;4;13144
DK041;20-Jun-21;3;13147
DK041;21-Jun-21;2;13149
DK041;22-Jun-21;1;13150
DK041;23-Jun-21;8;13158
DK041;24-Jun-21;8;13166
DK041;25-Jun-21;5;13171
DK041;26-Jun-21;2;13173
DK041;27-Jun-21;5;13178
DK041;28-Jun-21;8;13186
DK041;29-Jun-21;2;13188
DK041;30-Jun-21;9;13197
DK041;01-Jul-21;7;13204
DK041;02-Jul-21;3;13207
DK041;03-Jul-21;11;13218
DK041;04-Jul-21;11;13229
DK041;05-Jul-21;26;13255
DK041;06-Jul-21;17;13272
DK041;07-Jul-21;16;13288
DK041;08-Jul-21;18;13306
DK041;09-Jul-21;9;13315
DK041;10-Jul-21;24;13339
DK041;11-Jul-21;22;13361
DK041;12-Jul-21;33;13394
DK041;13-Jul-21;21;13415
DK041;14-Jul-21;38;13453
DK041;15-Jul-21;41;13494
DK041;16-Jul-21;31;13525
DK041;17-Jul-21;21;13546
DK041;18-Jul-21;26;13572
DK041;19-Jul-21;43;13615
DK041;20-Jul-21;17;13632
DK041;21-Jul-21;33;13665
DK041;22-Jul-21;35;13700
DK041;23-Jul-21;36;13736
DK041;24-Jul-21;33;13769
DK041;25-Jul-21;38;13807
DK041;26-Jul-21;49;13856
DK041;27-Jul-21;41;13897
DK041;28-Jul-21;42;13939
DK041;29-Jul-21;37;13976
DK041;30-Jul-21;34;14010
DK041;31-Jul-21;46;14056
DK041;01-Aug-21;28;14084
DK041;02-Aug-21;56;14140
DK041;03-Aug-21;64;14204
DK041;04-Aug-21;58;14262
DK041;05-Aug-21;66;14328
DK041;06-Aug-21;67;14395
DK041;07-Aug-21;50;14445
DK041;08-Aug-21;56;14501
DK041;09-Aug-21;53;14554
DK041;10-Aug-21;65;14619
DK041;11-Aug-21;56;14675
DK041;12-Aug-21;64;14739
DK041;13-Aug-21;66;14805
DK041;14-Aug-21;56;14861
DK041;15-Aug-21;56;14917
DK041;16-Aug-21;56;14973
DK041;17-Aug-21;70;15043
DK041;18-Aug-21;74;15117
DK041;19-Aug-21;43;15160
DK041;20-Aug-21;48;15208
DK041;21-Aug-21;23;15231
DK041;22-Aug-21;33;15264
DK041;23-Aug-21;39;15303
DK041;24-Aug-21;34;15337
DK041;25-Aug-21;49;15386
DK041;26-Aug-21;50;15436
DK041;27-Aug-21;35;15471
DK041;28-Aug-21;22;15493
DK041;29-Aug-21;22;15515
DK041;30-Aug-21;36;15551
DK041;31-Aug-21;29;15580
DK041;01-Sep-21;29;15609
DK041;02-Sep-21;21;15630
DK041;03-Sep-21;35;15665
DK041;04-Sep-21;12;15677
DK041;05-Sep-21;23;15700
DK041;06-Sep-21;21;15721
DK041;07-Sep-21;16;15737
DK041;08-Sep-21;17;15754
DK041;09-Sep-21;29;15783
DK041;10-Sep-21;13;15796
DK041;11-Sep-21;10;15806
DK041;12-Sep-21;12;15818
DK041;13-Sep-21;9;15827
DK041;14-Sep-21;11;15838
DK041;15-Sep-21;11;15849
DK041;16-Sep-21;6;15855
DK041;17-Sep-21;11;15866
DK041;18-Sep-21;7;15873
DK041;19-Sep-21;5;15878
DK041;20-Sep-21;22;15900
DK041;21-Sep-21;26;15926
DK041;22-Sep-21;16;15942
DK041;23-Sep-21;10;15952
DK041;24-Sep-21;14;15966
DK041;25-Sep-21;13;15979
DK041;26-Sep-21;7;15986
DK041;27-Sep-21;12;15998
DK041;28-Sep-21;29;16027
DK041;29-Sep-21;12;16039
DK041;30-Sep-21;8;16047
DK041;01-Oct-21;6;16053
DK041;02-Oct-21;12;16065
DK041;03-Oct-21;9;16074
DK041;04-Oct-21;25;16099
DK041;05-Oct-21;22;16121
DK041;06-Oct-21;33;16154
DK041;07-Oct-21;30;16184
DK041;08-Oct-21;34;16218
DK041;09-Oct-21;31;16249
DK041;10-Oct-21;31;16280
DK041;11-Oct-21;49;16329
DK041;12-Oct-21;21;16350
DK041;13-Oct-21;32;16382
DK041;14-Oct-21;44;16426
DK041;15-Oct-21;35;16461
DK041;16-Oct-21;22;16483
DK041;17-Oct-21;14;16497
DK041;18-Oct-21;33;16530
DK041;19-Oct-21;53;16583
DK041;20-Oct-21;55;16638
DK041;21-Oct-21;56;16694
DK041;22-Oct-21;73;16767
DK041;23-Oct-21;60;16827
DK041;24-Oct-21;78;16905
DK041;25-Oct-21;72;16977
DK041;26-Oct-21;65;17042
DK041;27-Oct-21;71;17113
DK041;28-Oct-21;96;17209
DK041;29-Oct-21;88;17297
DK041;30-Oct-21;74;17371
DK041;31-Oct-21;77;17448
DK041;01-Nov-21;101;17549
DK041;02-Nov-21;85;17634
DK041;03-Nov-21;114;17748
DK041;04-Nov-21;109;17857
DK041;05-Nov-21;130;17987
DK041;06-Nov-21;73;18060
DK041;07-Nov-21;135;18195
DK041;08-Nov-21;166;18361
DK041;09-Nov-21;161;18522
DK041;10-Nov-21;162;18684
DK041;11-Nov-21;165;18849
DK041;12-Nov-21;130;18979
DK041;13-Nov-21;146;19125
DK041;14-Nov-21;144;19269
DK041;15-Nov-21;196;19465
DK041;16-Nov-21;193;19658
DK041;17-Nov-21;202;19860
DK041;18-Nov-21;175;20035
DK041;19-Nov-21;165;20200
DK041;20-Nov-21;181;20381
DK041;21-Nov-21;144;20525
DK041;22-Nov-21;203;20728
DK041;23-Nov-21;208;20936
DK041;24-Nov-21;172;21108
DK041;25-Nov-21;176;21284
DK041;26-Nov-21;189;21473
DK041;27-Nov-21;202;21675
DK041;28-Nov-21;223;21898
DK041;29-Nov-21;231;22129
DK041;30-Nov-21;295;22424
DK041;01-Dec-21;255;22679
DK041;02-Dec-21;273;22952
DK041;03-Dec-21;271;23223
DK041;04-Dec-21;325;23548
DK041;05-Dec-21;317;23865
DK041;06-Dec-21;433;24298
DK041;07-Dec-21;499;24797
DK041;08-Dec-21;490;25287
DK041;09-Dec-21;465;25752
DK041;10-Dec-21;463;26215
DK041;11-Dec-21;505;26720
DK041;12-Dec-21;578;27298
DK041;13-Dec-21;762;28060
DK041;14-Dec-21;748;28808
DK041;15-Dec-21;741;29549
DK041;16-Dec-21;684;30233
DK041;17-Dec-21;704;30937
DK041;18-Dec-21;710;31647
DK041;19-Dec-21;736;32383
DK041;20-Dec-21;843;33226
DK041;21-Dec-21;834;34060
DK041;22-Dec-21;733;34793
DK041;23-Dec-21;745;35538
DK041;24-Dec-21;552;36090
DK041;25-Dec-21;686;36776
DK041;26-Dec-21;1038;37814
DK041;27-Dec-21;1355;39169
DK041;28-Dec-21;1535;40704
DK041;29-Dec-21;1163;41867
DK041;30-Dec-21;1295;43162
DK041;31-Dec-21;771;43933
DK041;01-Jan-22;723;44656
DK041;02-Jan-22;1511;46167
DK041;03-Jan-22;1493;47660
DK041;04-Jan-22;1558;49218
DK041;05-Jan-22;1110;50328
DK041;06-Jan-22;1003;51331
DK041;07-Jan-22;952;52283
DK041;08-Jan-22;895;53178
DK041;09-Jan-22;1042;54220
DK041;10-Jan-22;1323;55543
DK041;11-Jan-22;1368;56911
DK041;12-Jan-22;1330;58241
DK041;13-Jan-22;1455;59696
DK041;14-Jan-22;1632;61328
DK041;15-Jan-22;1687;63015
DK041;16-Jan-22;1968;64983
DK041;17-Jan-22;2536;67519
DK041;18-Jan-22;2440;69959
DK041;19-Jan-22;2432;72391
DK041;20-Jan-22;2279;74670
DK041;21-Jan-22;2409;77079
DK041;22-Jan-22;2382;79461
DK041;23-Jan-22;2879;82340
DK041;24-Jan-22;3631;85971
DK041;25-Jan-22;3404;89375
DK041;26-Jan-22;3364;92739
DK041;27-Jan-22;2997;95736
DK041;28-Jan-22;2920;98656
DK041;29-Jan-22;1482;100138
DK041;30-Jan-22;2899;103037
DK041;31-Jan-22;5049;108086
DK041;01-Feb-22;3996;112082
DK041;02-Feb-22;3857;115939
DK041;03-Feb-22;3671;119610
DK041;04-Feb-22;3553;123163
DK041;05-Feb-22;3308;126471
DK041;06-Feb-22;4197;130668
DK041;07-Feb-22;5170;135838
DK041;08-Feb-22;5264;141102
DK041;09-Feb-22;4942;146044
DK041;10-Feb-22;4227;150271
DK041;11-Feb-22;3605;153876
DK041;12-Feb-22;3117;156993
DK041;13-Feb-22;3666;160659
DK041;14-Feb-22;3912;164571
DK041;15-Feb-22;3842;168413
DK041;16-Feb-22;3390;171803
DK041;17-Feb-22;3209;175012
DK041;18-Feb-22;2570;177582
DK041;19-Feb-22;2517;180099
DK041;20-Feb-22;2964;183063
DK041;21-Feb-22;2997;186060
DK041;22-Feb-22;2525;188585
DK041;23-Feb-22;2173;190758
DK041;24-Feb-22;1793;192551
DK041;25-Feb-22;1593;194144
DK041;26-Feb-22;1269;195413
DK041;27-Feb-22;1578;196991
DK041;28-Feb-22;1971;198962
DK041;01-Mar-22;1832;200794
DK041;02-Mar-22;1665;202459
DK041;03-Mar-22;1546;204005
DK041;04-Mar-22;1296;205301
DK041;05-Mar-22;1077;206378
DK041;06-Mar-22;1325;207703
DK041;07-Mar-22;1566;209269
DK041;08-Mar-22;1461;210730
DK041;09-Mar-22;1353;212083
DK041;10-Mar-22;1076;213159
DK041;11-Mar-22;749;213908
DK041;12-Mar-22;592;214500
DK041;13-Mar-22;758;215258
DK041;14-Mar-22;892;216150
DK041;15-Mar-22;813;216963
DK041;16-Mar-22;642;217605
DK041;17-Mar-22;609;218214
DK041;18-Mar-22;517;218731
DK041;19-Mar-22;406;219137
DK041;20-Mar-22;419;219556
DK041;21-Mar-22;506;220062
DK041;22-Mar-22;473;220535
DK041;23-Mar-22;402;220937
DK041;24-Mar-22;391;221328
DK041;25-Mar-22;323;221651
DK041;26-Mar-22;261;221912
DK041;27-Mar-22;271;222183
DK041;28-Mar-22;327;222510
DK041;29-Mar-22;304;222814
DK041;30-Mar-22;260;223074
DK041;31-Mar-22;222;223296
DK041;01-Apr-22;180;223476
DK041;02-Apr-22;148;223624
DK041;03-Apr-22;157;223781
DK041;04-Apr-22;254;224035
DK041;05-Apr-22;207;224242
DK041;06-Apr-22;189;224431
DK041;07-Apr-22;172;224603
DK041;08-Apr-22;158;224761
DK041;09-Apr-22;114;224875
DK041;10-Apr-22;112;224987
DK041;11-Apr-22;200;225187
DK041;12-Apr-22;155;225342
DK041;13-Apr-22;125;225467
DK041;14-Apr-22;88;225555
DK041;15-Apr-22;90;225645
DK041;16-Apr-22;92;225737
DK041;17-Apr-22;102;225839
DK041;18-Apr-22;130;225969
DK041;19-Apr-22;145;226114
DK041;20-Apr-22;143;226257
DK041;21-Apr-22;122;226379
DK041;22-Apr-22;79;226458
DK041;23-Apr-22;67;226525
DK041;24-Apr-22;74;226599
DK041;25-Apr-22;107;226706
DK041;26-Apr-22;79;226785
DK041;27-Apr-22;59;226844
DK041;28-Apr-22;65;226909
DK041;29-Apr-22;51;226960
DK041;30-Apr-22;53;227013
DK041;01-May-22;47;227060
DK041;02-May-22;80;227140
DK041;03-May-22;52;227192
DK041;04-May-22;49;227241
DK041;05-May-22;49;227290
DK041;06-May-22;60;227350
DK041;07-May-22;22;227372
DK041;08-May-22;32;227404
DK041;09-May-22;57;227461
DK041;10-May-22;42;227503
DK041;11-May-22;38;227541
DK041;12-May-22;39;227580
DK041;13-May-22;30;227610
DK041;14-May-22;30;227640
DK041;15-May-22;27;227667
DK041;16-May-22;46;227713
DK041;17-May-22;46;227759
DK041;18-May-22;30;227789
DK041;19-May-22;34;227823
DK041;20-May-22;39;227862
DK041;21-May-22;21;227883
DK041;22-May-22;31;227914
DK041;23-May-22;42;227956
DK041;24-May-22;42;227998
DK041;25-May-22;37;228035
DK041;26-May-22;20;228055
DK041;27-May-22;26;228081
DK041;28-May-22;21;228102
DK041;29-May-22;23;228125
DK041;30-May-22;23;228148
DK041;31-May-22;35;228183
DK041;01-Jun-22;33;228216
DK041;02-Jun-22;23;228239
DK041;03-Jun-22;30;228269
DK041;04-Jun-22;25;228294
DK041;05-Jun-22;25;228319
DK041;06-Jun-22;36;228355
DK041;07-Jun-22;51;228406
DK041;08-Jun-22;40;228446
DK041;09-Jun-22;61;228507
DK041;10-Jun-22;49;228556
DK041;11-Jun-22;37;228593
DK041;12-Jun-22;46;228639
DK041;13-Jun-22;47;228686
DK041;14-Jun-22;46;228732
DK041;15-Jun-22;57;228789
DK041;16-Jun-22;71;228860
DK041;17-Jun-22;69;228929
DK041;18-Jun-22;63;228992
DK041;19-Jun-22;63;229055
DK041;20-Jun-22;106;229161
DK041;21-Jun-22;116;229277
DK041;22-Jun-22;92;229369
DK041;23-Jun-22;81;229450
DK041;24-Jun-22;56;229506
DK041;25-Jun-22;51;229557
DK041;26-Jun-22;90;229647
DK041;27-Jun-22;113;229760
DK041;28-Jun-22;140;229900
DK041;29-Jun-22;129;230029
DK041;30-Jun-22;97;230126
DK041;01-Jul-22;89;230215
DK041;02-Jul-22;64;230279
DK041;03-Jul-22;77;230356
DK041;04-Jul-22;141;230497
DK041;05-Jul-22;118;230615
DK041;06-Jul-22;135;230750
DK041;07-Jul-22;116;230866
DK041;08-Jul-22;93;230959
DK041;09-Jul-22;82;231041
DK041;10-Jul-22;94;231135
DK041;11-Jul-22;149;231284
DK041;12-Jul-22;133;231417
DK041;13-Jul-22;115;231532
DK041;14-Jul-22;130;231662
DK041;15-Jul-22;127;231789
DK041;16-Jul-22;111;231900
DK041;17-Jul-22;129;232029
DK041;18-Jul-22;176;232205
DK041;19-Jul-22;125;232330
DK041;20-Jul-22;102;232432
DK041;21-Jul-22;102;232534
DK041;22-Jul-22;121;232655
DK041;23-Jul-22;76;232731
DK041;24-Jul-22;98;232829
DK041;25-Jul-22;133;232962
DK041;26-Jul-22;139;233101
DK041;27-Jul-22;102;233203
DK041;28-Jul-22;86;233289
DK041;29-Jul-22;93;233382
DK041;30-Jul-22;65;233447
DK041;31-Jul-22;107;233554
DK041;01-Aug-22;113;233667
DK041;02-Aug-22;106;233773
DK041;03-Aug-22;117;233890
DK041;04-Aug-22;103;233993
DK041;05-Aug-22;89;234082
DK041;06-Aug-22;69;234151
DK041;07-Aug-22;93;234244
DK041;08-Aug-22;146;234390
DK041;09-Aug-22;167;234557
DK041;10-Aug-22;157;234714
DK041;11-Aug-22;143;234857
DK041;12-Aug-22;124;234981
DK041;13-Aug-22;96;235077
DK041;14-Aug-22;109;235186
DK041;15-Aug-22;176;235362
DK041;16-Aug-22;120;235482
DK041;17-Aug-22;112;235594
DK041;18-Aug-22;85;235679
DK041;19-Aug-22;73;235752
DK041;20-Aug-22;79;235831
DK041;21-Aug-22;84;235915
DK041;22-Aug-22;106;236021
DK041;23-Aug-22;127;236148
DK041;24-Aug-22;104;236252
DK041;25-Aug-22;95;236347
DK041;26-Aug-22;89;236436
DK041;27-Aug-22;56;236492
DK041;28-Aug-22;60;236552
DK041;29-Aug-22;82;236634
DK041;30-Aug-22;63;236697
DK041;31-Aug-22;89;236786
DK041;01-Sep-22;64;236850
DK041;02-Sep-22;59;236909
DK041;03-Sep-22;41;236950
DK041;04-Sep-22;55;237005
DK041;05-Sep-22;71;237076
DK041;06-Sep-22;51;237127
DK041;07-Sep-22;66;237193
DK041;08-Sep-22;49;237242
DK042;28-Feb-20;1;1
DK042;07-Mar-20;1;2
DK042;08-Mar-20;22;24
DK042;09-Mar-20;38;62
DK042;10-Mar-20;63;125
DK042;11-Mar-20;22;147
DK042;12-Mar-20;6;153
DK042;13-Mar-20;3;156
DK042;14-Mar-20;4;160
DK042;15-Mar-20;2;162
DK042;17-Mar-20;4;166
DK042;18-Mar-20;8;174
DK042;19-Mar-20;9;183
DK042;20-Mar-20;3;186
DK042;22-Mar-20;6;192
DK042;23-Mar-20;10;202
DK042;24-Mar-20;6;208
DK042;25-Mar-20;8;216
DK042;26-Mar-20;13;229
DK042;27-Mar-20;9;238
DK042;28-Mar-20;7;245
DK042;29-Mar-20;5;250
DK042;30-Mar-20;19;269
DK042;31-Mar-20;10;279
DK042;01-Apr-20;22;301
DK042;02-Apr-20;29;330
DK042;03-Apr-20;29;359
DK042;04-Apr-20;9;368
DK042;05-Apr-20;6;374
DK042;06-Apr-20;35;409
DK042;07-Apr-20;25;434
DK042;08-Apr-20;22;456
DK042;09-Apr-20;10;466
DK042;10-Apr-20;7;473
DK042;11-Apr-20;12;485
DK042;12-Apr-20;6;491
DK042;13-Apr-20;17;508
DK042;14-Apr-20;15;523
DK042;15-Apr-20;3;526
DK042;16-Apr-20;14;540
DK042;17-Apr-20;9;549
DK042;18-Apr-20;5;554
DK042;19-Apr-20;2;556
DK042;20-Apr-20;5;561
DK042;21-Apr-20;4;565
DK042;22-Apr-20;4;569
DK042;23-Apr-20;12;581
DK042;24-Apr-20;12;593
DK042;25-Apr-20;10;603
DK042;26-Apr-20;3;606
DK042;27-Apr-20;6;612
DK042;28-Apr-20;7;619
DK042;29-Apr-20;6;625
DK042;30-Apr-20;6;631
DK042;01-May-20;6;637
DK042;02-May-20;9;646
DK042;03-May-20;6;652
DK042;04-May-20;1;653
DK042;05-May-20;3;656
DK042;06-May-20;3;659
DK042;07-May-20;4;663
DK042;08-May-20;2;665
DK042;09-May-20;1;666
DK042;10-May-20;1;667
DK042;11-May-20;2;669
DK042;13-May-20;2;671
DK042;14-May-20;4;675
DK042;15-May-20;3;678
DK042;16-May-20;4;682
DK042;17-May-20;3;685
DK042;18-May-20;4;689
DK042;19-May-20;3;692
DK042;21-May-20;1;693
DK042;22-May-20;1;694
DK042;23-May-20;2;696
DK042;25-May-20;1;697
DK042;26-May-20;2;699
DK042;27-May-20;2;701
DK042;01-Jun-20;3;704
DK042;02-Jun-20;3;707
DK042;04-Jun-20;5;712
DK042;06-Jun-20;1;713
DK042;08-Jun-20;3;716
DK042;10-Jun-20;1;717
DK042;11-Jun-20;1;718
DK042;12-Jun-20;3;721
DK042;13-Jun-20;1;722
DK042;15-Jun-20;1;723
DK042;16-Jun-20;3;726
DK042;17-Jun-20;1;727
DK042;19-Jun-20;2;729
DK042;20-Jun-20;2;731
DK042;21-Jun-20;1;732
DK042;22-Jun-20;1;733
DK042;23-Jun-20;3;736
DK042;24-Jun-20;3;739
DK042;25-Jun-20;4;743
DK042;26-Jun-20;3;746
DK042;27-Jun-20;3;749
DK042;28-Jun-20;4;753
DK042;30-Jun-20;2;755
DK042;01-Jul-20;2;757
DK042;02-Jul-20;1;758
DK042;03-Jul-20;1;759
DK042;05-Jul-20;1;760
DK042;07-Jul-20;1;761
DK042;08-Jul-20;1;762
DK042;09-Jul-20;4;766
DK042;13-Jul-20;6;772
DK042;14-Jul-20;3;775
DK042;15-Jul-20;1;776
DK042;16-Jul-20;3;779
DK042;17-Jul-20;1;780
DK042;19-Jul-20;1;781
DK042;20-Jul-20;3;784
DK042;23-Jul-20;2;786
DK042;24-Jul-20;7;793
DK042;25-Jul-20;5;798
DK042;26-Jul-20;4;802
DK042;27-Jul-20;6;808
DK042;28-Jul-20;10;818
DK042;29-Jul-20;9;827
DK042;30-Jul-20;19;846
DK042;31-Jul-20;17;863
DK042;01-Aug-20;26;889
DK042;02-Aug-20;36;925
DK042;03-Aug-20;44;969
DK042;04-Aug-20;57;1026
DK042;05-Aug-20;62;1088
DK042;06-Aug-20;85;1173
DK042;07-Aug-20;102;1275
DK042;08-Aug-20;56;1331
DK042;09-Aug-20;58;1389
DK042;10-Aug-20;80;1469
DK042;11-Aug-20;64;1533
DK042;12-Aug-20;79;1612
DK042;13-Aug-20;56;1668
DK042;14-Aug-20;28;1696
DK042;15-Aug-20;65;1761
DK042;16-Aug-20;29;1790
DK042;17-Aug-20;33;1823
DK042;18-Aug-20;36;1859
DK042;19-Aug-20;22;1881
DK042;20-Aug-20;27;1908
DK042;21-Aug-20;21;1929
DK042;22-Aug-20;28;1957
DK042;23-Aug-20;20;1977
DK042;24-Aug-20;24;2001
DK042;25-Aug-20;18;2019
DK042;26-Aug-20;18;2037
DK042;27-Aug-20;13;2050
DK042;28-Aug-20;16;2066
DK042;29-Aug-20;12;2078
DK042;30-Aug-20;18;2096
DK042;31-Aug-20;17;2113
DK042;01-Sep-20;27;2140
DK042;02-Sep-20;13;2153
DK042;03-Sep-20;15;2168
DK042;04-Sep-20;14;2182
DK042;05-Sep-20;13;2195
DK042;06-Sep-20;15;2210
DK042;07-Sep-20;15;2225
DK042;08-Sep-20;36;2261
DK042;09-Sep-20;24;2285
DK042;10-Sep-20;15;2300
DK042;11-Sep-20;48;2348
DK042;12-Sep-20;22;2370
DK042;13-Sep-20;12;2382
DK042;14-Sep-20;26;2408
DK042;15-Sep-20;42;2450
DK042;16-Sep-20;45;2495
DK042;17-Sep-20;47;2542
DK042;18-Sep-20;60;2602
DK042;19-Sep-20;44;2646
DK042;20-Sep-20;44;2690
DK042;21-Sep-20;53;2743
DK042;22-Sep-20;83;2826
DK042;23-Sep-20;105;2931
DK042;24-Sep-20;104;3035
DK042;25-Sep-20;95;3130
DK042;26-Sep-20;78;3208
DK042;27-Sep-20;71;3279
DK042;28-Sep-20;96;3375
DK042;29-Sep-20;94;3469
DK042;30-Sep-20;82;3551
DK042;01-Oct-20;78;3629
DK042;02-Oct-20;78;3707
DK042;03-Oct-20;48;3755
DK042;04-Oct-20;44;3799
DK042;05-Oct-20;65;3864
DK042;06-Oct-20;78;3942
DK042;07-Oct-20;116;4058
DK042;08-Oct-20;77;4135
DK042;09-Oct-20;77;4212
DK042;10-Oct-20;62;4274
DK042;11-Oct-20;50;4324
DK042;12-Oct-20;95;4419
DK042;13-Oct-20;78;4497
DK042;14-Oct-20;64;4561
DK042;15-Oct-20;78;4639
DK042;16-Oct-20;80;4719
DK042;17-Oct-20;49;4768
DK042;18-Oct-20;53;4821
DK042;19-Oct-20;107;4928
DK042;20-Oct-20;149;5077
DK042;21-Oct-20;181;5258
DK042;22-Oct-20;114;5372
DK042;23-Oct-20;128;5500
DK042;24-Oct-20;102;5602
DK042;25-Oct-20;105;5707
DK042;26-Oct-20;108;5815
DK042;27-Oct-20;141;5956
DK042;28-Oct-20;172;6128
DK042;29-Oct-20;89;6217
DK042;30-Oct-20;129;6346
DK042;31-Oct-20;108;6454
DK042;01-Nov-20;126;6580
DK042;02-Nov-20;127;6707
DK042;03-Nov-20;155;6862
DK042;04-Nov-20;165;7027
DK042;05-Nov-20;130;7157
DK042;06-Nov-20;112;7269
DK042;07-Nov-20;116;7385
DK042;08-Nov-20;114;7499
DK042;09-Nov-20;148;7647
DK042;10-Nov-20;153;7800
DK042;11-Nov-20;177;7977
DK042;12-Nov-20;174;8151
DK042;13-Nov-20;144;8295
DK042;14-Nov-20;149;8444
DK042;15-Nov-20;119;8563
DK042;16-Nov-20;189;8752
DK042;17-Nov-20;202;8954
DK042;18-Nov-20;201;9155
DK042;19-Nov-20;141;9296
DK042;20-Nov-20;154;9450
DK042;21-Nov-20;116;9566
DK042;22-Nov-20;112;9678
DK042;23-Nov-20;141;9819
DK042;24-Nov-20;180;9999
DK042;25-Nov-20;165;10164
DK042;26-Nov-20;172;10336
DK042;27-Nov-20;176;10512
DK042;28-Nov-20;167;10679
DK042;29-Nov-20;126;10805
DK042;30-Nov-20;268;11073
DK042;01-Dec-20;220;11293
DK042;02-Dec-20;248;11541
DK042;03-Dec-20;252;11793
DK042;04-Dec-20;300;12093
DK042;05-Dec-20;204;12297
DK042;06-Dec-20;231;12528
DK042;07-Dec-20;347;12875
DK042;08-Dec-20;415;13290
DK042;09-Dec-20;451;13741
DK042;10-Dec-20;495;14236
DK042;11-Dec-20;483;14719
DK042;12-Dec-20;449;15168
DK042;13-Dec-20;381;15549
DK042;14-Dec-20;598;16147
DK042;15-Dec-20;658;16805
DK042;16-Dec-20;602;17407
DK042;17-Dec-20;483;17890
DK042;18-Dec-20;429;18319
DK042;19-Dec-20;410;18729
DK042;20-Dec-20;324;19053
DK042;21-Dec-20;391;19444
DK042;22-Dec-20;356;19800
DK042;23-Dec-20;401;20201
DK042;24-Dec-20;160;20361
DK042;25-Dec-20;145;20506
DK042;26-Dec-20;349;20855
DK042;27-Dec-20;303;21158
DK042;28-Dec-20;438;21596
DK042;29-Dec-20;408;22004
DK042;30-Dec-20;347;22351
DK042;31-Dec-20;178;22529
DK042;01-Jan-21;174;22703
DK042;02-Jan-21;346;23049
DK042;03-Jan-21;257;23306
DK042;04-Jan-21;386;23692
DK042;05-Jan-21;245;23937
DK042;06-Jan-21;235;24172
DK042;07-Jan-21;277;24449
DK042;08-Jan-21;207;24656
DK042;09-Jan-21;169;24825
DK042;10-Jan-21;139;24964
DK042;11-Jan-21;151;25115
DK042;12-Jan-21;150;25265
DK042;13-Jan-21;135;25400
DK042;14-Jan-21;151;25551
DK042;15-Jan-21;85;25636
DK042;16-Jan-21;56;25692
DK042;17-Jan-21;58;25750
DK042;18-Jan-21;100;25850
DK042;19-Jan-21;69;25919
DK042;20-Jan-21;82;26001
DK042;21-Jan-21;88;26089
DK042;22-Jan-21;73;26162
DK042;23-Jan-21;62;26224
DK042;24-Jan-21;42;26266
DK042;25-Jan-21;57;26323
DK042;26-Jan-21;73;26396
DK042;27-Jan-21;48;26444
DK042;28-Jan-21;46;26490
DK042;29-Jan-21;33;26523
DK042;30-Jan-21;29;26552
DK042;31-Jan-21;36;26588
DK042;01-Feb-21;47;26635
DK042;02-Feb-21;55;26690
DK042;03-Feb-21;39;26729
DK042;04-Feb-21;54;26783
DK042;05-Feb-21;51;26834
DK042;06-Feb-21;58;26892
DK042;07-Feb-21;70;26962
DK042;08-Feb-21;38;27000
DK042;09-Feb-21;58;27058
DK042;10-Feb-21;60;27118
DK042;11-Feb-21;46;27164
DK042;12-Feb-21;36;27200
DK042;13-Feb-21;45;27245
DK042;14-Feb-21;33;27278
DK042;15-Feb-21;53;27331
DK042;16-Feb-21;71;27402
DK042;17-Feb-21;63;27465
DK042;18-Feb-21;73;27538
DK042;19-Feb-21;37;27575
DK042;20-Feb-21;53;27628
DK042;21-Feb-21;60;27688
DK042;22-Feb-21;58;27746
DK042;23-Feb-21;46;27792
DK042;24-Feb-21;49;27841
DK042;25-Feb-21;40;27881
DK042;26-Feb-21;32;27913
DK042;27-Feb-21;43;27956
DK042;28-Feb-21;38;27994
DK042;01-Mar-21;52;28046
DK042;02-Mar-21;70;28116
DK042;03-Mar-21;52;28168
DK042;04-Mar-21;35;28203
DK042;05-Mar-21;48;28251
DK042;06-Mar-21;37;28288
DK042;07-Mar-21;60;28348
DK042;08-Mar-21;74;28422
DK042;09-Mar-21;77;28499
DK042;10-Mar-21;73;28572
DK042;11-Mar-21;53;28625
DK042;12-Mar-21;50;28675
DK042;13-Mar-21;46;28721
DK042;14-Mar-21;56;28777
DK042;15-Mar-21;68;28845
DK042;16-Mar-21;88;28933
DK042;17-Mar-21;71;29004
DK042;18-Mar-21;57;29061
DK042;19-Mar-21;61;29122
DK042;20-Mar-21;58;29180
DK042;21-Mar-21;61;29241
DK042;22-Mar-21;66;29307
DK042;23-Mar-21;105;29412
DK042;24-Mar-21;94;29506
DK042;25-Mar-21;67;29573
DK042;26-Mar-21;54;29627
DK042;27-Mar-21;81;29708
DK042;28-Mar-21;67;29775
DK042;29-Mar-21;79;29854
DK042;30-Mar-21;74;29928
DK042;31-Mar-21;85;30013
DK042;01-Apr-21;93;30106
DK042;02-Apr-21;68;30174
DK042;03-Apr-21;87;30261
DK042;04-Apr-21;53;30314
DK042;05-Apr-21;66;30380
DK042;06-Apr-21;66;30446
DK042;07-Apr-21;78;30524
DK042;08-Apr-21;85;30609
DK042;09-Apr-21;62;30671
DK042;10-Apr-21;52;30723
DK042;11-Apr-21;73;30796
DK042;12-Apr-21;87;30883
DK042;13-Apr-21;115;30998
DK042;14-Apr-21;90;31088
DK042;15-Apr-21;139;31227
DK042;16-Apr-21;110;31337
DK042;17-Apr-21;106;31443
DK042;18-Apr-21;105;31548
DK042;19-Apr-21;127;31675
DK042;20-Apr-21;149;31824
DK042;21-Apr-21;94;31918
DK042;22-Apr-21;63;31981
DK042;23-Apr-21;79;32060
DK042;24-Apr-21;85;32145
DK042;25-Apr-21;79;32224
DK042;26-Apr-21;79;32303
DK042;27-Apr-21;99;32402
DK042;28-Apr-21;106;32508
DK042;29-Apr-21;97;32605
DK042;30-Apr-21;76;32681
DK042;01-May-21;100;32781
DK042;02-May-21;88;32869
DK042;03-May-21;124;32993
DK042;04-May-21;122;33115
DK042;05-May-21;113;33228
DK042;06-May-21;101;33329
DK042;07-May-21;110;33439
DK042;08-May-21;91;33530
DK042;09-May-21;85;33615
DK042;10-May-21;165;33780
DK042;11-May-21;180;33960
DK042;12-May-21;131;34091
DK042;13-May-21;92;34183
DK042;14-May-21;103;34286
DK042;15-May-21;135;34421
DK042;16-May-21;100;34521
DK042;17-May-21;138;34659
DK042;18-May-21;126;34785
DK042;19-May-21;129;34914
DK042;20-May-21;105;35019
DK042;21-May-21;94;35113
DK042;22-May-21;118;35231
DK042;23-May-21;120;35351
DK042;24-May-21;135;35486
DK042;25-May-21;163;35649
DK042;26-May-21;119;35768
DK042;27-May-21;136;35904
DK042;28-May-21;147;36051
DK042;29-May-21;118;36169
DK042;30-May-21;139;36308
DK042;31-May-21;156;36464
DK042;01-Jun-21;160;36624
DK042;02-Jun-21;155;36779
DK042;03-Jun-21;111;36890
DK042;04-Jun-21;141;37031
DK042;05-Jun-21;120;37151
DK042;06-Jun-21;95;37246
DK042;07-Jun-21;106;37352
DK042;08-Jun-21;88;37440
DK042;09-Jun-21;95;37535
DK042;10-Jun-21;67;37602
DK042;11-Jun-21;66;37668
DK042;12-Jun-21;36;37704
DK042;13-Jun-21;41;37745
DK042;14-Jun-21;53;37798
DK042;15-Jun-21;52;37850
DK042;16-Jun-21;47;37897
DK042;17-Jun-21;33;37930
DK042;18-Jun-21;37;37967
DK042;19-Jun-21;17;37984
DK042;20-Jun-21;36;38020
DK042;21-Jun-21;27;38047
DK042;22-Jun-21;20;38067
DK042;23-Jun-21;29;38096
DK042;24-Jun-21;34;38130
DK042;25-Jun-21;31;38161
DK042;26-Jun-21;14;38175
DK042;27-Jun-21;14;38189
DK042;28-Jun-21;33;38222
DK042;29-Jun-21;35;38257
DK042;30-Jun-21;49;38306
DK042;01-Jul-21;38;38344
DK042;02-Jul-21;50;38394
DK042;03-Jul-21;43;38437
DK042;04-Jul-21;53;38490
DK042;05-Jul-21;125;38615
DK042;06-Jul-21;99;38714
DK042;07-Jul-21;127;38841
DK042;08-Jul-21;102;38943
DK042;09-Jul-21;119;39062
DK042;10-Jul-21;105;39167
DK042;11-Jul-21;188;39355
DK042;12-Jul-21;231;39586
DK042;13-Jul-21;250;39836
DK042;14-Jul-21;261;40097
DK042;15-Jul-21;198;40295
DK042;16-Jul-21;167;40462
DK042;17-Jul-21;151;40613
DK042;18-Jul-21;136;40749
DK042;19-Jul-21;194;40943
DK042;20-Jul-21;180;41123
DK042;21-Jul-21;167;41290
DK042;22-Jul-21;147;41437
DK042;23-Jul-21;160;41597
DK042;24-Jul-21;151;41748
DK042;25-Jul-21;162;41910
DK042;26-Jul-21;227;42137
DK042;27-Jul-21;212;42349
DK042;28-Jul-21;175;42524
DK042;29-Jul-21;188;42712
DK042;30-Jul-21;178;42890
DK042;31-Jul-21;134;43024
DK042;01-Aug-21;153;43177
DK042;02-Aug-21;174;43351
DK042;03-Aug-21;181;43532
DK042;04-Aug-21;157;43689
DK042;05-Aug-21;134;43823
DK042;06-Aug-21;138;43961
DK042;07-Aug-21;140;44101
DK042;08-Aug-21;175;44276
DK042;09-Aug-21;147;44423
DK042;10-Aug-21;193;44616
DK042;11-Aug-21;179;44795
DK042;12-Aug-21;193;44988
DK042;13-Aug-21;141;45129
DK042;14-Aug-21;144;45273
DK042;15-Aug-21;187;45460
DK042;16-Aug-21;196;45656
DK042;17-Aug-21;177;45833
DK042;18-Aug-21;137;45970
DK042;19-Aug-21;179;46149
DK042;20-Aug-21;149;46298
DK042;21-Aug-21;90;46388
DK042;22-Aug-21;137;46525
DK042;23-Aug-21;167;46692
DK042;24-Aug-21;118;46810
DK042;25-Aug-21;100;46910
DK042;26-Aug-21;151;47061
DK042;27-Aug-21;108;47169
DK042;28-Aug-21;96;47265
DK042;29-Aug-21;103;47368
DK042;30-Aug-21;112;47480
DK042;31-Aug-21;126;47606
DK042;01-Sep-21;86;47692
DK042;02-Sep-21;62;47754
DK042;03-Sep-21;72;47826
DK042;04-Sep-21;62;47888
DK042;05-Sep-21;49;47937
DK042;06-Sep-21;46;47983
DK042;07-Sep-21;83;48066
DK042;08-Sep-21;58;48124
DK042;09-Sep-21;62;48186
DK042;10-Sep-21;55;48241
DK042;11-Sep-21;45;48286
DK042;12-Sep-21;31;48317
DK042;13-Sep-21;53;48370
DK042;14-Sep-21;36;48406
DK042;15-Sep-21;44;48450
DK042;16-Sep-21;39;48489
DK042;17-Sep-21;35;48524
DK042;18-Sep-21;37;48561
DK042;19-Sep-21;48;48609
DK042;20-Sep-21;39;48648
DK042;21-Sep-21;36;48684
DK042;22-Sep-21;48;48732
DK042;23-Sep-21;48;48780
DK042;24-Sep-21;30;48810
DK042;25-Sep-21;17;48827
DK042;26-Sep-21;22;48849
DK042;27-Sep-21;37;48886
DK042;28-Sep-21;45;48931
DK042;29-Sep-21;39;48970
DK042;30-Sep-21;36;49006
DK042;01-Oct-21;31;49037
DK042;02-Oct-21;34;49071
DK042;03-Oct-21;51;49122
DK042;04-Oct-21;44;49166
DK042;05-Oct-21;51;49217
DK042;06-Oct-21;60;49277
DK042;07-Oct-21;55;49332
DK042;08-Oct-21;64;49396
DK042;09-Oct-21;48;49444
DK042;10-Oct-21;44;49488
DK042;11-Oct-21;59;49547
DK042;12-Oct-21;57;49604
DK042;13-Oct-21;58;49662
DK042;14-Oct-21;39;49701
DK042;15-Oct-21;55;49756
DK042;16-Oct-21;45;49801
DK042;17-Oct-21;43;49844
DK042;18-Oct-21;58;49902
DK042;19-Oct-21;65;49967
DK042;20-Oct-21;88;50055
DK042;21-Oct-21;103;50158
DK042;22-Oct-21;95;50253
DK042;23-Oct-21;102;50355
DK042;24-Oct-21;103;50458
DK042;25-Oct-21;115;50573
DK042;26-Oct-21;110;50683
DK042;27-Oct-21;160;50843
DK042;28-Oct-21;126;50969
DK042;29-Oct-21;125;51094
DK042;30-Oct-21;113;51207
DK042;31-Oct-21;156;51363
DK042;01-Nov-21;182;51545
DK042;02-Nov-21;200;51745
DK042;03-Nov-21;229;51974
DK042;04-Nov-21;216;52190
DK042;05-Nov-21;238;52428
DK042;06-Nov-21;209;52637
DK042;07-Nov-21;302;52939
DK042;08-Nov-21;376;53315
DK042;09-Nov-21;412;53727
DK042;10-Nov-21;422;54149
DK042;11-Nov-21;311;54460
DK042;12-Nov-21;316;54776
DK042;13-Nov-21;336;55112
DK042;14-Nov-21;329;55441
DK042;15-Nov-21;447;55888
DK042;16-Nov-21;397;56285
DK042;17-Nov-21;388;56673
DK042;18-Nov-21;416;57089
DK042;19-Nov-21;334;57423
DK042;20-Nov-21;430;57853
DK042;21-Nov-21;436;58289
DK042;22-Nov-21;406;58695
DK042;23-Nov-21;454;59149
DK042;24-Nov-21;431;59580
DK042;25-Nov-21;411;59991
DK042;26-Nov-21;435;60426
DK042;27-Nov-21;500;60926
DK042;28-Nov-21;489;61415
DK042;29-Nov-21;514;61929
DK042;30-Nov-21;546;62475
DK042;01-Dec-21;540;63015
DK042;02-Dec-21;488;63503
DK042;03-Dec-21;581;64084
DK042;04-Dec-21;579;64663
DK042;05-Dec-21;566;65229
DK042;06-Dec-21;766;65995
DK042;07-Dec-21;754;66749
DK042;08-Dec-21;749;67498
DK042;09-Dec-21;749;68247
DK042;10-Dec-21;744;68991
DK042;11-Dec-21;746;69737
DK042;12-Dec-21;863;70600
DK042;13-Dec-21;1021;71621
DK042;14-Dec-21;1044;72665
DK042;15-Dec-21;1068;73733
DK042;16-Dec-21;1049;74782
DK042;17-Dec-21;1115;75897
DK042;18-Dec-21;1207;77104
DK042;19-Dec-21;1284;78388
DK042;20-Dec-21;1362;79750
DK042;21-Dec-21;1284;81034
DK042;22-Dec-21;1332;82366
DK042;23-Dec-21;1387;83753
DK042;24-Dec-21;1086;84839
DK042;25-Dec-21;1071;85910
DK042;26-Dec-21;1589;87499
DK042;27-Dec-21;2712;90211
DK042;28-Dec-21;2685;92896
DK042;29-Dec-21;2169;95065
DK042;30-Dec-21;2465;97530
DK042;31-Dec-21;1545;99075
DK042;01-Jan-22;1396;100471
DK042;02-Jan-22;2728;103199
DK042;03-Jan-22;3789;106988
DK042;04-Jan-22;3553;110541
DK042;05-Jan-22;2925;113466
DK042;06-Jan-22;2359;115825
DK042;07-Jan-22;2389;118214
DK042;08-Jan-22;2284;120498
DK042;09-Jan-22;2875;123373
DK042;10-Jan-22;3516;126889
DK042;11-Jan-22;3407;130296
DK042;12-Jan-22;3913;134209
DK042;13-Jan-22;3918;138127
DK042;14-Jan-22;4236;142363
DK042;15-Jan-22;4650;147013
DK042;16-Jan-22;5110;152123
DK042;17-Jan-22;6289;158412
DK042;18-Jan-22;6180;164592
DK042;19-Jan-22;6449;171041
DK042;20-Jan-22;5831;176872
DK042;21-Jan-22;6333;183205
DK042;22-Jan-22;6271;189476
DK042;23-Jan-22;6589;196065
DK042;24-Jan-22;8626;204691
DK042;25-Jan-22;7907;212598
DK042;26-Jan-22;7560;220158
DK042;27-Jan-22;6704;226862
DK042;28-Jan-22;6658;233520
DK042;29-Jan-22;4088;237608
DK042;30-Jan-22;5793;243401
DK042;31-Jan-22;9676;253077
DK042;01-Feb-22;8155;261232
DK042;02-Feb-22;7562;268794
DK042;03-Feb-22;7051;275845
DK042;04-Feb-22;6562;282407
DK042;05-Feb-22;6575;288982
DK042;06-Feb-22;7898;296880
DK042;07-Feb-22;9974;306854
DK042;08-Feb-22;9856;316710
DK042;09-Feb-22;9735;326445
DK042;10-Feb-22;7837;334282
DK042;11-Feb-22;7506;341788
DK042;12-Feb-22;6284;348072
DK042;13-Feb-22;6775;354847
DK042;14-Feb-22;7623;362470
DK042;15-Feb-22;7321;369791
DK042;16-Feb-22;6667;376458
DK042;17-Feb-22;5875;382333
DK042;18-Feb-22;4638;386971
DK042;19-Feb-22;4781;391752
DK042;20-Feb-22;6087;397839
DK042;21-Feb-22;5818;403657
DK042;22-Feb-22;4622;408279
DK042;23-Feb-22;4175;412454
DK042;24-Feb-22;3411;415865
DK042;25-Feb-22;2849;418714
DK042;26-Feb-22;2584;421298
DK042;27-Feb-22;3011;424309
DK042;28-Feb-22;3648;427957
DK042;01-Mar-22;3172;431129
DK042;02-Mar-22;3247;434376
DK042;03-Mar-22;2653;437029
DK042;04-Mar-22;2301;439330
DK042;05-Mar-22;1996;441326
DK042;06-Mar-22;2408;443734
DK042;07-Mar-22;2865;446599
DK042;08-Mar-22;2606;449205
DK042;09-Mar-22;2306;451511
DK042;10-Mar-22;1927;453438
DK042;11-Mar-22;1240;454678
DK042;12-Mar-22;1006;455684
DK042;13-Mar-22;1267;456951
DK042;14-Mar-22;1646;458597
DK042;15-Mar-22;1472;460069
DK042;16-Mar-22;1322;461391
DK042;17-Mar-22;1189;462580
DK042;18-Mar-22;983;463563
DK042;19-Mar-22;718;464281
DK042;20-Mar-22;928;465209
DK042;21-Mar-22;1155;466364
DK042;22-Mar-22;993;467357
DK042;23-Mar-22;942;468299
DK042;24-Mar-22;724;469023
DK042;25-Mar-22;668;469691
DK042;26-Mar-22;479;470170
DK042;27-Mar-22;600;470770
DK042;28-Mar-22;672;471442
DK042;29-Mar-22;608;472050
DK042;30-Mar-22;550;472600
DK042;31-Mar-22;466;473066
DK042;01-Apr-22;338;473404
DK042;02-Apr-22;287;473691
DK042;03-Apr-22;341;474032
DK042;04-Apr-22;478;474510
DK042;05-Apr-22;426;474936
DK042;06-Apr-22;379;475315
DK042;07-Apr-22;385;475700
DK042;08-Apr-22;299;475999
DK042;09-Apr-22;265;476264
DK042;10-Apr-22;283;476547
DK042;11-Apr-22;394;476941
DK042;12-Apr-22;317;477258
DK042;13-Apr-22;302;477560
DK042;14-Apr-22;191;477751
DK042;15-Apr-22;223;477974
DK042;16-Apr-22;206;478180
DK042;17-Apr-22;206;478386
DK042;18-Apr-22;260;478646
DK042;19-Apr-22;297;478943
DK042;20-Apr-22;286;479229
DK042;21-Apr-22;246;479475
DK042;22-Apr-22;183;479658
DK042;23-Apr-22;140;479798
DK042;24-Apr-22;132;479930
DK042;25-Apr-22;203;480133
DK042;26-Apr-22;182;480315
DK042;27-Apr-22;152;480467
DK042;28-Apr-22;110;480577
DK042;29-Apr-22;126;480703
DK042;30-Apr-22;65;480768
DK042;01-May-22;99;480867
DK042;02-May-22;137;481004
DK042;03-May-22;133;481137
DK042;04-May-22;156;481293
DK042;05-May-22;132;481425
DK042;06-May-22;109;481534
DK042;07-May-22;78;481612
DK042;08-May-22;86;481698
DK042;09-May-22;136;481834
DK042;10-May-22;118;481952
DK042;11-May-22;119;482071
DK042;12-May-22;110;482181
DK042;13-May-22;62;482243
DK042;14-May-22;70;482313
DK042;15-May-22;74;482387
DK042;16-May-22;124;482511
DK042;17-May-22;109;482620
DK042;18-May-22;102;482722
DK042;19-May-22;104;482826
DK042;20-May-22;77;482903
DK042;21-May-22;60;482963
DK042;22-May-22;55;483018
DK042;23-May-22;79;483097
DK042;24-May-22;91;483188
DK042;25-May-22;66;483254
DK042;26-May-22;43;483297
DK042;27-May-22;64;483361
DK042;28-May-22;50;483411
DK042;29-May-22;73;483484
DK042;30-May-22;130;483614
DK042;31-May-22;81;483695
DK042;01-Jun-22;96;483791
DK042;02-Jun-22;99;483890
DK042;03-Jun-22;93;483983
DK042;04-Jun-22;70;484053
DK042;05-Jun-22;58;484111
DK042;06-Jun-22;99;484210
DK042;07-Jun-22;109;484319
DK042;08-Jun-22;113;484432
DK042;09-Jun-22;129;484561
DK042;10-Jun-22;100;484661
DK042;11-Jun-22;108;484769
DK042;12-Jun-22;123;484892
DK042;13-Jun-22;166;485058
DK042;14-Jun-22;196;485254
DK042;15-Jun-22;199;485453
DK042;16-Jun-22;176;485629
DK042;17-Jun-22;200;485829
DK042;18-Jun-22;185;486014
DK042;19-Jun-22;208;486222
DK042;20-Jun-22;245;486467
DK042;21-Jun-22;256;486723
DK042;22-Jun-22;248;486971
DK042;23-Jun-22;199;487170
DK042;24-Jun-22;173;487343
DK042;25-Jun-22;110;487453
DK042;26-Jun-22;256;487709
DK042;27-Jun-22;336;488045
DK042;28-Jun-22;329;488374
DK042;29-Jun-22;307;488681
DK042;30-Jun-22;268;488949
DK042;01-Jul-22;248;489197
DK042;02-Jul-22;191;489388
DK042;03-Jul-22;202;489590
DK042;04-Jul-22;308;489898
DK042;05-Jul-22;306;490204
DK042;06-Jul-22;289;490493
DK042;07-Jul-22;302;490795
DK042;08-Jul-22;291;491086
DK042;09-Jul-22;200;491286
DK042;10-Jul-22;267;491553
DK042;11-Jul-22;349;491902
DK042;12-Jul-22;309;492211
DK042;13-Jul-22;312;492523
DK042;14-Jul-22;271;492794
DK042;15-Jul-22;302;493096
DK042;16-Jul-22;225;493321
DK042;17-Jul-22;278;493599
DK042;18-Jul-22;410;494009
DK042;19-Jul-22;314;494323
DK042;20-Jul-22;273;494596
DK042;21-Jul-22;265;494861
DK042;22-Jul-22;275;495136
DK042;23-Jul-22;192;495328
DK042;24-Jul-22;219;495547
DK042;25-Jul-22;297;495844
DK042;26-Jul-22;260;496104
DK042;27-Jul-22;253;496357
DK042;28-Jul-22;249;496606
DK042;29-Jul-22;206;496812
DK042;30-Jul-22;213;497025
DK042;31-Jul-22;245;497270
DK042;01-Aug-22;289;497559
DK042;02-Aug-22;255;497814
DK042;03-Aug-22;244;498058
DK042;04-Aug-22;224;498282
DK042;05-Aug-22;191;498473
DK042;06-Aug-22;135;498608
DK042;07-Aug-22;204;498812
DK042;08-Aug-22;346;499158
DK042;09-Aug-22;428;499586
DK042;10-Aug-22;483;500069
DK042;11-Aug-22;451;500520
DK042;12-Aug-22;359;500879
DK042;13-Aug-22;258;501137
DK042;14-Aug-22;276;501413
DK042;15-Aug-22;365;501778
DK042;16-Aug-22;308;502086
DK042;17-Aug-22;279;502365
DK042;18-Aug-22;221;502586
DK042;19-Aug-22;194;502780
DK042;20-Aug-22;145;502925
DK042;21-Aug-22;169;503094
DK042;22-Aug-22;203;503297
DK042;23-Aug-22;185;503482
DK042;24-Aug-22;213;503695
DK042;25-Aug-22;160;503855
DK042;26-Aug-22;150;504005
DK042;27-Aug-22;117;504122
DK042;28-Aug-22;114;504236
DK042;29-Aug-22;139;504375
DK042;30-Aug-22;148;504523
DK042;31-Aug-22;146;504669
DK042;01-Sep-22;132;504801
DK042;02-Sep-22;120;504921
DK042;03-Sep-22;93;505014
DK042;04-Sep-22;99;505113
DK042;05-Sep-22;180;505293
DK042;06-Sep-22;148;505441
DK042;07-Sep-22;155;505596
DK042;08-Sep-22;141;505737
DK050;06-Mar-20;1;1
DK050;08-Mar-20;1;2
DK050;09-Mar-20;8;10
DK050;10-Mar-20;13;23
DK050;11-Mar-20;23;46
DK050;12-Mar-20;1;47
DK050;13-Mar-20;1;48
DK050;14-Mar-20;3;51
DK050;15-Mar-20;3;54
DK050;16-Mar-20;1;55
DK050;17-Mar-20;4;59
DK050;18-Mar-20;6;65
DK050;19-Mar-20;5;70
DK050;20-Mar-20;5;75
DK050;21-Mar-20;1;76
DK050;22-Mar-20;2;78
DK050;23-Mar-20;10;88
DK050;24-Mar-20;7;95
DK050;25-Mar-20;8;103
DK050;26-Mar-20;12;115
DK050;27-Mar-20;10;125
DK050;28-Mar-20;11;136
DK050;29-Mar-20;9;145
DK050;30-Mar-20;11;156
DK050;31-Mar-20;18;174
DK050;01-Apr-20;16;190
DK050;02-Apr-20;26;216
DK050;03-Apr-20;28;244
DK050;04-Apr-20;8;252
DK050;05-Apr-20;5;257
DK050;06-Apr-20;21;278
DK050;07-Apr-20;9;287
DK050;08-Apr-20;7;294
DK050;09-Apr-20;8;302
DK050;10-Apr-20;7;309
DK050;11-Apr-20;2;311
DK050;12-Apr-20;8;319
DK050;13-Apr-20;5;324
DK050;14-Apr-20;2;326
DK050;15-Apr-20;8;334
DK050;16-Apr-20;5;339
DK050;17-Apr-20;4;343
DK050;18-Apr-20;2;345
DK050;19-Apr-20;2;347
DK050;20-Apr-20;6;353
DK050;21-Apr-20;5;358
DK050;22-Apr-20;5;363
DK050;23-Apr-20;3;366
DK050;24-Apr-20;2;368
DK050;25-Apr-20;5;373
DK050;26-Apr-20;4;377
DK050;27-Apr-20;5;382
DK050;29-Apr-20;3;385
DK050;30-Apr-20;5;390
DK050;01-May-20;19;409
DK050;02-May-20;2;411
DK050;03-May-20;2;413
DK050;05-May-20;2;415
DK050;07-May-20;1;416
DK050;09-May-20;1;417
DK050;10-May-20;4;421
DK050;11-May-20;1;422
DK050;12-May-20;1;423
DK050;13-May-20;1;424
DK050;15-May-20;1;425
DK050;16-May-20;1;426
DK050;18-May-20;1;427
DK050;19-May-20;2;429
DK050;20-May-20;1;430
DK050;21-May-20;1;431
DK050;22-May-20;2;433
DK050;25-May-20;1;434
DK050;26-May-20;2;436
DK050;08-Jun-20;1;437
DK050;10-Jun-20;9;446
DK050;11-Jun-20;2;448
DK050;12-Jun-20;25;473
DK050;14-Jun-20;8;481
DK050;15-Jun-20;3;484
DK050;16-Jun-20;7;491
DK050;17-Jun-20;16;507
DK050;18-Jun-20;2;509
DK050;19-Jun-20;1;510
DK050;20-Jun-20;2;512
DK050;21-Jun-20;3;515
DK050;22-Jun-20;3;518
DK050;23-Jun-20;4;522
DK050;24-Jun-20;17;539
DK050;25-Jun-20;5;544
DK050;26-Jun-20;2;546
DK050;27-Jun-20;9;555
DK050;28-Jun-20;1;556
DK050;29-Jun-20;2;558
DK050;30-Jun-20;6;564
DK050;01-Jul-20;2;566
DK050;03-Jul-20;5;571
DK050;04-Jul-20;1;572
DK050;05-Jul-20;1;573
DK050;06-Jul-20;2;575
DK050;07-Jul-20;2;577
DK050;08-Jul-20;3;580
DK050;09-Jul-20;6;586
DK050;10-Jul-20;3;589
DK050;12-Jul-20;2;591
DK050;14-Jul-20;1;592
DK050;15-Jul-20;2;594
DK050;17-Jul-20;3;597
DK050;19-Jul-20;2;599
DK050;21-Jul-20;3;602
DK050;22-Jul-20;4;606
DK050;23-Jul-20;3;609
DK050;24-Jul-20;1;610
DK050;25-Jul-20;1;611
DK050;26-Jul-20;1;612
DK050;27-Jul-20;2;614
DK050;28-Jul-20;4;618
DK050;29-Jul-20;5;623
DK050;30-Jul-20;4;627
DK050;31-Jul-20;3;630
DK050;01-Aug-20;4;634
DK050;02-Aug-20;6;640
DK050;03-Aug-20;5;645
DK050;04-Aug-20;4;649
DK050;05-Aug-20;4;653
DK050;06-Aug-20;4;657
DK050;07-Aug-20;4;661
DK050;08-Aug-20;2;663
DK050;09-Aug-20;9;672
DK050;10-Aug-20;7;679
DK050;11-Aug-20;2;681
DK050;12-Aug-20;19;700
DK050;13-Aug-20;8;708
DK050;14-Aug-20;8;716
DK050;15-Aug-20;6;722
DK050;16-Aug-20;10;732
DK050;17-Aug-20;8;740
DK050;18-Aug-20;7;747
DK050;19-Aug-20;8;755
DK050;20-Aug-20;4;759
DK050;21-Aug-20;7;766
DK050;22-Aug-20;6;772
DK050;23-Aug-20;8;780
DK050;24-Aug-20;6;786
DK050;25-Aug-20;9;795
DK050;26-Aug-20;4;799
DK050;27-Aug-20;4;803
DK050;28-Aug-20;9;812
DK050;29-Aug-20;11;823
DK050;30-Aug-20;6;829
DK050;31-Aug-20;3;832
DK050;01-Sep-20;7;839
DK050;02-Sep-20;4;843
DK050;03-Sep-20;11;854
DK050;04-Sep-20;15;869
DK050;05-Sep-20;12;881
DK050;06-Sep-20;16;897
DK050;07-Sep-20;27;924
DK050;08-Sep-20;24;948
DK050;09-Sep-20;29;977
DK050;10-Sep-20;37;1014
DK050;11-Sep-20;43;1057
DK050;12-Sep-20;31;1088
DK050;13-Sep-20;42;1130
DK050;14-Sep-20;48;1178
DK050;15-Sep-20;61;1239
DK050;16-Sep-20;66;1305
DK050;17-Sep-20;37;1342
DK050;18-Sep-20;46;1388
DK050;19-Sep-20;31;1419
DK050;20-Sep-20;42;1461
DK050;21-Sep-20;58;1519
DK050;22-Sep-20;53;1572
DK050;23-Sep-20;49;1621
DK050;24-Sep-20;38;1659
DK050;25-Sep-20;40;1699
DK050;26-Sep-20;32;1731
DK050;27-Sep-20;22;1753
DK050;28-Sep-20;40;1793
DK050;29-Sep-20;44;1837
DK050;30-Sep-20;39;1876
DK050;01-Oct-20;41;1917
DK050;02-Oct-20;36;1953
DK050;03-Oct-20;31;1984
DK050;04-Oct-20;30;2014
DK050;05-Oct-20;60;2074
DK050;06-Oct-20;31;2105
DK050;07-Oct-20;49;2154
DK050;08-Oct-20;50;2204
DK050;09-Oct-20;43;2247
DK050;10-Oct-20;32;2279
DK050;11-Oct-20;30;2309
DK050;12-Oct-20;45;2354
DK050;13-Oct-20;55;2409
DK050;14-Oct-20;62;2471
DK050;15-Oct-20;33;2504
DK050;16-Oct-20;49;2553
DK050;17-Oct-20;42;2595
DK050;18-Oct-20;43;2638
DK050;19-Oct-20;72;2710
DK050;20-Oct-20;84;2794
DK050;21-Oct-20;92;2886
DK050;22-Oct-20;102;2988
DK050;23-Oct-20;117;3105
DK050;24-Oct-20;104;3209
DK050;25-Oct-20;109;3318
DK050;26-Oct-20;132;3450
DK050;27-Oct-20;148;3598
DK050;28-Oct-20;116;3714
DK050;29-Oct-20;121;3835
DK050;30-Oct-20;113;3948
DK050;31-Oct-20;96;4044
DK050;01-Nov-20;96;4140
DK050;02-Nov-20;116;4256
DK050;03-Nov-20;137;4393
DK050;04-Nov-20;83;4476
DK050;05-Nov-20;83;4559
DK050;06-Nov-20;60;4619
DK050;07-Nov-20;68;4687
DK050;08-Nov-20;41;4728
DK050;09-Nov-20;72;4800
DK050;10-Nov-20;61;4861
DK050;11-Nov-20;70;4931
DK050;12-Nov-20;67;4998
DK050;13-Nov-20;77;5075
DK050;14-Nov-20;65;5140
DK050;15-Nov-20;73;5213
DK050;16-Nov-20;58;5271
DK050;17-Nov-20;65;5336
DK050;18-Nov-20;53;5389
DK050;19-Nov-20;44;5433
DK050;20-Nov-20;64;5497
DK050;21-Nov-20;36;5533
DK050;22-Nov-20;38;5571
DK050;23-Nov-20;35;5606
DK050;24-Nov-20;42;5648
DK050;25-Nov-20;46;5694
DK050;26-Nov-20;45;5739
DK050;27-Nov-20;38;5777
DK050;28-Nov-20;26;5803
DK050;29-Nov-20;37;5840
DK050;30-Nov-20;39;5879
DK050;01-Dec-20;47;5926
DK050;02-Dec-20;60;5986
DK050;03-Dec-20;53;6039
DK050;04-Dec-20;65;6104
DK050;05-Dec-20;53;6157
DK050;06-Dec-20;70;6227
DK050;07-Dec-20;105;6332
DK050;08-Dec-20;139;6471
DK050;09-Dec-20;145;6616
DK050;10-Dec-20;166;6782
DK050;11-Dec-20;125;6907
DK050;12-Dec-20;160;7067
DK050;13-Dec-20;123;7190
DK050;14-Dec-20;193;7383
DK050;15-Dec-20;211;7594
DK050;16-Dec-20;226;7820
DK050;17-Dec-20;202;8022
DK050;18-Dec-20;213;8235
DK050;19-Dec-20;211;8446
DK050;20-Dec-20;169;8615
DK050;21-Dec-20;197;8812
DK050;22-Dec-20;242;9054
DK050;23-Dec-20;255;9309
DK050;24-Dec-20;134;9443
DK050;25-Dec-20;130;9573
DK050;26-Dec-20;178;9751
DK050;27-Dec-20;171;9922
DK050;28-Dec-20;261;10183
DK050;29-Dec-20;187;10370
DK050;30-Dec-20;213;10583
DK050;31-Dec-20;105;10688
DK050;01-Jan-21;94;10782
DK050;02-Jan-21;186;10968
DK050;03-Jan-21;178;11146
DK050;04-Jan-21;210;11356
DK050;05-Jan-21;154;11510
DK050;06-Jan-21;177;11687
DK050;07-Jan-21;145;11832
DK050;08-Jan-21;118;11950
DK050;09-Jan-21;101;12051
DK050;10-Jan-21;81;12132
DK050;11-Jan-21;107;12239
DK050;12-Jan-21;105;12344
DK050;13-Jan-21;120;12464
DK050;14-Jan-21;98;12562
DK050;15-Jan-21;86;12648
DK050;16-Jan-21;74;12722
DK050;17-Jan-21;65;12787
DK050;18-Jan-21;74;12861
DK050;19-Jan-21;94;12955
DK050;20-Jan-21;80;13035
DK050;21-Jan-21;75;13110
DK050;22-Jan-21;84;13194
DK050;23-Jan-21;45;13239
DK050;24-Jan-21;57;13296
DK050;25-Jan-21;52;13348
DK050;26-Jan-21;67;13415
DK050;27-Jan-21;36;13451
DK050;28-Jan-21;40;13491
DK050;29-Jan-21;31;13522
DK050;30-Jan-21;28;13550
DK050;31-Jan-21;32;13582
DK050;01-Feb-21;47;13629
DK050;02-Feb-21;45;13674
DK050;03-Feb-21;42;13716
DK050;04-Feb-21;30;13746
DK050;05-Feb-21;33;13779
DK050;06-Feb-21;30;13809
DK050;07-Feb-21;33;13842
DK050;08-Feb-21;38;13880
DK050;09-Feb-21;37;13917
DK050;10-Feb-21;44;13961
DK050;11-Feb-21;21;13982
DK050;12-Feb-21;34;14016
DK050;13-Feb-21;31;14047
DK050;14-Feb-21;34;14081
DK050;15-Feb-21;33;14114
DK050;16-Feb-21;21;14135
DK050;17-Feb-21;30;14165
DK050;18-Feb-21;74;14239
DK050;19-Feb-21;26;14265
DK050;20-Feb-21;26;14291
DK050;21-Feb-21;21;14312
DK050;22-Feb-21;40;14352
DK050;23-Feb-21;42;14394
DK050;24-Feb-21;25;14419
DK050;25-Feb-21;29;14448
DK050;26-Feb-21;20;14468
DK050;27-Feb-21;20;14488
DK050;28-Feb-21;26;14514
DK050;01-Mar-21;34;14548
DK050;02-Mar-21;19;14567
DK050;03-Mar-21;22;14589
DK050;04-Mar-21;18;14607
DK050;05-Mar-21;21;14628
DK050;06-Mar-21;19;14647
DK050;07-Mar-21;24;14671
DK050;08-Mar-21;21;14692
DK050;09-Mar-21;18;14710
DK050;10-Mar-21;24;14734
DK050;11-Mar-21;34;14768
DK050;12-Mar-21;20;14788
DK050;13-Mar-21;24;14812
DK050;14-Mar-21;23;14835
DK050;15-Mar-21;28;14863
DK050;16-Mar-21;49;14912
DK050;17-Mar-21;42;14954
DK050;18-Mar-21;30;14984
DK050;19-Mar-21;21;15005
DK050;20-Mar-21;40;15045
DK050;21-Mar-21;31;15076
DK050;22-Mar-21;47;15123
DK050;23-Mar-21;35;15158
DK050;24-Mar-21;42;15200
DK050;25-Mar-21;29;15229
DK050;26-Mar-21;25;15254
DK050;27-Mar-21;36;15290
DK050;28-Mar-21;25;15315
DK050;29-Mar-21;40;15355
DK050;30-Mar-21;42;15397
DK050;31-Mar-21;50;15447
DK050;01-Apr-21;46;15493
DK050;02-Apr-21;36;15529
DK050;03-Apr-21;39;15568
DK050;04-Apr-21;43;15611
DK050;05-Apr-21;53;15664
DK050;06-Apr-21;53;15717
DK050;07-Apr-21;68;15785
DK050;08-Apr-21;39;15824
DK050;09-Apr-21;54;15878
DK050;10-Apr-21;58;15936
DK050;11-Apr-21;41;15977
DK050;12-Apr-21;68;16045
DK050;13-Apr-21;54;16099
DK050;14-Apr-21;54;16153
DK050;15-Apr-21;49;16202
DK050;16-Apr-21;43;16245
DK050;17-Apr-21;56;16301
DK050;18-Apr-21;50;16351
DK050;19-Apr-21;90;16441
DK050;20-Apr-21;84;16525
DK050;21-Apr-21;39;16564
DK050;22-Apr-21;51;16615
DK050;23-Apr-21;81;16696
DK050;24-Apr-21;61;16757
DK050;25-Apr-21;64;16821
DK050;26-Apr-21;75;16896
DK050;27-Apr-21;76;16972
DK050;28-Apr-21;65;17037
DK050;29-Apr-21;59;17096
DK050;30-Apr-21;64;17160
DK050;01-May-21;64;17224
DK050;02-May-21;59;17283
DK050;03-May-21;73;17356
DK050;04-May-21;58;17414
DK050;05-May-21;86;17500
DK050;06-May-21;56;17556
DK050;07-May-21;62;17618
DK050;08-May-21;64;17682
DK050;09-May-21;73;17755
DK050;10-May-21;75;17830
DK050;11-May-21;116;17946
DK050;12-May-21;103;18049
DK050;13-May-21;102;18151
DK050;14-May-21;77;18228
DK050;15-May-21;97;18325
DK050;16-May-21;105;18430
DK050;17-May-21;110;18540
DK050;18-May-21;121;18661
DK050;19-May-21;127;18788
DK050;20-May-21;144;18932
DK050;21-May-21;87;19019
DK050;22-May-21;100;19119
DK050;23-May-21;114;19233
DK050;24-May-21;99;19332
DK050;25-May-21;152;19484
DK050;26-May-21;189;19673
DK050;27-May-21;108;19781
DK050;28-May-21;114;19895
DK050;29-May-21;111;20006
DK050;30-May-21;124;20130
DK050;31-May-21;154;20284
DK050;01-Jun-21;176;20460
DK050;02-Jun-21;140;20600
DK050;03-Jun-21;101;20701
DK050;04-Jun-21;83;20784
DK050;05-Jun-21;83;20867
DK050;06-Jun-21;77;20944
DK050;07-Jun-21;92;21036
DK050;08-Jun-21;60;21096
DK050;09-Jun-21;61;21157
DK050;10-Jun-21;67;21224
DK050;11-Jun-21;50;21274
DK050;12-Jun-21;36;21310
DK050;13-Jun-21;37;21347
DK050;14-Jun-21;49;21396
DK050;15-Jun-21;56;21452
DK050;16-Jun-21;23;21475
DK050;17-Jun-21;29;21504
DK050;18-Jun-21;29;21533
DK050;19-Jun-21;22;21555
DK050;20-Jun-21;17;21572
DK050;21-Jun-21;17;21589
DK050;22-Jun-21;14;21603
DK050;23-Jun-21;34;21637
DK050;24-Jun-21;21;21658
DK050;25-Jun-21;20;21678
DK050;26-Jun-21;13;21691
DK050;27-Jun-21;21;21712
DK050;28-Jun-21;38;21750
DK050;29-Jun-21;44;21794
DK050;30-Jun-21;31;21825
DK050;01-Jul-21;27;21852
DK050;02-Jul-21;26;21878
DK050;03-Jul-21;37;21915
DK050;04-Jul-21;28;21943
DK050;05-Jul-21;46;21989
DK050;06-Jul-21;34;22023
DK050;07-Jul-21;36;22059
DK050;08-Jul-21;35;22094
DK050;09-Jul-21;27;22121
DK050;10-Jul-21;33;22154
DK050;11-Jul-21;41;22195
DK050;12-Jul-21;45;22240
DK050;13-Jul-21;52;22292
DK050;14-Jul-21;45;22337
DK050;15-Jul-21;45;22382
DK050;16-Jul-21;33;22415
DK050;17-Jul-21;43;22458
DK050;18-Jul-21;39;22497
DK050;19-Jul-21;60;22557
DK050;20-Jul-21;35;22592
DK050;21-Jul-21;60;22652
DK050;22-Jul-21;50;22702
DK050;23-Jul-21;46;22748
DK050;24-Jul-21;58;22806
DK050;25-Jul-21;55;22861
DK050;26-Jul-21;108;22969
DK050;27-Jul-21;126;23095
DK050;28-Jul-21;161;23256
DK050;29-Jul-21;127;23383
DK050;30-Jul-21;89;23472
DK050;31-Jul-21;115;23587
DK050;01-Aug-21;115;23702
DK050;02-Aug-21;114;23816
DK050;03-Aug-21;89;23905
DK050;04-Aug-21;113;24018
DK050;05-Aug-21;122;24140
DK050;06-Aug-21;112;24252
DK050;07-Aug-21;90;24342
DK050;08-Aug-21;115;24457
DK050;09-Aug-21;121;24578
DK050;10-Aug-21;115;24693
DK050;11-Aug-21;103;24796
DK050;12-Aug-21;110;24906
DK050;13-Aug-21;104;25010
DK050;14-Aug-21;78;25088
DK050;15-Aug-21;67;25155
DK050;16-Aug-21;103;25258
DK050;17-Aug-21;106;25364
DK050;18-Aug-21;84;25448
DK050;19-Aug-21;95;25543
DK050;20-Aug-21;82;25625
DK050;21-Aug-21;55;25680
DK050;22-Aug-21;62;25742
DK050;23-Aug-21;70;25812
DK050;24-Aug-21;62;25874
DK050;25-Aug-21;50;25924
DK050;26-Aug-21;75;25999
DK050;27-Aug-21;43;26042
DK050;28-Aug-21;32;26074
DK050;29-Aug-21;38;26112
DK050;30-Aug-21;61;26173
DK050;31-Aug-21;51;26224
DK050;01-Sep-21;38;26262
DK050;02-Sep-21;36;26298
DK050;03-Sep-21;25;26323
DK050;04-Sep-21;16;26339
DK050;05-Sep-21;20;26359
DK050;06-Sep-21;25;26384
DK050;07-Sep-21;16;26400
DK050;08-Sep-21;28;26428
DK050;09-Sep-21;28;26456
DK050;10-Sep-21;17;26473
DK050;11-Sep-21;10;26483
DK050;12-Sep-21;19;26502
DK050;13-Sep-21;38;26540
DK050;14-Sep-21;23;26563
DK050;15-Sep-21;27;26590
DK050;16-Sep-21;23;26613
DK050;17-Sep-21;16;26629
DK050;18-Sep-21;10;26639
DK050;19-Sep-21;17;26656
DK050;20-Sep-21;30;26686
DK050;21-Sep-21;29;26715
DK050;22-Sep-21;54;26769
DK050;23-Sep-21;59;26828
DK050;24-Sep-21;42;26870
DK050;25-Sep-21;28;26898
DK050;26-Sep-21;47;26945
DK050;27-Sep-21;45;26990
DK050;28-Sep-21;40;27030
DK050;29-Sep-21;26;27056
DK050;30-Sep-21;31;27087
DK050;01-Oct-21;15;27102
DK050;02-Oct-21;21;27123
DK050;03-Oct-21;19;27142
DK050;04-Oct-21;34;27176
DK050;05-Oct-21;26;27202
DK050;06-Oct-21;35;27237
DK050;07-Oct-21;50;27287
DK050;08-Oct-21;35;27322
DK050;09-Oct-21;23;27345
DK050;10-Oct-21;21;27366
DK050;11-Oct-21;37;27403
DK050;12-Oct-21;38;27441
DK050;13-Oct-21;48;27489
DK050;14-Oct-21;55;27544
DK050;15-Oct-21;28;27572
DK050;16-Oct-21;53;27625
DK050;17-Oct-21;74;27699
DK050;18-Oct-21;71;27770
DK050;19-Oct-21;80;27850
DK050;20-Oct-21;90;27940
DK050;21-Oct-21;105;28045
DK050;22-Oct-21;86;28131
DK050;23-Oct-21;84;28215
DK050;24-Oct-21;104;28319
DK050;25-Oct-21;85;28404
DK050;26-Oct-21;102;28506
DK050;27-Oct-21;91;28597
DK050;28-Oct-21;82;28679
DK050;29-Oct-21;91;28770
DK050;30-Oct-21;87;28857
DK050;31-Oct-21;122;28979
DK050;01-Nov-21;145;29124
DK050;02-Nov-21;148;29272
DK050;03-Nov-21;170;29442
DK050;04-Nov-21;148;29590
DK050;05-Nov-21;147;29737
DK050;06-Nov-21;137;29874
DK050;07-Nov-21;212;30086
DK050;08-Nov-21;252;30338
DK050;09-Nov-21;263;30601
DK050;10-Nov-21;277;30878
DK050;11-Nov-21;221;31099
DK050;12-Nov-21;248;31347
DK050;13-Nov-21;232;31579
DK050;14-Nov-21;247;31826
DK050;15-Nov-21;364;32190
DK050;16-Nov-21;314;32504
DK050;17-Nov-21;356;32860
DK050;18-Nov-21;295;33155
DK050;19-Nov-21;284;33439
DK050;20-Nov-21;293;33732
DK050;21-Nov-21;252;33984
DK050;22-Nov-21;311;34295
DK050;23-Nov-21;316;34611
DK050;24-Nov-21;292;34903
DK050;25-Nov-21;265;35168
DK050;26-Nov-21;277;35445
DK050;27-Nov-21;287;35732
DK050;28-Nov-21;286;36018
DK050;29-Nov-21;356;36374
DK050;30-Nov-21;341;36715
DK050;01-Dec-21;304;37019
DK050;02-Dec-21;177;37196
DK050;03-Dec-21;379;37575
DK050;04-Dec-21;439;38014
DK050;05-Dec-21;387;38401
DK050;06-Dec-21;463;38864
DK050;07-Dec-21;477;39341
DK050;08-Dec-21;517;39858
DK050;09-Dec-21;418;40276
DK050;10-Dec-21;441;40717
DK050;11-Dec-21;515;41232
DK050;12-Dec-21;517;41749
DK050;13-Dec-21;654;42403
DK050;14-Dec-21;677;43080
DK050;15-Dec-21;682;43762
DK050;16-Dec-21;622;44384
DK050;17-Dec-21;613;44997
DK050;18-Dec-21;718;45715
DK050;19-Dec-21;663;46378
DK050;20-Dec-21;845;47223
DK050;21-Dec-21;871;48094
DK050;22-Dec-21;754;48848
DK050;23-Dec-21;909;49757
DK050;24-Dec-21;538;50295
DK050;25-Dec-21;576;50871
DK050;26-Dec-21;770;51641
DK050;27-Dec-21;2015;53656
DK050;28-Dec-21;1870;55526
DK050;29-Dec-21;1651;57177
DK050;30-Dec-21;1854;59031
DK050;31-Dec-21;933;59964
DK050;01-Jan-22;664;60628
DK050;02-Jan-22;2418;63046
DK050;03-Jan-22;2266;65312
DK050;04-Jan-22;2207;67519
DK050;05-Jan-22;1809;69328
DK050;06-Jan-22;1426;70754
DK050;07-Jan-22;1326;72080
DK050;08-Jan-22;1293;73373
DK050;09-Jan-22;1568;74941
DK050;10-Jan-22;1990;76931
DK050;11-Jan-22;2066;78997
DK050;12-Jan-22;2177;81174
DK050;13-Jan-22;1964;83138
DK050;14-Jan-22;2104;85242
DK050;15-Jan-22;2157;87399
DK050;16-Jan-22;2581;89980
DK050;17-Jan-22;3606;93586
DK050;18-Jan-22;3332;96918
DK050;19-Jan-22;3309;100227
DK050;20-Jan-22;3303;103530
DK050;21-Jan-22;3066;106596
DK050;22-Jan-22;3389;109985
DK050;23-Jan-22;3606;113591
DK050;24-Jan-22;5222;118813
DK050;25-Jan-22;5016;123829
DK050;26-Jan-22;4517;128346
DK050;27-Jan-22;3888;132234
DK050;28-Jan-22;3772;136006
DK050;29-Jan-22;3635;139641
DK050;30-Jan-22;4906;144547
DK050;31-Jan-22;5220;149767
DK050;01-Feb-22;4754;154521
DK050;02-Feb-22;4791;159312
DK050;03-Feb-22;4274;163586
DK050;04-Feb-22;4289;167875
DK050;05-Feb-22;4658;172533
DK050;06-Feb-22;5682;178215
DK050;07-Feb-22;6591;184806
DK050;08-Feb-22;6838;191644
DK050;09-Feb-22;6861;198505
DK050;10-Feb-22;6141;204646
DK050;11-Feb-22;5668;210314
DK050;12-Feb-22;5200;215514
DK050;13-Feb-22;5620;221134
DK050;14-Feb-22;6554;227688
DK050;15-Feb-22;5857;233545
DK050;16-Feb-22;5420;238965
DK050;17-Feb-22;4723;243688
DK050;18-Feb-22;3915;247603
DK050;19-Feb-22;3516;251119
DK050;20-Feb-22;3804;254923
DK050;21-Feb-22;4157;259080
DK050;22-Feb-22;3876;262956
DK050;23-Feb-22;3422;266378
DK050;24-Feb-22;2943;269321
DK050;25-Feb-22;2421;271742
DK050;26-Feb-22;2156;273898
DK050;27-Feb-22;2703;276601
DK050;28-Feb-22;2720;279321
DK050;01-Mar-22;2431;281752
DK050;02-Mar-22;2291;284043
DK050;03-Mar-22;1815;285858
DK050;04-Mar-22;1608;287466
DK050;05-Mar-22;1462;288928
DK050;06-Mar-22;1778;290706
DK050;07-Mar-22;1882;292588
DK050;08-Mar-22;1805;294393
DK050;09-Mar-22;1777;296170
DK050;10-Mar-22;1298;297468
DK050;11-Mar-22;921;298389
DK050;12-Mar-22;804;299193
DK050;13-Mar-22;983;300176
DK050;14-Mar-22;1158;301334
DK050;15-Mar-22;1024;302358
DK050;16-Mar-22;976;303334
DK050;17-Mar-22;886;304220
DK050;18-Mar-22;741;304961
DK050;19-Mar-22;545;305506
DK050;20-Mar-22;604;306110
DK050;21-Mar-22;826;306936
DK050;22-Mar-22;615;307551
DK050;23-Mar-22;624;308175
DK050;24-Mar-22;534;308709
DK050;25-Mar-22;478;309187
DK050;26-Mar-22;365;309552
DK050;27-Mar-22;346;309898
DK050;28-Mar-22;529;310427
DK050;29-Mar-22;414;310841
DK050;30-Mar-22;383;311224
DK050;31-Mar-22;303;311527
DK050;01-Apr-22;281;311808
DK050;02-Apr-22;205;312013
DK050;03-Apr-22;237;312250
DK050;04-Apr-22;320;312570
DK050;05-Apr-22;352;312922
DK050;06-Apr-22;264;313186
DK050;07-Apr-22;264;313450
DK050;08-Apr-22;229;313679
DK050;09-Apr-22;192;313871
DK050;10-Apr-22;159;314030
DK050;11-Apr-22;281;314311
DK050;12-Apr-22;218;314529
DK050;13-Apr-22;192;314721
DK050;14-Apr-22;200;314921
DK050;15-Apr-22;114;315035
DK050;16-Apr-22;172;315207
DK050;17-Apr-22;117;315324
DK050;18-Apr-22;257;315581
DK050;19-Apr-22;283;315864
DK050;20-Apr-22;257;316121
DK050;21-Apr-22;203;316324
DK050;22-Apr-22;151;316475
DK050;23-Apr-22;112;316587
DK050;24-Apr-22;105;316692
DK050;25-Apr-22;165;316857
DK050;26-Apr-22;116;316973
DK050;27-Apr-22;101;317074
DK050;28-Apr-22;94;317168
DK050;29-Apr-22;81;317249
DK050;30-Apr-22;52;317301
DK050;01-May-22;79;317380
DK050;02-May-22;91;317471
DK050;03-May-22;69;317540
DK050;04-May-22;88;317628
DK050;05-May-22;84;317712
DK050;06-May-22;64;317776
DK050;07-May-22;47;317823
DK050;08-May-22;76;317899
DK050;09-May-22;92;317991
DK050;10-May-22;80;318071
DK050;11-May-22;64;318135
DK050;12-May-22;56;318191
DK050;13-May-22;40;318231
DK050;14-May-22;40;318271
DK050;15-May-22;60;318331
DK050;16-May-22;57;318388
DK050;17-May-22;53;318441
DK050;18-May-22;54;318495
DK050;19-May-22;41;318536
DK050;20-May-22;44;318580
DK050;21-May-22;27;318607
DK050;22-May-22;30;318637
DK050;23-May-22;49;318686
DK050;24-May-22;37;318723
DK050;25-May-22;49;318772
DK050;26-May-22;23;318795
DK050;27-May-22;52;318847
DK050;28-May-22;29;318876
DK050;29-May-22;26;318902
DK050;30-May-22;58;318960
DK050;31-May-22;47;319007
DK050;01-Jun-22;44;319051
DK050;02-Jun-22;25;319076
DK050;03-Jun-22;52;319128
DK050;04-Jun-22;22;319150
DK050;05-Jun-22;27;319177
DK050;06-Jun-22;50;319227
DK050;07-Jun-22;56;319283
DK050;08-Jun-22;77;319360
DK050;09-Jun-22;54;319414
DK050;10-Jun-22;83;319497
DK050;11-Jun-22;52;319549
DK050;12-Jun-22;45;319594
DK050;13-Jun-22;103;319697
DK050;14-Jun-22;65;319762
DK050;15-Jun-22;93;319855
DK050;16-Jun-22;88;319943
DK050;17-Jun-22;104;320047
DK050;18-Jun-22;68;320115
DK050;19-Jun-22;88;320203
DK050;20-Jun-22;160;320363
DK050;21-Jun-22;137;320500
DK050;22-Jun-22;192;320692
DK050;23-Jun-22;93;320785
DK050;24-Jun-22;134;320919
DK050;25-Jun-22;47;320966
DK050;26-Jun-22;111;321077
DK050;27-Jun-22;237;321314
DK050;28-Jun-22;155;321469
DK050;29-Jun-22;201;321670
DK050;30-Jun-22;135;321805
DK050;01-Jul-22;177;321982
DK050;02-Jul-22;101;322083
DK050;03-Jul-22;96;322179
DK050;04-Jul-22;238;322417
DK050;05-Jul-22;235;322652
DK050;06-Jul-22;329;322981
DK050;07-Jul-22;240;323221
DK050;08-Jul-22;291;323512
DK050;09-Jul-22;132;323644
DK050;10-Jul-22;158;323802
DK050;11-Jul-22;314;324116
DK050;12-Jul-22;226;324342
DK050;13-Jul-22;282;324624
DK050;14-Jul-22;203;324827
DK050;15-Jul-22;228;325055
DK050;16-Jul-22;126;325181
DK050;17-Jul-22;141;325322
DK050;18-Jul-22;309;325631
DK050;19-Jul-22;202;325833
DK050;20-Jul-22;214;326047
DK050;21-Jul-22;182;326229
DK050;22-Jul-22;200;326429
DK050;23-Jul-22;100;326529
DK050;24-Jul-22;103;326632
DK050;25-Jul-22;203;326835
DK050;26-Jul-22;146;326981
DK050;27-Jul-22;151;327132
DK050;28-Jul-22;108;327240
DK050;29-Jul-22;139;327379
DK050;30-Jul-22;84;327463
DK050;31-Jul-22;131;327594
DK050;01-Aug-22;201;327795
DK050;02-Aug-22;133;327928
DK050;03-Aug-22;167;328095
DK050;04-Aug-22;137;328232
DK050;05-Aug-22;150;328382
DK050;06-Aug-22;87;328469
DK050;07-Aug-22;105;328574
DK050;08-Aug-22;216;328790
DK050;09-Aug-22;200;328990
DK050;10-Aug-22;218;329208
DK050;11-Aug-22;164;329372
DK050;12-Aug-22;177;329549
DK050;13-Aug-22;107;329656
DK050;14-Aug-22;112;329768
DK050;15-Aug-22;191;329959
DK050;16-Aug-22;140;330099
DK050;17-Aug-22;139;330238
DK050;18-Aug-22;107;330345
DK050;19-Aug-22;116;330461
DK050;20-Aug-22;79;330540
DK050;21-Aug-22;91;330631
DK050;22-Aug-22;173;330804
DK050;23-Aug-22;112;330916
DK050;24-Aug-22;137;331053
DK050;25-Aug-22;111;331164
DK050;26-Aug-22;137;331301
DK050;27-Aug-22;77;331378
DK050;28-Aug-22;74;331452
DK050;29-Aug-22;126;331578
DK050;30-Aug-22;77;331655
DK050;31-Aug-22;89;331744
DK050;01-Sep-22;56;331800
DK050;02-Sep-22;63;331863
DK050;03-Sep-22;40;331903
DK050;04-Sep-22;53;331956
DK050;05-Sep-22;101;332057
DK050;06-Sep-22;88;332145
DK050;07-Sep-22;84;332229
DK050;08-Sep-22;83;332312
DK050;09-Sep-22;1;332313
