nuts3_id;date;cases_daily;cases
UKM50;28-Feb-2020;0;0
UKM50;29-Feb-2020;0;0
UKM50;01-Mar-2020;0;0
UKM50;02-Mar-2020;0;0
UKM50;03-Mar-2020;1;1
UKM50;04-Mar-2020;1;2
UKM50;05-Mar-2020;0;2
UKM50;06-Mar-2020;0;2
UKM50;07-Mar-2020;2;4
UKM50;08-Mar-2020;1;5
UKM50;09-Mar-2020;0;5
UKM50;10-Mar-2020;1;6
UKM50;11-Mar-2020;0;6
UKM50;12-Mar-2020;5;11
UKM50;13-Mar-2020;3;14
UKM50;14-Mar-2020;0;14
UKM50;15-Mar-2020;1;15
UKM50;16-Mar-2020;0;15
UKM50;17-Mar-2020;2;17
UKM50;18-Mar-2020;1;18
UKM50;19-Mar-2020;0;18
UKM50;20-Mar-2020;3;21
UKM50;21-Mar-2020;0;21
UKM50;22-Mar-2020;0;21
UKM50;23-Mar-2020;5;26
UKM50;24-Mar-2020;6;32
UKM50;25-Mar-2020;7;39
UKM50;26-Mar-2020;9;48
UKM50;27-Mar-2020;5;53
UKM50;28-Mar-2020;7;60
UKM50;29-Mar-2020;13;73
UKM50;30-Mar-2020;18;91
UKM50;31-Mar-2020;23;114
UKM50;01-Apr-2020;35;149
UKM50;02-Apr-2020;8;157
UKM50;03-Apr-2020;14;171
UKM50;04-Apr-2020;13;184
UKM50;05-Apr-2020;8;192
UKM50;06-Apr-2020;7;199
UKM50;07-Apr-2020;13;212
UKM50;08-Apr-2020;9;221
UKM50;09-Apr-2020;12;233
UKM50;10-Apr-2020;23;256
UKM50;11-Apr-2020;24;280
UKM50;12-Apr-2020;14;294
UKM50;13-Apr-2020;20;314
UKM50;14-Apr-2020;38;352
UKM50;15-Apr-2020;12;364
UKM50;16-Apr-2020;25;389
UKM50;17-Apr-2020;39;428
UKM50;18-Apr-2020;24;452
UKM50;19-Apr-2020;16;468
UKM50;20-Apr-2020;54;522
UKM50;21-Apr-2020;57;579
UKM50;22-Apr-2020;38;617
UKM50;23-Apr-2020;46;663
UKM50;24-Apr-2020;51;714
UKM50;25-Apr-2020;22;736
UKM50;26-Apr-2020;16;752
UKM50;27-Apr-2020;40;792
UKM50;28-Apr-2020;28;820
UKM50;29-Apr-2020;25;845
UKM50;30-Apr-2020;26;871
UKM50;01-May-2020;30;901
UKM50;02-May-2020;21;922
UKM50;03-May-2020;10;932
UKM50;04-May-2020;16;948
UKM50;05-May-2020;17;965
UKM50;06-May-2020;29;994
UKM50;07-May-2020;22;1016
UKM50;08-May-2020;23;1039
UKM50;09-May-2020;27;1066
UKM50;10-May-2020;16;1082
UKM50;11-May-2020;38;1120
UKM50;12-May-2020;23;1143
UKM50;13-May-2020;12;1155
UKM50;14-May-2020;20;1175
UKM50;15-May-2020;15;1190
UKM50;16-May-2020;6;1196
UKM50;17-May-2020;3;1199
UKM50;18-May-2020;14;1213
UKM50;19-May-2020;12;1225
UKM50;20-May-2020;6;1231
UKM50;21-May-2020;6;1237
UKM50;22-May-2020;8;1245
UKM50;23-May-2020;7;1252
UKM50;24-May-2020;5;1257
UKM50;25-May-2020;3;1260
UKM50;26-May-2020;6;1266
UKM50;27-May-2020;8;1274
UKM50;28-May-2020;2;1276
UKM50;29-May-2020;1;1277
UKM50;30-May-2020;5;1282
UKM50;31-May-2020;2;1284
UKM50;01-Jun-2020;2;1286
UKM50;02-Jun-2020;7;1293
UKM50;03-Jun-2020;1;1294
UKM50;04-Jun-2020;0;1294
UKM50;05-Jun-2020;1;1295
UKM50;06-Jun-2020;0;1295
UKM50;07-Jun-2020;1;1296
UKM50;08-Jun-2020;2;1298
UKM50;09-Jun-2020;1;1299
UKM50;10-Jun-2020;0;1299
UKM50;11-Jun-2020;0;1299
UKM50;12-Jun-2020;2;1301
UKM50;13-Jun-2020;4;1305
UKM50;14-Jun-2020;0;1305
UKM50;15-Jun-2020;4;1309
UKM50;16-Jun-2020;1;1310
UKM50;17-Jun-2020;0;1310
UKM50;18-Jun-2020;1;1311
UKM50;19-Jun-2020;1;1312
UKM50;20-Jun-2020;0;1312
UKM50;21-Jun-2020;1;1313
UKM50;22-Jun-2020;0;1313
UKM50;23-Jun-2020;1;1314
UKM50;24-Jun-2020;0;1314
UKM50;25-Jun-2020;3;1317
UKM50;26-Jun-2020;2;1319
UKM50;27-Jun-2020;0;1319
UKM50;28-Jun-2020;0;1319
UKM50;29-Jun-2020;2;1321
UKM50;30-Jun-2020;2;1323
UKM50;01-Jul-2020;0;1323
UKM50;02-Jul-2020;2;1325
UKM50;03-Jul-2020;0;1325
UKM50;04-Jul-2020;0;1325
UKM50;05-Jul-2020;0;1325
UKM50;06-Jul-2020;1;1326
UKM50;07-Jul-2020;1;1327
UKM50;08-Jul-2020;1;1328
UKM50;09-Jul-2020;0;1328
UKM50;10-Jul-2020;1;1329
UKM50;11-Jul-2020;1;1330
UKM50;12-Jul-2020;1;1331
UKM50;13-Jul-2020;0;1331
UKM50;14-Jul-2020;0;1331
UKM50;15-Jul-2020;2;1333
UKM50;16-Jul-2020;3;1336
UKM50;17-Jul-2020;0;1336
UKM50;18-Jul-2020;0;1336
UKM50;19-Jul-2020;0;1336
UKM50;20-Jul-2020;0;1336
UKM50;21-Jul-2020;1;1337
UKM50;22-Jul-2020;1;1338
UKM50;23-Jul-2020;3;1341
UKM50;24-Jul-2020;0;1341
UKM50;25-Jul-2020;0;1341
UKM50;26-Jul-2020;0;1341
UKM50;27-Jul-2020;1;1342
UKM50;28-Jul-2020;3;1345
UKM50;29-Jul-2020;0;1345
UKM50;30-Jul-2020;6;1351
UKM50;31-Jul-2020;12;1363
UKM50;01-Aug-2020;11;1374
UKM50;02-Aug-2020;10;1384
UKM50;03-Aug-2020;32;1416
UKM50;04-Aug-2020;30;1446
UKM50;05-Aug-2020;45;1491
UKM50;06-Aug-2020;37;1528
UKM50;07-Aug-2020;24;1552
UKM50;08-Aug-2020;23;1575
UKM50;09-Aug-2020;17;1592
UKM50;10-Aug-2020;23;1615
UKM50;11-Aug-2020;32;1647
UKM50;12-Aug-2020;25;1672
UKM50;13-Aug-2020;17;1689
UKM50;14-Aug-2020;22;1711
UKM50;15-Aug-2020;8;1719
UKM50;16-Aug-2020;4;1723
UKM50;17-Aug-2020;8;1731
UKM50;18-Aug-2020;11;1742
UKM50;19-Aug-2020;7;1749
UKM50;20-Aug-2020;8;1757
UKM50;21-Aug-2020;4;1761
UKM50;22-Aug-2020;5;1766
UKM50;23-Aug-2020;3;1769
UKM50;24-Aug-2020;2;1771
UKM50;25-Aug-2020;5;1776
UKM50;26-Aug-2020;4;1780
UKM50;27-Aug-2020;5;1785
UKM50;28-Aug-2020;1;1786
UKM50;29-Aug-2020;1;1787
UKM50;30-Aug-2020;0;1787
UKM50;31-Aug-2020;2;1789
UKM50;01-Sep-2020;10;1799
UKM50;02-Sep-2020;8;1807
UKM50;03-Sep-2020;8;1815
UKM50;04-Sep-2020;7;1822
UKM50;05-Sep-2020;4;1826
UKM50;06-Sep-2020;5;1831
UKM50;07-Sep-2020;2;1833
UKM50;08-Sep-2020;3;1836
UKM50;09-Sep-2020;3;1839
UKM50;10-Sep-2020;2;1841
UKM50;11-Sep-2020;5;1846
UKM50;12-Sep-2020;4;1850
UKM50;13-Sep-2020;4;1854
UKM50;14-Sep-2020;7;1861
UKM50;15-Sep-2020;3;1864
UKM50;16-Sep-2020;12;1876
UKM50;17-Sep-2020;9;1885
UKM50;18-Sep-2020;21;1906
UKM50;19-Sep-2020;10;1916
UKM50;20-Sep-2020;8;1924
UKM50;21-Sep-2020;13;1937
UKM50;22-Sep-2020;14;1951
UKM50;23-Sep-2020;11;1962
UKM50;24-Sep-2020;26;1988
UKM50;25-Sep-2020;29;2017
UKM50;26-Sep-2020;18;2035
UKM50;27-Sep-2020;27;2062
UKM50;28-Sep-2020;34;2096
UKM50;29-Sep-2020;20;2116
UKM50;30-Sep-2020;26;2142
UKM50;01-Oct-2020;15;2157
UKM50;02-Oct-2020;23;2180
UKM50;03-Oct-2020;23;2203
UKM50;04-Oct-2020;16;2219
UKM50;05-Oct-2020;46;2265
UKM50;06-Oct-2020;41;2306
UKM50;07-Oct-2020;56;2362
UKM50;08-Oct-2020;46;2408
UKM50;09-Oct-2020;46;2454
UKM50;10-Oct-2020;31;2485
UKM50;11-Oct-2020;30;2515
UKM50;12-Oct-2020;46;2561
UKM50;13-Oct-2020;30;2591
UKM50;14-Oct-2020;33;2624
UKM50;15-Oct-2020;36;2660
UKM50;16-Oct-2020;36;2696
UKM50;17-Oct-2020;16;2712
UKM50;18-Oct-2020;22;2734
UKM50;19-Oct-2020;27;2761
UKM50;20-Oct-2020;28;2789
UKM50;21-Oct-2020;21;2810
UKM50;22-Oct-2020;24;2834
UKM50;23-Oct-2020;28;2862
UKM50;24-Oct-2020;28;2890
UKM50;25-Oct-2020;15;2905
UKM50;26-Oct-2020;26;2931
UKM50;27-Oct-2020;21;2952
UKM50;28-Oct-2020;21;2973
UKM50;29-Oct-2020;40;3013
UKM50;30-Oct-2020;22;3035
UKM50;31-Oct-2020;7;3042
UKM50;01-Nov-2020;14;3056
UKM50;02-Nov-2020;43;3099
UKM50;03-Nov-2020;17;3116
UKM50;04-Nov-2020;31;3147
UKM50;05-Nov-2020;18;3165
UKM50;06-Nov-2020;30;3195
UKM50;07-Nov-2020;15;3210
UKM50;08-Nov-2020;16;3226
UKM50;09-Nov-2020;49;3275
UKM50;10-Nov-2020;47;3322
UKM50;11-Nov-2020;48;3370
UKM50;12-Nov-2020;53;3423
UKM50;13-Nov-2020;46;3469
UKM50;14-Nov-2020;33;3502
UKM50;15-Nov-2020;26;3528
UKM50;16-Nov-2020;37;3565
UKM50;17-Nov-2020;57;3622
UKM50;18-Nov-2020;55;3677
UKM50;19-Nov-2020;43;3720
UKM50;20-Nov-2020;38;3758
UKM50;21-Nov-2020;55;3813
UKM50;22-Nov-2020;43;3856
UKM50;23-Nov-2020;121;3977
UKM50;24-Nov-2020;64;4041
UKM50;25-Nov-2020;60;4101
UKM50;26-Nov-2020;61;4162
UKM50;27-Nov-2020;51;4213
UKM50;28-Nov-2020;37;4250
UKM50;29-Nov-2020;52;4302
UKM50;30-Nov-2020;81;4383
UKM50;01-Dec-2020;47;4430
UKM50;02-Dec-2020;52;4482
UKM50;03-Dec-2020;69;4551
UKM50;04-Dec-2020;46;4597
UKM50;05-Dec-2020;39;4636
UKM50;06-Dec-2020;48;4684
UKM50;07-Dec-2020;112;4796
UKM50;08-Dec-2020;70;4866
UKM50;09-Dec-2020;101;4967
UKM50;10-Dec-2020;70;5037
UKM50;11-Dec-2020;60;5097
UKM50;12-Dec-2020;63;5160
UKM50;13-Dec-2020;81;5241
UKM50;14-Dec-2020;114;5355
UKM50;15-Dec-2020;112;5467
UKM50;16-Dec-2020;87;5554
UKM50;17-Dec-2020;123;5677
UKM50;18-Dec-2020;107;5784
UKM50;19-Dec-2020;69;5853
UKM50;20-Dec-2020;91;5944
UKM50;21-Dec-2020;144;6088
UKM50;22-Dec-2020;145;6233
UKM50;23-Dec-2020;130;6363
UKM50;24-Dec-2020;93;6456
UKM50;25-Dec-2020;34;6490
UKM50;26-Dec-2020;86;6576
UKM50;27-Dec-2020;143;6719
UKM50;28-Dec-2020;156;6875
UKM50;29-Dec-2020;287;7162
UKM50;30-Dec-2020;251;7413
UKM50;31-Dec-2020;195;7608
UKM50;01-Jan-2121;96;7704
UKM50;02-Jan-2121;197;7901
UKM50;03-Jan-2121;163;8064
UKM50;04-Jan-2121;265;8329
UKM50;05-Jan-2121;300;8629
UKM50;06-Jan-2121;188;8817
UKM50;07-Jan-2121;188;9005
UKM50;08-Jan-2121;128;9133
UKM50;09-Jan-2121;87;9220
UKM50;10-Jan-2121;100;9320
UKM50;11-Jan-2121;198;9518
UKM50;12-Jan-2121;181;9699
UKM50;13-Jan-2121;120;9819
UKM50;14-Jan-2121;130;9949
UKM50;15-Jan-2121;121;10070
UKM50;16-Jan-2121;79;10149
UKM50;17-Jan-2121;70;10219
UKM50;18-Jan-2121;120;10339
UKM50;19-Jan-2121;108;10447
UKM50;20-Jan-2121;95;10542
UKM50;21-Jan-2121;92;10634
UKM50;22-Jan-2121;85;10719
UKM50;23-Jan-2121;48;10767
UKM50;24-Jan-2121;50;10817
UKM50;25-Jan-2121;93;10910
UKM50;26-Jan-2121;66;10976
UKM50;27-Jan-2121;45;11021
UKM50;28-Jan-2121;48;11069
UKM50;29-Jan-2121;35;11104
UKM50;30-Jan-2121;33;11137
UKM50;31-Jan-2121;33;11170
UKM50;01-Feb-2121;52;11222
UKM50;02-Feb-2121;61;11283
UKM50;03-Feb-2121;40;11323
UKM50;04-Feb-2121;21;11344
UKM50;05-Feb-2121;41;11385
UKM50;06-Feb-2121;26;11411
UKM50;07-Feb-2121;27;11438
UKM50;08-Feb-2121;3;11441
UKM61;28-Feb-2020;0;0
UKM61;29-Feb-2020;0;0
UKM61;01-Mar-2020;0;0
UKM61;02-Mar-2020;0;0
UKM61;03-Mar-2020;0;0
UKM61;04-Mar-2020;0;0
UKM61;05-Mar-2020;0;0
UKM61;06-Mar-2020;0;0
UKM61;07-Mar-2020;0;0
UKM61;08-Mar-2020;0;0
UKM61;09-Mar-2020;0;0
UKM61;10-Mar-2020;1;1
UKM61;11-Mar-2020;0;1
UKM61;12-Mar-2020;0;1
UKM61;13-Mar-2020;4;5
UKM61;14-Mar-2020;0;5
UKM61;15-Mar-2020;0;5
UKM61;16-Mar-2020;0;5
UKM61;17-Mar-2020;1;6
UKM61;18-Mar-2020;1;7
UKM61;19-Mar-2020;1;8
UKM61;20-Mar-2020;1;9
UKM61;21-Mar-2020;3;12
UKM61;22-Mar-2020;2;14
UKM61;23-Mar-2020;3;17
UKM61;24-Mar-2020;0;17
UKM61;25-Mar-2020;4;21
UKM61;26-Mar-2020;2;23
UKM61;27-Mar-2020;1;24
UKM61;28-Mar-2020;2;26
UKM61;29-Mar-2020;4;30
UKM61;30-Mar-2020;3;33
UKM61;31-Mar-2020;6;39
UKM61;01-Apr-2020;1;40
UKM61;02-Apr-2020;8;48
UKM61;03-Apr-2020;9;57
UKM61;04-Apr-2020;4;61
UKM61;05-Apr-2020;4;65
UKM61;06-Apr-2020;5;70
UKM61;07-Apr-2020;12;82
UKM61;08-Apr-2020;3;85
UKM61;09-Apr-2020;1;86
UKM61;10-Apr-2020;3;89
UKM61;11-Apr-2020;3;92
UKM61;12-Apr-2020;5;97
UKM61;13-Apr-2020;10;107
UKM61;14-Apr-2020;4;111
UKM61;15-Apr-2020;2;113
UKM61;16-Apr-2020;6;119
UKM61;17-Apr-2020;2;121
UKM61;18-Apr-2020;0;121
UKM61;19-Apr-2020;0;121
UKM61;20-Apr-2020;3;124
UKM61;21-Apr-2020;1;125
UKM61;22-Apr-2020;0;125
UKM61;23-Apr-2020;1;126
UKM61;24-Apr-2020;1;127
UKM61;25-Apr-2020;1;128
UKM61;26-Apr-2020;3;131
UKM61;27-Apr-2020;4;135
UKM61;28-Apr-2020;4;139
UKM61;29-Apr-2020;20;159
UKM61;30-Apr-2020;27;186
UKM61;01-May-2020;0;186
UKM61;02-May-2020;1;187
UKM61;03-May-2020;0;187
UKM61;04-May-2020;2;189
UKM61;05-May-2020;1;190
UKM61;06-May-2020;0;190
UKM61;07-May-2020;0;190
UKM61;08-May-2020;2;192
UKM61;09-May-2020;0;192
UKM61;10-May-2020;1;193
UKM61;11-May-2020;2;195
UKM61;12-May-2020;5;200
UKM61;13-May-2020;2;202
UKM61;14-May-2020;0;202
UKM61;15-May-2020;0;202
UKM61;16-May-2020;1;203
UKM61;17-May-2020;1;204
UKM61;18-May-2020;0;204
UKM61;19-May-2020;1;205
UKM61;20-May-2020;0;205
UKM61;21-May-2020;1;206
UKM61;22-May-2020;0;206
UKM61;23-May-2020;0;206
UKM61;24-May-2020;0;206
UKM61;25-May-2020;0;206
UKM61;26-May-2020;1;207
UKM61;27-May-2020;0;207
UKM61;28-May-2020;0;207
UKM61;29-May-2020;0;207
UKM61;30-May-2020;1;208
UKM61;31-May-2020;0;208
UKM61;01-Jun-2020;1;209
UKM61;02-Jun-2020;0;209
UKM61;03-Jun-2020;0;209
UKM61;04-Jun-2020;0;209
UKM61;05-Jun-2020;0;209
UKM61;06-Jun-2020;0;209
UKM61;07-Jun-2020;0;209
UKM61;08-Jun-2020;0;209
UKM61;09-Jun-2020;1;210
UKM61;10-Jun-2020;0;210
UKM61;11-Jun-2020;0;210
UKM61;12-Jun-2020;1;211
UKM61;13-Jun-2020;0;211
UKM61;14-Jun-2020;0;211
UKM61;15-Jun-2020;0;211
UKM61;16-Jun-2020;0;211
UKM61;17-Jun-2020;0;211
UKM61;18-Jun-2020;0;211
UKM61;19-Jun-2020;1;212
UKM61;20-Jun-2020;0;212
UKM61;21-Jun-2020;0;212
UKM61;22-Jun-2020;0;212
UKM61;23-Jun-2020;0;212
UKM61;24-Jun-2020;0;212
UKM61;25-Jun-2020;0;212
UKM61;26-Jun-2020;0;212
UKM61;27-Jun-2020;0;212
UKM61;28-Jun-2020;0;212
UKM61;29-Jun-2020;0;212
UKM61;30-Jun-2020;0;212
UKM61;01-Jul-2020;0;212
UKM61;02-Jul-2020;0;212
UKM61;03-Jul-2020;1;213
UKM61;04-Jul-2020;0;213
UKM61;05-Jul-2020;0;213
UKM61;06-Jul-2020;0;213
UKM61;07-Jul-2020;1;214
UKM61;08-Jul-2020;0;214
UKM61;09-Jul-2020;0;214
UKM61;10-Jul-2020;0;214
UKM61;11-Jul-2020;0;214
UKM61;12-Jul-2020;0;214
UKM61;13-Jul-2020;0;214
UKM61;14-Jul-2020;0;214
UKM61;15-Jul-2020;0;214
UKM61;16-Jul-2020;0;214
UKM61;17-Jul-2020;0;214
UKM61;18-Jul-2020;0;214
UKM61;19-Jul-2020;0;214
UKM61;20-Jul-2020;0;214
UKM61;21-Jul-2020;1;215
UKM61;22-Jul-2020;1;216
UKM61;23-Jul-2020;0;216
UKM61;24-Jul-2020;0;216
UKM61;25-Jul-2020;0;216
UKM61;26-Jul-2020;0;216
UKM61;27-Jul-2020;0;216
UKM61;28-Jul-2020;0;216
UKM61;29-Jul-2020;1;217
UKM61;30-Jul-2020;0;217
UKM61;31-Jul-2020;0;217
UKM61;01-Aug-2020;0;217
UKM61;02-Aug-2020;0;217
UKM61;03-Aug-2020;0;217
UKM61;04-Aug-2020;0;217
UKM61;05-Aug-2020;0;217
UKM61;06-Aug-2020;0;217
UKM61;07-Aug-2020;4;221
UKM61;08-Aug-2020;0;221
UKM61;09-Aug-2020;0;221
UKM61;10-Aug-2020;0;221
UKM61;11-Aug-2020;0;221
UKM61;12-Aug-2020;0;221
UKM61;13-Aug-2020;0;221
UKM61;14-Aug-2020;0;221
UKM61;15-Aug-2020;0;221
UKM61;16-Aug-2020;1;222
UKM61;17-Aug-2020;2;224
UKM61;18-Aug-2020;1;225
UKM61;19-Aug-2020;1;226
UKM61;20-Aug-2020;2;228
UKM61;21-Aug-2020;0;228
UKM61;22-Aug-2020;0;228
UKM61;23-Aug-2020;1;229
UKM61;24-Aug-2020;2;231
UKM61;25-Aug-2020;0;231
UKM61;26-Aug-2020;1;232
UKM61;27-Aug-2020;3;235
UKM61;28-Aug-2020;5;240
UKM61;29-Aug-2020;1;241
UKM61;30-Aug-2020;1;242
UKM61;31-Aug-2020;3;245
UKM61;01-Sep-2020;19;264
UKM61;02-Sep-2020;3;267
UKM61;03-Sep-2020;4;271
UKM61;04-Sep-2020;5;276
UKM61;05-Sep-2020;5;281
UKM61;06-Sep-2020;3;284
UKM61;07-Sep-2020;0;284
UKM61;08-Sep-2020;2;286
UKM61;09-Sep-2020;2;288
UKM61;10-Sep-2020;2;290
UKM61;11-Sep-2020;4;294
UKM61;12-Sep-2020;6;300
UKM61;13-Sep-2020;3;303
UKM61;14-Sep-2020;3;306
UKM61;15-Sep-2020;7;313
UKM61;16-Sep-2020;8;321
UKM61;17-Sep-2020;7;328
UKM61;18-Sep-2020;9;337
UKM61;19-Sep-2020;2;339
UKM61;20-Sep-2020;3;342
UKM61;21-Sep-2020;7;349
UKM61;22-Sep-2020;10;359
UKM61;23-Sep-2020;9;368
UKM61;24-Sep-2020;7;375
UKM61;25-Sep-2020;6;381
UKM61;26-Sep-2020;0;381
UKM61;27-Sep-2020;2;383
UKM61;28-Sep-2020;10;393
UKM61;29-Sep-2020;8;401
UKM61;30-Sep-2020;8;409
UKM61;01-Oct-2020;10;419
UKM61;02-Oct-2020;10;429
UKM61;03-Oct-2020;5;434
UKM61;04-Oct-2020;4;438
UKM61;05-Oct-2020;10;448
UKM61;06-Oct-2020;5;453
UKM61;07-Oct-2020;3;456
UKM61;08-Oct-2020;3;459
UKM61;09-Oct-2020;7;466
UKM61;10-Oct-2020;2;468
UKM61;11-Oct-2020;9;477
UKM61;12-Oct-2020;3;480
UKM61;13-Oct-2020;13;493
UKM61;14-Oct-2020;8;501
UKM61;15-Oct-2020;6;507
UKM61;16-Oct-2020;11;518
UKM61;17-Oct-2020;4;522
UKM61;18-Oct-2020;8;530
UKM61;19-Oct-2020;6;536
UKM61;20-Oct-2020;13;549
UKM61;21-Oct-2020;2;551
UKM61;22-Oct-2020;5;556
UKM61;23-Oct-2020;6;562
UKM61;24-Oct-2020;2;564
UKM61;25-Oct-2020;2;566
UKM61;26-Oct-2020;13;579
UKM61;27-Oct-2020;7;586
UKM61;28-Oct-2020;10;596
UKM61;29-Oct-2020;7;603
UKM61;30-Oct-2020;14;617
UKM61;31-Oct-2020;4;621
UKM61;01-Nov-2020;3;624
UKM61;02-Nov-2020;6;630
UKM61;03-Nov-2020;15;645
UKM61;04-Nov-2020;10;655
UKM61;05-Nov-2020;9;664
UKM61;06-Nov-2020;14;678
UKM61;07-Nov-2020;1;679
UKM61;08-Nov-2020;5;684
UKM61;09-Nov-2020;5;689
UKM61;10-Nov-2020;11;700
UKM61;11-Nov-2020;7;707
UKM61;12-Nov-2020;11;718
UKM61;13-Nov-2020;8;726
UKM61;14-Nov-2020;7;733
UKM61;15-Nov-2020;2;735
UKM61;16-Nov-2020;14;749
UKM61;17-Nov-2020;4;753
UKM61;18-Nov-2020;2;755
UKM61;19-Nov-2020;3;758
UKM61;20-Nov-2020;4;762
UKM61;21-Nov-2020;5;767
UKM61;22-Nov-2020;1;768
UKM61;23-Nov-2020;7;775
UKM61;24-Nov-2020;3;778
UKM61;25-Nov-2020;2;780
UKM61;26-Nov-2020;7;787
UKM61;27-Nov-2020;8;795
UKM61;28-Nov-2020;4;799
UKM61;29-Nov-2020;1;800
UKM61;30-Nov-2020;4;804
UKM61;01-Dec-2020;7;811
UKM61;02-Dec-2020;4;815
UKM61;03-Dec-2020;3;818
UKM61;04-Dec-2020;1;819
UKM61;05-Dec-2020;2;821
UKM61;06-Dec-2020;5;826
UKM61;07-Dec-2020;5;831
UKM61;08-Dec-2020;11;842
UKM61;09-Dec-2020;6;848
UKM61;10-Dec-2020;6;854
UKM61;11-Dec-2020;11;865
UKM61;12-Dec-2020;3;868
UKM61;13-Dec-2020;5;873
UKM61;14-Dec-2020;6;879
UKM61;15-Dec-2020;16;895
UKM61;16-Dec-2020;9;904
UKM61;17-Dec-2020;7;911
UKM61;18-Dec-2020;14;925
UKM61;19-Dec-2020;6;931
UKM61;20-Dec-2020;8;939
UKM61;21-Dec-2020;15;954
UKM61;22-Dec-2020;33;987
UKM61;23-Dec-2020;24;1011
UKM61;24-Dec-2020;21;1032
UKM61;25-Dec-2020;12;1044
UKM61;26-Dec-2020;21;1065
UKM61;27-Dec-2020;25;1090
UKM61;28-Dec-2020;26;1116
UKM61;29-Dec-2020;95;1211
UKM61;30-Dec-2020;112;1323
UKM61;31-Dec-2020;75;1398
UKM61;01-Jan-2121;38;1436
UKM61;02-Jan-2121;75;1511
UKM61;03-Jan-2121;83;1594
UKM61;04-Jan-2121;84;1678
UKM61;05-Jan-2121;105;1783
UKM61;06-Jan-2121;43;1826
UKM61;07-Jan-2121;82;1908
UKM61;08-Jan-2121;70;1978
UKM61;09-Jan-2121;51;2029
UKM61;10-Jan-2121;40;2069
UKM61;11-Jan-2121;69;2138
UKM61;12-Jan-2121;64;2202
UKM61;13-Jan-2121;52;2254
UKM61;14-Jan-2121;40;2294
UKM61;15-Jan-2121;31;2325
UKM61;16-Jan-2121;16;2341
UKM61;17-Jan-2121;16;2357
UKM61;18-Jan-2121;43;2400
UKM61;19-Jan-2121;27;2427
UKM61;20-Jan-2121;38;2465
UKM61;21-Jan-2121;24;2489
UKM61;22-Jan-2121;26;2515
UKM61;23-Jan-2121;17;2532
UKM61;24-Jan-2121;16;2548
UKM61;25-Jan-2121;34;2582
UKM61;26-Jan-2121;31;2613
UKM61;27-Jan-2121;30;2643
UKM61;28-Jan-2121;29;2672
UKM61;29-Jan-2121;19;2691
UKM61;30-Jan-2121;5;2696
UKM61;31-Jan-2121;8;2704
UKM61;01-Feb-2121;28;2732
UKM61;02-Feb-2121;28;2760
UKM61;03-Feb-2121;18;2778
UKM61;04-Feb-2121;22;2800
UKM61;05-Feb-2121;25;2825
UKM61;06-Feb-2121;17;2842
UKM61;07-Feb-2121;11;2853
UKM61;08-Feb-2121;7;2860
UKM62;28-Feb-2020;0;0
UKM62;29-Feb-2020;0;0
UKM62;01-Mar-2020;1;1
UKM62;02-Mar-2020;0;1
UKM62;03-Mar-2020;0;1
UKM62;04-Mar-2020;1;2
UKM62;05-Mar-2020;0;2
UKM62;06-Mar-2020;0;2
UKM62;07-Mar-2020;0;2
UKM62;08-Mar-2020;0;2
UKM62;09-Mar-2020;0;2
UKM62;10-Mar-2020;0;2
UKM62;11-Mar-2020;0;2
UKM62;12-Mar-2020;0;2
UKM62;13-Mar-2020;0;2
UKM62;14-Mar-2020;0;2
UKM62;15-Mar-2020;0;2
UKM62;16-Mar-2020;0;2
UKM62;17-Mar-2020;0;2
UKM62;18-Mar-2020;0;2
UKM62;19-Mar-2020;0;2
UKM62;20-Mar-2020;0;2
UKM62;21-Mar-2020;0;2
UKM62;22-Mar-2020;0;2
UKM62;23-Mar-2020;0;2
UKM62;24-Mar-2020;0;2
UKM62;25-Mar-2020;0;2
UKM62;26-Mar-2020;2;4
UKM62;27-Mar-2020;0;4
UKM62;28-Mar-2020;1;5
UKM62;29-Mar-2020;1;6
UKM62;30-Mar-2020;0;6
UKM62;31-Mar-2020;1;7
UKM62;01-Apr-2020;2;9
UKM62;02-Apr-2020;2;11
UKM62;03-Apr-2020;0;11
UKM62;04-Apr-2020;0;11
UKM62;05-Apr-2020;0;11
UKM62;06-Apr-2020;2;13
UKM62;07-Apr-2020;0;13
UKM62;08-Apr-2020;1;14
UKM62;09-Apr-2020;3;17
UKM62;10-Apr-2020;3;20
UKM62;11-Apr-2020;2;22
UKM62;12-Apr-2020;0;22
UKM62;13-Apr-2020;1;23
UKM62;14-Apr-2020;1;24
UKM62;15-Apr-2020;0;24
UKM62;16-Apr-2020;2;26
UKM62;17-Apr-2020;2;28
UKM62;18-Apr-2020;2;30
UKM62;19-Apr-2020;0;30
UKM62;20-Apr-2020;0;30
UKM62;21-Apr-2020;2;32
UKM62;22-Apr-2020;0;32
UKM62;23-Apr-2020;1;33
UKM62;24-Apr-2020;1;34
UKM62;25-Apr-2020;1;35
UKM62;26-Apr-2020;1;36
UKM62;27-Apr-2020;1;37
UKM62;28-Apr-2020;2;39
UKM62;29-Apr-2020;0;39
UKM62;30-Apr-2020;2;41
UKM62;01-May-2020;1;42
UKM62;02-May-2020;0;42
UKM62;03-May-2020;0;42
UKM62;04-May-2020;3;45
UKM62;05-May-2020;3;48
UKM62;06-May-2020;4;52
UKM62;07-May-2020;0;52
UKM62;08-May-2020;1;53
UKM62;09-May-2020;4;57
UKM62;10-May-2020;3;60
UKM62;11-May-2020;5;65
UKM62;12-May-2020;5;70
UKM62;13-May-2020;5;75
UKM62;14-May-2020;2;77
UKM62;15-May-2020;2;79
UKM62;16-May-2020;0;79
UKM62;17-May-2020;0;79
UKM62;18-May-2020;2;81
UKM62;19-May-2020;2;83
UKM62;20-May-2020;0;83
UKM62;21-May-2020;0;83
UKM62;22-May-2020;2;85
UKM62;23-May-2020;0;85
UKM62;24-May-2020;0;85
UKM62;25-May-2020;0;85
UKM62;26-May-2020;1;86
UKM62;27-May-2020;0;86
UKM62;28-May-2020;0;86
UKM62;29-May-2020;0;86
UKM62;30-May-2020;0;86
UKM62;31-May-2020;0;86
UKM62;01-Jun-2020;0;86
UKM62;02-Jun-2020;0;86
UKM62;03-Jun-2020;0;86
UKM62;04-Jun-2020;0;86
UKM62;05-Jun-2020;0;86
UKM62;06-Jun-2020;0;86
UKM62;07-Jun-2020;0;86
UKM62;08-Jun-2020;0;86
UKM62;09-Jun-2020;0;86
UKM62;10-Jun-2020;0;86
UKM62;11-Jun-2020;0;86
UKM62;12-Jun-2020;0;86
UKM62;13-Jun-2020;0;86
UKM62;14-Jun-2020;0;86
UKM62;15-Jun-2020;0;86
UKM62;16-Jun-2020;0;86
UKM62;17-Jun-2020;0;86
UKM62;18-Jun-2020;0;86
UKM62;19-Jun-2020;0;86
UKM62;20-Jun-2020;0;86
UKM62;21-Jun-2020;0;86
UKM62;22-Jun-2020;0;86
UKM62;23-Jun-2020;0;86
UKM62;24-Jun-2020;0;86
UKM62;25-Jun-2020;0;86
UKM62;26-Jun-2020;0;86
UKM62;27-Jun-2020;0;86
UKM62;28-Jun-2020;0;86
UKM62;29-Jun-2020;0;86
UKM62;30-Jun-2020;0;86
UKM62;01-Jul-2020;0;86
UKM62;02-Jul-2020;0;86
UKM62;03-Jul-2020;1;87
UKM62;04-Jul-2020;0;87
UKM62;05-Jul-2020;0;87
UKM62;06-Jul-2020;0;87
UKM62;07-Jul-2020;0;87
UKM62;08-Jul-2020;0;87
UKM62;09-Jul-2020;0;87
UKM62;10-Jul-2020;0;87
UKM62;11-Jul-2020;0;87
UKM62;12-Jul-2020;0;87
UKM62;13-Jul-2020;0;87
UKM62;14-Jul-2020;0;87
UKM62;15-Jul-2020;0;87
UKM62;16-Jul-2020;2;89
UKM62;17-Jul-2020;1;90
UKM62;18-Jul-2020;0;90
UKM62;19-Jul-2020;0;90
UKM62;20-Jul-2020;0;90
UKM62;21-Jul-2020;0;90
UKM62;22-Jul-2020;0;90
UKM62;23-Jul-2020;0;90
UKM62;24-Jul-2020;0;90
UKM62;25-Jul-2020;0;90
UKM62;26-Jul-2020;0;90
UKM62;27-Jul-2020;0;90
UKM62;28-Jul-2020;0;90
UKM62;29-Jul-2020;2;92
UKM62;30-Jul-2020;0;92
UKM62;31-Jul-2020;0;92
UKM62;01-Aug-2020;1;93
UKM62;02-Aug-2020;0;93
UKM62;03-Aug-2020;0;93
UKM62;04-Aug-2020;0;93
UKM62;05-Aug-2020;0;93
UKM62;06-Aug-2020;0;93
UKM62;07-Aug-2020;0;93
UKM62;08-Aug-2020;0;93
UKM62;09-Aug-2020;1;94
UKM62;10-Aug-2020;2;96
UKM62;11-Aug-2020;0;96
UKM62;12-Aug-2020;1;97
UKM62;13-Aug-2020;2;99
UKM62;14-Aug-2020;0;99
UKM62;15-Aug-2020;0;99
UKM62;16-Aug-2020;1;100
UKM62;17-Aug-2020;1;101
UKM62;18-Aug-2020;1;102
UKM62;19-Aug-2020;1;103
UKM62;20-Aug-2020;0;103
UKM62;21-Aug-2020;0;103
UKM62;22-Aug-2020;1;104
UKM62;23-Aug-2020;0;104
UKM62;24-Aug-2020;1;105
UKM62;25-Aug-2020;1;106
UKM62;26-Aug-2020;0;106
UKM62;27-Aug-2020;0;106
UKM62;28-Aug-2020;0;106
UKM62;29-Aug-2020;0;106
UKM62;30-Aug-2020;0;106
UKM62;31-Aug-2020;2;108
UKM62;01-Sep-2020;4;112
UKM62;02-Sep-2020;0;112
UKM62;03-Sep-2020;1;113
UKM62;04-Sep-2020;0;113
UKM62;05-Sep-2020;0;113
UKM62;06-Sep-2020;1;114
UKM62;07-Sep-2020;0;114
UKM62;08-Sep-2020;2;116
UKM62;09-Sep-2020;0;116
UKM62;10-Sep-2020;1;117
UKM62;11-Sep-2020;4;121
UKM62;12-Sep-2020;3;124
UKM62;13-Sep-2020;0;124
UKM62;14-Sep-2020;0;124
UKM62;15-Sep-2020;0;124
UKM62;16-Sep-2020;2;126
UKM62;17-Sep-2020;1;127
UKM62;18-Sep-2020;0;127
UKM62;19-Sep-2020;1;128
UKM62;20-Sep-2020;1;129
UKM62;21-Sep-2020;1;130
UKM62;22-Sep-2020;1;131
UKM62;23-Sep-2020;1;132
UKM62;24-Sep-2020;1;133
UKM62;25-Sep-2020;0;133
UKM62;26-Sep-2020;0;133
UKM62;27-Sep-2020;1;134
UKM62;28-Sep-2020;2;136
UKM62;29-Sep-2020;2;138
UKM62;30-Sep-2020;0;138
UKM62;01-Oct-2020;0;138
UKM62;02-Oct-2020;1;139
UKM62;03-Oct-2020;0;139
UKM62;04-Oct-2020;2;141
UKM62;05-Oct-2020;2;143
UKM62;06-Oct-2020;2;145
UKM62;07-Oct-2020;3;148
UKM62;08-Oct-2020;6;154
UKM62;09-Oct-2020;2;156
UKM62;10-Oct-2020;2;158
UKM62;11-Oct-2020;1;159
UKM62;12-Oct-2020;2;161
UKM62;13-Oct-2020;2;163
UKM62;14-Oct-2020;5;168
UKM62;15-Oct-2020;1;169
UKM62;16-Oct-2020;3;172
UKM62;17-Oct-2020;2;174
UKM62;18-Oct-2020;0;174
UKM62;19-Oct-2020;3;177
UKM62;20-Oct-2020;5;182
UKM62;21-Oct-2020;3;185
UKM62;22-Oct-2020;1;186
UKM62;23-Oct-2020;4;190
UKM62;24-Oct-2020;2;192
UKM62;25-Oct-2020;0;192
UKM62;26-Oct-2020;1;193
UKM62;27-Oct-2020;2;195
UKM62;28-Oct-2020;3;198
UKM62;29-Oct-2020;2;200
UKM62;30-Oct-2020;1;201
UKM62;31-Oct-2020;0;201
UKM62;01-Nov-2020;0;201
UKM62;02-Nov-2020;2;203
UKM62;03-Nov-2020;8;211
UKM62;04-Nov-2020;1;212
UKM62;05-Nov-2020;2;214
UKM62;06-Nov-2020;5;219
UKM62;07-Nov-2020;4;223
UKM62;08-Nov-2020;4;227
UKM62;09-Nov-2020;1;228
UKM62;10-Nov-2020;9;237
UKM62;11-Nov-2020;1;238
UKM62;12-Nov-2020;10;248
UKM62;13-Nov-2020;3;251
UKM62;14-Nov-2020;2;253
UKM62;15-Nov-2020;0;253
UKM62;16-Nov-2020;5;258
UKM62;17-Nov-2020;5;263
UKM62;18-Nov-2020;2;265
UKM62;19-Nov-2020;2;267
UKM62;20-Nov-2020;0;267
UKM62;21-Nov-2020;1;268
UKM62;22-Nov-2020;0;268
UKM62;23-Nov-2020;2;270
UKM62;24-Nov-2020;1;271
UKM62;25-Nov-2020;1;272
UKM62;26-Nov-2020;1;273
UKM62;27-Nov-2020;0;273
UKM62;28-Nov-2020;0;273
UKM62;29-Nov-2020;0;273
UKM62;30-Nov-2020;3;276
UKM62;01-Dec-2020;4;280
UKM62;02-Dec-2020;0;280
UKM62;03-Dec-2020;0;280
UKM62;04-Dec-2020;2;282
UKM62;05-Dec-2020;3;285
UKM62;06-Dec-2020;2;287
UKM62;07-Dec-2020;3;290
UKM62;08-Dec-2020;3;293
UKM62;09-Dec-2020;4;297
UKM62;10-Dec-2020;3;300
UKM62;11-Dec-2020;2;302
UKM62;12-Dec-2020;4;306
UKM62;13-Dec-2020;1;307
UKM62;14-Dec-2020;4;311
UKM62;15-Dec-2020;3;314
UKM62;16-Dec-2020;4;318
UKM62;17-Dec-2020;2;320
UKM62;18-Dec-2020;5;325
UKM62;19-Dec-2020;7;332
UKM62;20-Dec-2020;7;339
UKM62;21-Dec-2020;16;355
UKM62;22-Dec-2020;6;361
UKM62;23-Dec-2020;10;371
UKM62;24-Dec-2020;5;376
UKM62;25-Dec-2020;1;377
UKM62;26-Dec-2020;8;385
UKM62;27-Dec-2020;11;396
UKM62;28-Dec-2020;7;403
UKM62;29-Dec-2020;33;436
UKM62;30-Dec-2020;27;463
UKM62;31-Dec-2020;22;485
UKM62;01-Jan-2121;8;493
UKM62;02-Jan-2121;11;504
UKM62;03-Jan-2121;13;517
UKM62;04-Jan-2121;26;543
UKM62;05-Jan-2121;32;575
UKM62;06-Jan-2121;22;597
UKM62;07-Jan-2121;26;623
UKM62;08-Jan-2121;27;650
UKM62;09-Jan-2121;10;660
UKM62;10-Jan-2121;5;665
UKM62;11-Jan-2121;11;676
UKM62;12-Jan-2121;19;695
UKM62;13-Jan-2121;9;704
UKM62;14-Jan-2121;24;728
UKM62;15-Jan-2121;13;741
UKM62;16-Jan-2121;10;751
UKM62;17-Jan-2121;32;783
UKM62;18-Jan-2121;22;805
UKM62;19-Jan-2121;18;823
UKM62;20-Jan-2121;10;833
UKM62;21-Jan-2121;17;850
UKM62;22-Jan-2121;25;875
UKM62;23-Jan-2121;12;887
UKM62;24-Jan-2121;11;898
UKM62;25-Jan-2121;17;915
UKM62;26-Jan-2121;23;938
UKM62;27-Jan-2121;7;945
UKM62;28-Jan-2121;12;957
UKM62;29-Jan-2121;16;973
UKM62;30-Jan-2121;2;975
UKM62;31-Jan-2121;9;984
UKM62;01-Feb-2121;18;1002
UKM62;02-Feb-2121;16;1018
UKM62;03-Feb-2121;6;1024
UKM62;04-Feb-2121;18;1042
UKM62;05-Feb-2121;5;1047
UKM62;06-Feb-2121;9;1056
UKM62;07-Feb-2121;6;1062
UKM62;08-Feb-2121;1;1063
UKM63;28-Feb-2020;0;0
UKM63;29-Feb-2020;0;0
UKM63;01-Mar-2020;0;0
UKM63;02-Mar-2020;1;1
UKM63;03-Mar-2020;0;1
UKM63;04-Mar-2020;0;1
UKM63;05-Mar-2020;0;1
UKM63;06-Mar-2020;0;1
UKM63;07-Mar-2020;0;1
UKM63;08-Mar-2020;0;1
UKM63;09-Mar-2020;0;1
UKM63;10-Mar-2020;1;2
UKM63;11-Mar-2020;1;3
UKM63;12-Mar-2020;0;3
UKM63;13-Mar-2020;0;3
UKM63;14-Mar-2020;0;3
UKM63;15-Mar-2020;1;4
UKM63;16-Mar-2020;1;5
UKM63;17-Mar-2020;1;6
UKM63;18-Mar-2020;2;8
UKM63;19-Mar-2020;1;9
UKM63;20-Mar-2020;3;12
UKM63;21-Mar-2020;1;13
UKM63;22-Mar-2020;3;16
UKM63;23-Mar-2020;6;22
UKM63;24-Mar-2020;13;35
UKM63;25-Mar-2020;4;39
UKM63;26-Mar-2020;6;45
UKM63;27-Mar-2020;16;61
UKM63;28-Mar-2020;8;69
UKM63;29-Mar-2020;6;75
UKM63;30-Mar-2020;12;87
UKM63;31-Mar-2020;8;95
UKM63;01-Apr-2020;11;106
UKM63;02-Apr-2020;10;116
UKM63;03-Apr-2020;11;127
UKM63;04-Apr-2020;9;136
UKM63;05-Apr-2020;6;142
UKM63;06-Apr-2020;10;152
UKM63;07-Apr-2020;12;164
UKM63;08-Apr-2020;12;176
UKM63;09-Apr-2020;7;183
UKM63;10-Apr-2020;10;193
UKM63;11-Apr-2020;2;195
UKM63;12-Apr-2020;3;198
UKM63;13-Apr-2020;7;205
UKM63;14-Apr-2020;15;220
UKM63;15-Apr-2020;9;229
UKM63;16-Apr-2020;11;240
UKM63;17-Apr-2020;13;253
UKM63;18-Apr-2020;9;262
UKM63;19-Apr-2020;7;269
UKM63;20-Apr-2020;25;294
UKM63;21-Apr-2020;7;301
UKM63;22-Apr-2020;4;305
UKM63;23-Apr-2020;12;317
UKM63;24-Apr-2020;12;329
UKM63;25-Apr-2020;2;331
UKM63;26-Apr-2020;7;338
UKM63;27-Apr-2020;9;347
UKM63;28-Apr-2020;10;357
UKM63;29-Apr-2020;12;369
UKM63;30-Apr-2020;6;375
UKM63;01-May-2020;12;387
UKM63;02-May-2020;11;398
UKM63;03-May-2020;11;409
UKM63;04-May-2020;2;411
UKM63;05-May-2020;4;415
UKM63;06-May-2020;14;429
UKM63;07-May-2020;2;431
UKM63;08-May-2020;3;434
UKM63;09-May-2020;16;450
UKM63;10-May-2020;32;482
UKM63;11-May-2020;3;485
UKM63;12-May-2020;5;490
UKM63;13-May-2020;5;495
UKM63;14-May-2020;1;496
UKM63;15-May-2020;1;497
UKM63;16-May-2020;2;499
UKM63;17-May-2020;4;503
UKM63;18-May-2020;0;503
UKM63;19-May-2020;4;507
UKM63;20-May-2020;3;510
UKM63;21-May-2020;2;512
UKM63;22-May-2020;1;513
UKM63;23-May-2020;0;513
UKM63;24-May-2020;1;514
UKM63;25-May-2020;5;519
UKM63;26-May-2020;3;522
UKM63;27-May-2020;3;525
UKM63;28-May-2020;8;533
UKM63;29-May-2020;0;533
UKM63;30-May-2020;1;534
UKM63;31-May-2020;0;534
UKM63;01-Jun-2020;2;536
UKM63;02-Jun-2020;2;538
UKM63;03-Jun-2020;2;540
UKM63;04-Jun-2020;3;543
UKM63;05-Jun-2020;3;546
UKM63;06-Jun-2020;1;547
UKM63;07-Jun-2020;1;548
UKM63;08-Jun-2020;0;548
UKM63;09-Jun-2020;1;549
UKM63;10-Jun-2020;3;552
UKM63;11-Jun-2020;2;554
UKM63;12-Jun-2020;0;554
UKM63;13-Jun-2020;0;554
UKM63;14-Jun-2020;1;555
UKM63;15-Jun-2020;0;555
UKM63;16-Jun-2020;0;555
UKM63;17-Jun-2020;1;556
UKM63;18-Jun-2020;2;558
UKM63;19-Jun-2020;0;558
UKM63;20-Jun-2020;0;558
UKM63;21-Jun-2020;2;560
UKM63;22-Jun-2020;0;560
UKM63;23-Jun-2020;0;560
UKM63;24-Jun-2020;0;560
UKM63;25-Jun-2020;0;560
UKM63;26-Jun-2020;0;560
UKM63;27-Jun-2020;0;560
UKM63;28-Jun-2020;0;560
UKM63;29-Jun-2020;0;560
UKM63;30-Jun-2020;0;560
UKM63;01-Jul-2020;0;560
UKM63;02-Jul-2020;0;560
UKM63;03-Jul-2020;1;561
UKM63;04-Jul-2020;0;561
UKM63;05-Jul-2020;0;561
UKM63;06-Jul-2020;0;561
UKM63;07-Jul-2020;0;561
UKM63;08-Jul-2020;0;561
UKM63;09-Jul-2020;1;562
UKM63;10-Jul-2020;0;562
UKM63;11-Jul-2020;0;562
UKM63;12-Jul-2020;0;562
UKM63;13-Jul-2020;0;562
UKM63;14-Jul-2020;2;564
UKM63;15-Jul-2020;0;564
UKM63;16-Jul-2020;1;565
UKM63;17-Jul-2020;2;567
UKM63;18-Jul-2020;0;567
UKM63;19-Jul-2020;0;567
UKM63;20-Jul-2020;1;568
UKM63;21-Jul-2020;1;569
UKM63;22-Jul-2020;2;571
UKM63;23-Jul-2020;0;571
UKM63;24-Jul-2020;0;571
UKM63;25-Jul-2020;0;571
UKM63;26-Jul-2020;0;571
UKM63;27-Jul-2020;0;571
UKM63;28-Jul-2020;0;571
UKM63;29-Jul-2020;1;572
UKM63;30-Jul-2020;0;572
UKM63;31-Jul-2020;0;572
UKM63;01-Aug-2020;0;572
UKM63;02-Aug-2020;0;572
UKM63;03-Aug-2020;1;573
UKM63;04-Aug-2020;2;575
UKM63;05-Aug-2020;0;575
UKM63;06-Aug-2020;0;575
UKM63;07-Aug-2020;0;575
UKM63;08-Aug-2020;0;575
UKM63;09-Aug-2020;0;575
UKM63;10-Aug-2020;1;576
UKM63;11-Aug-2020;0;576
UKM63;12-Aug-2020;0;576
UKM63;13-Aug-2020;0;576
UKM63;14-Aug-2020;3;579
UKM63;15-Aug-2020;1;580
UKM63;16-Aug-2020;0;580
UKM63;17-Aug-2020;0;580
UKM63;18-Aug-2020;2;582
UKM63;19-Aug-2020;2;584
UKM63;20-Aug-2020;4;588
UKM63;21-Aug-2020;2;590
UKM63;22-Aug-2020;0;590
UKM63;23-Aug-2020;0;590
UKM63;24-Aug-2020;0;590
UKM63;25-Aug-2020;1;591
UKM63;26-Aug-2020;6;597
UKM63;27-Aug-2020;2;599
UKM63;28-Aug-2020;1;600
UKM63;29-Aug-2020;0;600
UKM63;30-Aug-2020;8;608
UKM63;31-Aug-2020;4;612
UKM63;01-Sep-2020;2;614
UKM63;02-Sep-2020;3;617
UKM63;03-Sep-2020;4;621
UKM63;04-Sep-2020;2;623
UKM63;05-Sep-2020;3;626
UKM63;06-Sep-2020;5;631
UKM63;07-Sep-2020;0;631
UKM63;08-Sep-2020;3;634
UKM63;09-Sep-2020;5;639
UKM63;10-Sep-2020;6;645
UKM63;11-Sep-2020;6;651
UKM63;12-Sep-2020;16;667
UKM63;13-Sep-2020;6;673
UKM63;14-Sep-2020;7;680
UKM63;15-Sep-2020;6;686
UKM63;16-Sep-2020;9;695
UKM63;17-Sep-2020;5;700
UKM63;18-Sep-2020;5;705
UKM63;19-Sep-2020;0;705
UKM63;20-Sep-2020;2;707
UKM63;21-Sep-2020;6;713
UKM63;22-Sep-2020;11;724
UKM63;23-Sep-2020;8;732
UKM63;24-Sep-2020;14;746
UKM63;25-Sep-2020;11;757
UKM63;26-Sep-2020;13;770
UKM63;27-Sep-2020;5;775
UKM63;28-Sep-2020;15;790
UKM63;29-Sep-2020;20;810
UKM63;30-Sep-2020;16;826
UKM63;01-Oct-2020;25;851
UKM63;02-Oct-2020;24;875
UKM63;03-Oct-2020;14;889
UKM63;04-Oct-2020;25;914
UKM63;05-Oct-2020;35;949
UKM63;06-Oct-2020;37;986
UKM63;07-Oct-2020;37;1023
UKM63;08-Oct-2020;32;1055
UKM63;09-Oct-2020;26;1081
UKM63;10-Oct-2020;26;1107
UKM63;11-Oct-2020;43;1150
UKM63;12-Oct-2020;43;1193
UKM63;13-Oct-2020;46;1239
UKM63;14-Oct-2020;44;1283
UKM63;15-Oct-2020;45;1328
UKM63;16-Oct-2020;29;1357
UKM63;17-Oct-2020;37;1394
UKM63;18-Oct-2020;22;1416
UKM63;19-Oct-2020;45;1461
UKM63;20-Oct-2020;78;1539
UKM63;21-Oct-2020;82;1621
UKM63;22-Oct-2020;57;1678
UKM63;23-Oct-2020;42;1720
UKM63;24-Oct-2020;38;1758
UKM63;25-Oct-2020;56;1814
UKM63;26-Oct-2020;56;1870
UKM63;27-Oct-2020;30;1900
UKM63;28-Oct-2020;36;1936
UKM63;29-Oct-2020;32;1968
UKM63;30-Oct-2020;44;2012
UKM63;31-Oct-2020;20;2032
UKM63;01-Nov-2020;35;2067
UKM63;02-Nov-2020;40;2107
UKM63;03-Nov-2020;38;2145
UKM63;04-Nov-2020;35;2180
UKM63;05-Nov-2020;54;2234
UKM63;06-Nov-2020;34;2268
UKM63;07-Nov-2020;40;2308
UKM63;08-Nov-2020;33;2341
UKM63;09-Nov-2020;32;2373
UKM63;10-Nov-2020;39;2412
UKM63;11-Nov-2020;31;2443
UKM63;12-Nov-2020;25;2468
UKM63;13-Nov-2020;16;2484
UKM63;14-Nov-2020;21;2505
UKM63;15-Nov-2020;17;2522
UKM63;16-Nov-2020;45;2567
UKM63;17-Nov-2020;28;2595
UKM63;18-Nov-2020;24;2619
UKM63;19-Nov-2020;29;2648
UKM63;20-Nov-2020;35;2683
UKM63;21-Nov-2020;22;2705
UKM63;22-Nov-2020;18;2723
UKM63;23-Nov-2020;38;2761
UKM63;24-Nov-2020;54;2815
UKM63;25-Nov-2020;28;2843
UKM63;26-Nov-2020;23;2866
UKM63;27-Nov-2020;40;2906
UKM63;28-Nov-2020;26;2932
UKM63;29-Nov-2020;16;2948
UKM63;30-Nov-2020;41;2989
UKM63;01-Dec-2020;63;3052
UKM63;02-Dec-2020;104;3156
UKM63;03-Dec-2020;40;3196
UKM63;04-Dec-2020;30;3226
UKM63;05-Dec-2020;25;3251
UKM63;06-Dec-2020;32;3283
UKM63;07-Dec-2020;41;3324
UKM63;08-Dec-2020;35;3359
UKM63;09-Dec-2020;45;3404
UKM63;10-Dec-2020;48;3452
UKM63;11-Dec-2020;41;3493
UKM63;12-Dec-2020;29;3522
UKM63;13-Dec-2020;38;3560
UKM63;14-Dec-2020;63;3623
UKM63;15-Dec-2020;44;3667
UKM63;16-Dec-2020;41;3708
UKM63;17-Dec-2020;56;3764
UKM63;18-Dec-2020;41;3805
UKM63;19-Dec-2020;28;3833
UKM63;20-Dec-2020;31;3864
UKM63;21-Dec-2020;56;3920
UKM63;22-Dec-2020;34;3954
UKM63;23-Dec-2020;51;4005
UKM63;24-Dec-2020;43;4048
UKM63;25-Dec-2020;15;4063
UKM63;26-Dec-2020;24;4087
UKM63;27-Dec-2020;65;4152
UKM63;28-Dec-2020;61;4213
UKM63;29-Dec-2020;108;4321
UKM63;30-Dec-2020;95;4416
UKM63;31-Dec-2020;72;4488
UKM63;01-Jan-2121;33;4521
UKM63;02-Jan-2121;81;4602
UKM63;03-Jan-2121;84;4686
UKM63;04-Jan-2121;71;4757
UKM63;05-Jan-2121;96;4853
UKM63;06-Jan-2121;93;4946
UKM63;07-Jan-2121;69;5015
UKM63;08-Jan-2121;60;5075
UKM63;09-Jan-2121;61;5136
UKM63;10-Jan-2121;56;5192
UKM63;11-Jan-2121;83;5275
UKM63;12-Jan-2121;57;5332
UKM63;13-Jan-2121;64;5396
UKM63;14-Jan-2121;70;5466
UKM63;15-Jan-2121;60;5526
UKM63;16-Jan-2121;49;5575
UKM63;17-Jan-2121;47;5622
UKM63;18-Jan-2121;62;5684
UKM63;19-Jan-2121;57;5741
UKM63;20-Jan-2121;48;5789
UKM63;21-Jan-2121;49;5838
UKM63;22-Jan-2121;37;5875
UKM63;23-Jan-2121;53;5928
UKM63;24-Jan-2121;39;5967
UKM63;25-Jan-2121;65;6032
UKM63;26-Jan-2121;33;6065
UKM63;27-Jan-2121;48;6113
UKM63;28-Jan-2121;47;6160
UKM63;29-Jan-2121;49;6209
UKM63;30-Jan-2121;35;6244
UKM63;31-Jan-2121;44;6288
UKM63;01-Feb-2121;50;6338
UKM63;02-Feb-2121;32;6370
UKM63;03-Feb-2121;39;6409
UKM63;04-Feb-2121;33;6442
UKM63;05-Feb-2121;40;6482
UKM63;06-Feb-2121;26;6508
UKM63;07-Feb-2121;36;6544
UKM63;08-Feb-2121;22;6566
UKM64;28-Feb-2020;0;0
UKM64;29-Feb-2020;0;0
UKM64;01-Mar-2020;0;0
UKM64;02-Mar-2020;0;0
UKM64;03-Mar-2020;0;0
UKM64;04-Mar-2020;0;0
UKM64;05-Mar-2020;0;0
UKM64;06-Mar-2020;0;0
UKM64;07-Mar-2020;0;0
UKM64;08-Mar-2020;0;0
UKM64;09-Mar-2020;0;0
UKM64;10-Mar-2020;0;0
UKM64;11-Mar-2020;0;0
UKM64;12-Mar-2020;0;0
UKM64;13-Mar-2020;0;0
UKM64;14-Mar-2020;0;0
UKM64;15-Mar-2020;0;0
UKM64;16-Mar-2020;0;0
UKM64;17-Mar-2020;0;0
UKM64;18-Mar-2020;0;0
UKM64;19-Mar-2020;0;0
UKM64;20-Mar-2020;0;0
UKM64;21-Mar-2020;0;0
UKM64;22-Mar-2020;0;0
UKM64;23-Mar-2020;0;0
UKM64;24-Mar-2020;0;0
UKM64;25-Mar-2020;0;0
UKM64;26-Mar-2020;1;1
UKM64;27-Mar-2020;0;1
UKM64;28-Mar-2020;0;1
UKM64;29-Mar-2020;1;2
UKM64;30-Mar-2020;1;3
UKM64;31-Mar-2020;0;3
UKM64;01-Apr-2020;0;3
UKM64;02-Apr-2020;1;4
UKM64;03-Apr-2020;0;4
UKM64;04-Apr-2020;0;4
UKM64;05-Apr-2020;1;5
UKM64;06-Apr-2020;0;5
UKM64;07-Apr-2020;1;6
UKM64;08-Apr-2020;0;6
UKM64;09-Apr-2020;0;6
UKM64;10-Apr-2020;0;6
UKM64;11-Apr-2020;0;6
UKM64;12-Apr-2020;0;6
UKM64;13-Apr-2020;0;6
UKM64;14-Apr-2020;0;6
UKM64;15-Apr-2020;0;6
UKM64;16-Apr-2020;0;6
UKM64;17-Apr-2020;0;6
UKM64;18-Apr-2020;0;6
UKM64;19-Apr-2020;0;6
UKM64;20-Apr-2020;0;6
UKM64;21-Apr-2020;0;6
UKM64;22-Apr-2020;0;6
UKM64;23-Apr-2020;0;6
UKM64;24-Apr-2020;0;6
UKM64;25-Apr-2020;0;6
UKM64;26-Apr-2020;0;6
UKM64;27-Apr-2020;0;6
UKM64;28-Apr-2020;0;6
UKM64;29-Apr-2020;0;6
UKM64;30-Apr-2020;0;6
UKM64;01-May-2020;0;6
UKM64;02-May-2020;0;6
UKM64;03-May-2020;0;6
UKM64;04-May-2020;0;6
UKM64;05-May-2020;0;6
UKM64;06-May-2020;0;6
UKM64;07-May-2020;0;6
UKM64;08-May-2020;0;6
UKM64;09-May-2020;0;6
UKM64;10-May-2020;0;6
UKM64;11-May-2020;0;6
UKM64;12-May-2020;0;6
UKM64;13-May-2020;0;6
UKM64;14-May-2020;0;6
UKM64;15-May-2020;0;6
UKM64;16-May-2020;0;6
UKM64;17-May-2020;0;6
UKM64;18-May-2020;0;6
UKM64;19-May-2020;0;6
UKM64;20-May-2020;0;6
UKM64;21-May-2020;0;6
UKM64;22-May-2020;0;6
UKM64;23-May-2020;0;6
UKM64;24-May-2020;0;6
UKM64;25-May-2020;0;6
UKM64;26-May-2020;0;6
UKM64;27-May-2020;0;6
UKM64;28-May-2020;0;6
UKM64;29-May-2020;0;6
UKM64;30-May-2020;0;6
UKM64;31-May-2020;0;6
UKM64;01-Jun-2020;0;6
UKM64;02-Jun-2020;1;7
UKM64;03-Jun-2020;0;7
UKM64;04-Jun-2020;0;7
UKM64;05-Jun-2020;0;7
UKM64;06-Jun-2020;0;7
UKM64;07-Jun-2020;0;7
UKM64;08-Jun-2020;0;7
UKM64;09-Jun-2020;0;7
UKM64;10-Jun-2020;0;7
UKM64;11-Jun-2020;0;7
UKM64;12-Jun-2020;0;7
UKM64;13-Jun-2020;0;7
UKM64;14-Jun-2020;0;7
UKM64;15-Jun-2020;0;7
UKM64;16-Jun-2020;0;7
UKM64;17-Jun-2020;0;7
UKM64;18-Jun-2020;0;7
UKM64;19-Jun-2020;0;7
UKM64;20-Jun-2020;0;7
UKM64;21-Jun-2020;0;7
UKM64;22-Jun-2020;0;7
UKM64;23-Jun-2020;0;7
UKM64;24-Jun-2020;0;7
UKM64;25-Jun-2020;0;7
UKM64;26-Jun-2020;0;7
UKM64;27-Jun-2020;0;7
UKM64;28-Jun-2020;0;7
UKM64;29-Jun-2020;0;7
UKM64;30-Jun-2020;0;7
UKM64;01-Jul-2020;0;7
UKM64;02-Jul-2020;0;7
UKM64;03-Jul-2020;0;7
UKM64;04-Jul-2020;0;7
UKM64;05-Jul-2020;0;7
UKM64;06-Jul-2020;0;7
UKM64;07-Jul-2020;0;7
UKM64;08-Jul-2020;0;7
UKM64;09-Jul-2020;0;7
UKM64;10-Jul-2020;0;7
UKM64;11-Jul-2020;0;7
UKM64;12-Jul-2020;0;7
UKM64;13-Jul-2020;0;7
UKM64;14-Jul-2020;0;7
UKM64;15-Jul-2020;0;7
UKM64;16-Jul-2020;0;7
UKM64;17-Jul-2020;0;7
UKM64;18-Jul-2020;0;7
UKM64;19-Jul-2020;0;7
UKM64;20-Jul-2020;0;7
UKM64;21-Jul-2020;0;7
UKM64;22-Jul-2020;0;7
UKM64;23-Jul-2020;0;7
UKM64;24-Jul-2020;0;7
UKM64;25-Jul-2020;0;7
UKM64;26-Jul-2020;0;7
UKM64;27-Jul-2020;0;7
UKM64;28-Jul-2020;0;7
UKM64;29-Jul-2020;0;7
UKM64;30-Jul-2020;0;7
UKM64;31-Jul-2020;0;7
UKM64;01-Aug-2020;0;7
UKM64;02-Aug-2020;0;7
UKM64;03-Aug-2020;0;7
UKM64;04-Aug-2020;0;7
UKM64;05-Aug-2020;0;7
UKM64;06-Aug-2020;0;7
UKM64;07-Aug-2020;0;7
UKM64;08-Aug-2020;0;7
UKM64;09-Aug-2020;0;7
UKM64;10-Aug-2020;0;7
UKM64;11-Aug-2020;0;7
UKM64;12-Aug-2020;0;7
UKM64;13-Aug-2020;0;7
UKM64;14-Aug-2020;0;7
UKM64;15-Aug-2020;0;7
UKM64;16-Aug-2020;0;7
UKM64;17-Aug-2020;0;7
UKM64;18-Aug-2020;0;7
UKM64;19-Aug-2020;0;7
UKM64;20-Aug-2020;0;7
UKM64;21-Aug-2020;0;7
UKM64;22-Aug-2020;0;7
UKM64;23-Aug-2020;0;7
UKM64;24-Aug-2020;0;7
UKM64;25-Aug-2020;0;7
UKM64;26-Aug-2020;0;7
UKM64;27-Aug-2020;0;7
UKM64;28-Aug-2020;0;7
UKM64;29-Aug-2020;0;7
UKM64;30-Aug-2020;0;7
UKM64;31-Aug-2020;0;7
UKM64;01-Sep-2020;0;7
UKM64;02-Sep-2020;2;9
UKM64;03-Sep-2020;0;9
UKM64;04-Sep-2020;0;9
UKM64;05-Sep-2020;0;9
UKM64;06-Sep-2020;0;9
UKM64;07-Sep-2020;0;9
UKM64;08-Sep-2020;0;9
UKM64;09-Sep-2020;0;9
UKM64;10-Sep-2020;0;9
UKM64;11-Sep-2020;0;9
UKM64;12-Sep-2020;0;9
UKM64;13-Sep-2020;0;9
UKM64;14-Sep-2020;0;9
UKM64;15-Sep-2020;1;10
UKM64;16-Sep-2020;0;10
UKM64;17-Sep-2020;0;10
UKM64;18-Sep-2020;0;10
UKM64;19-Sep-2020;0;10
UKM64;20-Sep-2020;0;10
UKM64;21-Sep-2020;0;10
UKM64;22-Sep-2020;0;10
UKM64;23-Sep-2020;3;13
UKM64;24-Sep-2020;0;13
UKM64;25-Sep-2020;9;22
UKM64;26-Sep-2020;4;26
UKM64;27-Sep-2020;2;28
UKM64;28-Sep-2020;1;29
UKM64;29-Sep-2020;2;31
UKM64;30-Sep-2020;7;38
UKM64;01-Oct-2020;2;40
UKM64;02-Oct-2020;6;46
UKM64;03-Oct-2020;1;47
UKM64;04-Oct-2020;1;48
UKM64;05-Oct-2020;2;50
UKM64;06-Oct-2020;3;53
UKM64;07-Oct-2020;3;56
UKM64;08-Oct-2020;0;56
UKM64;09-Oct-2020;0;56
UKM64;10-Oct-2020;2;58
UKM64;11-Oct-2020;0;58
UKM64;12-Oct-2020;0;58
UKM64;13-Oct-2020;0;58
UKM64;14-Oct-2020;2;60
UKM64;15-Oct-2020;2;62
UKM64;16-Oct-2020;0;62
UKM64;17-Oct-2020;0;62
UKM64;18-Oct-2020;0;62
UKM64;19-Oct-2020;2;64
UKM64;20-Oct-2020;0;64
UKM64;21-Oct-2020;1;65
UKM64;22-Oct-2020;3;68
UKM64;23-Oct-2020;0;68
UKM64;24-Oct-2020;0;68
UKM64;25-Oct-2020;0;68
UKM64;26-Oct-2020;1;69
UKM64;27-Oct-2020;0;69
UKM64;28-Oct-2020;0;69
UKM64;29-Oct-2020;0;69
UKM64;30-Oct-2020;0;69
UKM64;31-Oct-2020;0;69
UKM64;01-Nov-2020;0;69
UKM64;02-Nov-2020;0;69
UKM64;03-Nov-2020;0;69
UKM64;04-Nov-2020;0;69
UKM64;05-Nov-2020;0;69
UKM64;06-Nov-2020;0;69
UKM64;07-Nov-2020;1;70
UKM64;08-Nov-2020;0;70
UKM64;09-Nov-2020;2;72
UKM64;10-Nov-2020;0;72
UKM64;11-Nov-2020;0;72
UKM64;12-Nov-2020;2;74
UKM64;13-Nov-2020;1;75
UKM64;14-Nov-2020;0;75
UKM64;15-Nov-2020;0;75
UKM64;16-Nov-2020;0;75
UKM64;17-Nov-2020;0;75
UKM64;18-Nov-2020;0;75
UKM64;19-Nov-2020;0;75
UKM64;20-Nov-2020;0;75
UKM64;21-Nov-2020;0;75
UKM64;22-Nov-2020;0;75
UKM64;23-Nov-2020;0;75
UKM64;24-Nov-2020;0;75
UKM64;25-Nov-2020;3;78
UKM64;26-Nov-2020;0;78
UKM64;27-Nov-2020;0;78
UKM64;28-Nov-2020;3;81
UKM64;29-Nov-2020;0;81
UKM64;30-Nov-2020;0;81
UKM64;01-Dec-2020;1;82
UKM64;02-Dec-2020;0;82
UKM64;03-Dec-2020;0;82
UKM64;04-Dec-2020;0;82
UKM64;05-Dec-2020;0;82
UKM64;06-Dec-2020;0;82
UKM64;07-Dec-2020;0;82
UKM64;08-Dec-2020;2;84
UKM64;09-Dec-2020;2;86
UKM64;10-Dec-2020;0;86
UKM64;11-Dec-2020;0;86
UKM64;12-Dec-2020;0;86
UKM64;13-Dec-2020;2;88
UKM64;14-Dec-2020;1;89
UKM64;15-Dec-2020;1;90
UKM64;16-Dec-2020;0;90
UKM64;17-Dec-2020;0;90
UKM64;18-Dec-2020;2;92
UKM64;19-Dec-2020;0;92
UKM64;20-Dec-2020;0;92
UKM64;21-Dec-2020;0;92
UKM64;22-Dec-2020;0;92
UKM64;23-Dec-2020;0;92
UKM64;24-Dec-2020;2;94
UKM64;25-Dec-2020;0;94
UKM64;26-Dec-2020;0;94
UKM64;27-Dec-2020;0;94
UKM64;28-Dec-2020;0;94
UKM64;29-Dec-2020;3;97
UKM64;30-Dec-2020;9;106
UKM64;31-Dec-2020;1;107
UKM64;01-Jan-2121;0;107
UKM64;02-Jan-2121;0;107
UKM64;03-Jan-2121;0;107
UKM64;04-Jan-2121;0;107
UKM64;05-Jan-2121;1;108
UKM64;06-Jan-2121;3;111
UKM64;07-Jan-2121;1;112
UKM64;08-Jan-2121;0;112
UKM64;09-Jan-2121;0;112
UKM64;10-Jan-2121;2;114
UKM64;11-Jan-2121;1;115
UKM64;12-Jan-2121;0;115
UKM64;13-Jan-2121;9;124
UKM64;14-Jan-2121;15;139
UKM64;15-Jan-2121;2;141
UKM64;16-Jan-2121;13;154
UKM64;17-Jan-2121;4;158
UKM64;18-Jan-2121;2;160
UKM64;19-Jan-2121;6;166
UKM64;20-Jan-2121;2;168
UKM64;21-Jan-2121;0;168
UKM64;22-Jan-2121;1;169
UKM64;23-Jan-2121;0;169
UKM64;24-Jan-2121;0;169
UKM64;25-Jan-2121;2;171
UKM64;26-Jan-2121;0;171
UKM64;27-Jan-2121;9;180
UKM64;28-Jan-2121;6;186
UKM64;29-Jan-2121;2;188
UKM64;30-Jan-2121;1;189
UKM64;31-Jan-2121;0;189
UKM64;01-Feb-2121;7;196
UKM64;02-Feb-2121;2;198
UKM64;03-Feb-2121;5;203
UKM64;04-Feb-2121;7;210
UKM64;05-Feb-2121;5;215
UKM64;06-Feb-2121;4;219
UKM64;07-Feb-2121;0;219
UKM64;08-Feb-2121;3;222
UKM65;28-Feb-2020;0;0
UKM65;29-Feb-2020;0;0
UKM65;01-Mar-2020;0;0
UKM65;02-Mar-2020;0;0
UKM65;03-Mar-2020;0;0
UKM65;04-Mar-2020;0;0
UKM65;05-Mar-2020;0;0
UKM65;06-Mar-2020;0;0
UKM65;07-Mar-2020;0;0
UKM65;08-Mar-2020;0;0
UKM65;09-Mar-2020;0;0
UKM65;10-Mar-2020;0;0
UKM65;11-Mar-2020;0;0
UKM65;12-Mar-2020;0;0
UKM65;13-Mar-2020;0;0
UKM65;14-Mar-2020;0;0
UKM65;15-Mar-2020;0;0
UKM65;16-Mar-2020;0;0
UKM65;17-Mar-2020;0;0
UKM65;18-Mar-2020;0;0
UKM65;19-Mar-2020;0;0
UKM65;20-Mar-2020;0;0
UKM65;21-Mar-2020;0;0
UKM65;22-Mar-2020;0;0
UKM65;23-Mar-2020;0;0
UKM65;24-Mar-2020;0;0
UKM65;25-Mar-2020;0;0
UKM65;26-Mar-2020;0;0
UKM65;27-Mar-2020;0;0
UKM65;28-Mar-2020;1;1
UKM65;29-Mar-2020;1;2
UKM65;30-Mar-2020;0;2
UKM65;31-Mar-2020;1;3
UKM65;01-Apr-2020;0;3
UKM65;02-Apr-2020;1;4
UKM65;03-Apr-2020;0;4
UKM65;04-Apr-2020;0;4
UKM65;05-Apr-2020;0;4
UKM65;06-Apr-2020;0;4
UKM65;07-Apr-2020;0;4
UKM65;08-Apr-2020;0;4
UKM65;09-Apr-2020;1;5
UKM65;10-Apr-2020;0;5
UKM65;11-Apr-2020;0;5
UKM65;12-Apr-2020;0;5
UKM65;13-Apr-2020;0;5
UKM65;14-Apr-2020;0;5
UKM65;15-Apr-2020;0;5
UKM65;16-Apr-2020;0;5
UKM65;17-Apr-2020;1;6
UKM65;18-Apr-2020;0;6
UKM65;19-Apr-2020;0;6
UKM65;20-Apr-2020;0;6
UKM65;21-Apr-2020;1;7
UKM65;22-Apr-2020;0;7
UKM65;23-Apr-2020;0;7
UKM65;24-Apr-2020;0;7
UKM65;25-Apr-2020;0;7
UKM65;26-Apr-2020;0;7
UKM65;27-Apr-2020;0;7
UKM65;28-Apr-2020;0;7
UKM65;29-Apr-2020;0;7
UKM65;30-Apr-2020;0;7
UKM65;01-May-2020;0;7
UKM65;02-May-2020;0;7
UKM65;03-May-2020;0;7
UKM65;04-May-2020;0;7
UKM65;05-May-2020;0;7
UKM65;06-May-2020;0;7
UKM65;07-May-2020;0;7
UKM65;08-May-2020;0;7
UKM65;09-May-2020;0;7
UKM65;10-May-2020;0;7
UKM65;11-May-2020;0;7
UKM65;12-May-2020;0;7
UKM65;13-May-2020;0;7
UKM65;14-May-2020;0;7
UKM65;15-May-2020;0;7
UKM65;16-May-2020;0;7
UKM65;17-May-2020;0;7
UKM65;18-May-2020;0;7
UKM65;19-May-2020;0;7
UKM65;20-May-2020;0;7
UKM65;21-May-2020;0;7
UKM65;22-May-2020;0;7
UKM65;23-May-2020;0;7
UKM65;24-May-2020;0;7
UKM65;25-May-2020;0;7
UKM65;26-May-2020;0;7
UKM65;27-May-2020;1;8
UKM65;28-May-2020;0;8
UKM65;29-May-2020;0;8
UKM65;30-May-2020;1;9
UKM65;31-May-2020;0;9
UKM65;01-Jun-2020;0;9
UKM65;02-Jun-2020;0;9
UKM65;03-Jun-2020;0;9
UKM65;04-Jun-2020;0;9
UKM65;05-Jun-2020;0;9
UKM65;06-Jun-2020;0;9
UKM65;07-Jun-2020;0;9
UKM65;08-Jun-2020;0;9
UKM65;09-Jun-2020;0;9
UKM65;10-Jun-2020;0;9
UKM65;11-Jun-2020;0;9
UKM65;12-Jun-2020;0;9
UKM65;13-Jun-2020;0;9
UKM65;14-Jun-2020;0;9
UKM65;15-Jun-2020;0;9
UKM65;16-Jun-2020;0;9
UKM65;17-Jun-2020;0;9
UKM65;18-Jun-2020;0;9
UKM65;19-Jun-2020;0;9
UKM65;20-Jun-2020;0;9
UKM65;21-Jun-2020;0;9
UKM65;22-Jun-2020;0;9
UKM65;23-Jun-2020;0;9
UKM65;24-Jun-2020;0;9
UKM65;25-Jun-2020;0;9
UKM65;26-Jun-2020;0;9
UKM65;27-Jun-2020;0;9
UKM65;28-Jun-2020;0;9
UKM65;29-Jun-2020;0;9
UKM65;30-Jun-2020;0;9
UKM65;01-Jul-2020;0;9
UKM65;02-Jul-2020;0;9
UKM65;03-Jul-2020;0;9
UKM65;04-Jul-2020;0;9
UKM65;05-Jul-2020;0;9
UKM65;06-Jul-2020;0;9
UKM65;07-Jul-2020;0;9
UKM65;08-Jul-2020;0;9
UKM65;09-Jul-2020;0;9
UKM65;10-Jul-2020;0;9
UKM65;11-Jul-2020;0;9
UKM65;12-Jul-2020;0;9
UKM65;13-Jul-2020;0;9
UKM65;14-Jul-2020;0;9
UKM65;15-Jul-2020;0;9
UKM65;16-Jul-2020;0;9
UKM65;17-Jul-2020;0;9
UKM65;18-Jul-2020;0;9
UKM65;19-Jul-2020;0;9
UKM65;20-Jul-2020;0;9
UKM65;21-Jul-2020;0;9
UKM65;22-Jul-2020;0;9
UKM65;23-Jul-2020;0;9
UKM65;24-Jul-2020;0;9
UKM65;25-Jul-2020;0;9
UKM65;26-Jul-2020;0;9
UKM65;27-Jul-2020;0;9
UKM65;28-Jul-2020;0;9
UKM65;29-Jul-2020;0;9
UKM65;30-Jul-2020;0;9
UKM65;31-Jul-2020;0;9
UKM65;01-Aug-2020;0;9
UKM65;02-Aug-2020;0;9
UKM65;03-Aug-2020;0;9
UKM65;04-Aug-2020;0;9
UKM65;05-Aug-2020;0;9
UKM65;06-Aug-2020;0;9
UKM65;07-Aug-2020;0;9
UKM65;08-Aug-2020;0;9
UKM65;09-Aug-2020;0;9
UKM65;10-Aug-2020;1;10
UKM65;11-Aug-2020;2;12
UKM65;12-Aug-2020;2;14
UKM65;13-Aug-2020;1;15
UKM65;14-Aug-2020;1;16
UKM65;15-Aug-2020;0;16
UKM65;16-Aug-2020;0;16
UKM65;17-Aug-2020;0;16
UKM65;18-Aug-2020;0;16
UKM65;19-Aug-2020;0;16
UKM65;20-Aug-2020;0;16
UKM65;21-Aug-2020;0;16
UKM65;22-Aug-2020;0;16
UKM65;23-Aug-2020;0;16
UKM65;24-Aug-2020;0;16
UKM65;25-Aug-2020;0;16
UKM65;26-Aug-2020;0;16
UKM65;27-Aug-2020;0;16
UKM65;28-Aug-2020;0;16
UKM65;29-Aug-2020;0;16
UKM65;30-Aug-2020;1;17
UKM65;31-Aug-2020;0;17
UKM65;01-Sep-2020;0;17
UKM65;02-Sep-2020;0;17
UKM65;03-Sep-2020;0;17
UKM65;04-Sep-2020;0;17
UKM65;05-Sep-2020;0;17
UKM65;06-Sep-2020;0;17
UKM65;07-Sep-2020;0;17
UKM65;08-Sep-2020;0;17
UKM65;09-Sep-2020;0;17
UKM65;10-Sep-2020;0;17
UKM65;11-Sep-2020;0;17
UKM65;12-Sep-2020;0;17
UKM65;13-Sep-2020;0;17
UKM65;14-Sep-2020;0;17
UKM65;15-Sep-2020;0;17
UKM65;16-Sep-2020;2;19
UKM65;17-Sep-2020;0;19
UKM65;18-Sep-2020;0;19
UKM65;19-Sep-2020;0;19
UKM65;20-Sep-2020;0;19
UKM65;21-Sep-2020;0;19
UKM65;22-Sep-2020;1;20
UKM65;23-Sep-2020;0;20
UKM65;24-Sep-2020;1;21
UKM65;25-Sep-2020;2;23
UKM65;26-Sep-2020;0;23
UKM65;27-Sep-2020;0;23
UKM65;28-Sep-2020;0;23
UKM65;29-Sep-2020;0;23
UKM65;30-Sep-2020;0;23
UKM65;01-Oct-2020;0;23
UKM65;02-Oct-2020;0;23
UKM65;03-Oct-2020;0;23
UKM65;04-Oct-2020;0;23
UKM65;05-Oct-2020;0;23
UKM65;06-Oct-2020;0;23
UKM65;07-Oct-2020;0;23
UKM65;08-Oct-2020;0;23
UKM65;09-Oct-2020;1;24
UKM65;10-Oct-2020;0;24
UKM65;11-Oct-2020;0;24
UKM65;12-Oct-2020;0;24
UKM65;13-Oct-2020;0;24
UKM65;14-Oct-2020;0;24
UKM65;15-Oct-2020;2;26
UKM65;16-Oct-2020;0;26
UKM65;17-Oct-2020;0;26
UKM65;18-Oct-2020;0;26
UKM65;19-Oct-2020;1;27
UKM65;20-Oct-2020;1;28
UKM65;21-Oct-2020;1;29
UKM65;22-Oct-2020;2;31
UKM65;23-Oct-2020;0;31
UKM65;24-Oct-2020;0;31
UKM65;25-Oct-2020;0;31
UKM65;26-Oct-2020;1;32
UKM65;27-Oct-2020;0;32
UKM65;28-Oct-2020;1;33
UKM65;29-Oct-2020;0;33
UKM65;30-Oct-2020;0;33
UKM65;31-Oct-2020;0;33
UKM65;01-Nov-2020;0;33
UKM65;02-Nov-2020;0;33
UKM65;03-Nov-2020;0;33
UKM65;04-Nov-2020;0;33
UKM65;05-Nov-2020;1;34
UKM65;06-Nov-2020;0;34
UKM65;07-Nov-2020;0;34
UKM65;08-Nov-2020;0;34
UKM65;09-Nov-2020;0;34
UKM65;10-Nov-2020;0;34
UKM65;11-Nov-2020;1;35
UKM65;12-Nov-2020;0;35
UKM65;13-Nov-2020;0;35
UKM65;14-Nov-2020;0;35
UKM65;15-Nov-2020;0;35
UKM65;16-Nov-2020;1;36
UKM65;17-Nov-2020;0;36
UKM65;18-Nov-2020;0;36
UKM65;19-Nov-2020;0;36
UKM65;20-Nov-2020;0;36
UKM65;21-Nov-2020;0;36
UKM65;22-Nov-2020;0;36
UKM65;23-Nov-2020;1;37
UKM65;24-Nov-2020;0;37
UKM65;25-Nov-2020;0;37
UKM65;26-Nov-2020;0;37
UKM65;27-Nov-2020;0;37
UKM65;28-Nov-2020;0;37
UKM65;29-Nov-2020;0;37
UKM65;30-Nov-2020;1;38
UKM65;01-Dec-2020;0;38
UKM65;02-Dec-2020;0;38
UKM65;03-Dec-2020;0;38
UKM65;04-Dec-2020;0;38
UKM65;05-Dec-2020;0;38
UKM65;06-Dec-2020;0;38
UKM65;07-Dec-2020;0;38
UKM65;08-Dec-2020;0;38
UKM65;09-Dec-2020;0;38
UKM65;10-Dec-2020;0;38
UKM65;11-Dec-2020;0;38
UKM65;12-Dec-2020;0;38
UKM65;13-Dec-2020;0;38
UKM65;14-Dec-2020;0;38
UKM65;15-Dec-2020;0;38
UKM65;16-Dec-2020;0;38
UKM65;17-Dec-2020;0;38
UKM65;18-Dec-2020;0;38
UKM65;19-Dec-2020;0;38
UKM65;20-Dec-2020;0;38
UKM65;21-Dec-2020;0;38
UKM65;22-Dec-2020;0;38
UKM65;23-Dec-2020;0;38
UKM65;24-Dec-2020;0;38
UKM65;25-Dec-2020;1;39
UKM65;26-Dec-2020;0;39
UKM65;27-Dec-2020;0;39
UKM65;28-Dec-2020;0;39
UKM65;29-Dec-2020;0;39
UKM65;30-Dec-2020;0;39
UKM65;31-Dec-2020;0;39
UKM65;01-Jan-2121;0;39
UKM65;02-Jan-2121;0;39
UKM65;03-Jan-2121;1;40
UKM65;04-Jan-2121;0;40
UKM65;05-Jan-2121;1;41
UKM65;06-Jan-2121;0;41
UKM65;07-Jan-2121;1;42
UKM65;08-Jan-2121;3;45
UKM65;09-Jan-2121;0;45
UKM65;10-Jan-2121;0;45
UKM65;11-Jan-2121;0;45
UKM65;12-Jan-2121;0;45
UKM65;13-Jan-2121;0;45
UKM65;14-Jan-2121;1;46
UKM65;15-Jan-2121;2;48
UKM65;16-Jan-2121;0;48
UKM65;17-Jan-2121;4;52
UKM65;18-Jan-2121;1;53
UKM65;19-Jan-2121;0;53
UKM65;20-Jan-2121;0;53
UKM65;21-Jan-2121;3;56
UKM65;22-Jan-2121;0;56
UKM65;23-Jan-2121;1;57
UKM65;24-Jan-2121;1;58
UKM65;25-Jan-2121;2;60
UKM65;26-Jan-2121;0;60
UKM65;27-Jan-2121;1;61
UKM65;28-Jan-2121;1;62
UKM65;29-Jan-2121;0;62
UKM65;30-Jan-2121;0;62
UKM65;31-Jan-2121;0;62
UKM65;01-Feb-2121;0;62
UKM65;02-Feb-2121;0;62
UKM65;03-Feb-2121;0;62
UKM65;04-Feb-2121;0;62
UKM65;05-Feb-2121;1;63
UKM65;06-Feb-2121;0;63
UKM65;07-Feb-2121;0;63
UKM65;08-Feb-2121;0;63
UKM66;28-Feb-2020;0;0
UKM66;29-Feb-2020;0;0
UKM66;01-Mar-2020;0;0
UKM66;02-Mar-2020;0;0
UKM66;03-Mar-2020;0;0
UKM66;04-Mar-2020;0;0
UKM66;05-Mar-2020;0;0
UKM66;06-Mar-2020;2;2
UKM66;07-Mar-2020;0;2
UKM66;08-Mar-2020;0;2
UKM66;09-Mar-2020;4;6
UKM66;10-Mar-2020;5;11
UKM66;11-Mar-2020;0;11
UKM66;12-Mar-2020;0;11
UKM66;13-Mar-2020;11;22
UKM66;14-Mar-2020;2;24
UKM66;15-Mar-2020;0;24
UKM66;16-Mar-2020;0;24
UKM66;17-Mar-2020;0;24
UKM66;18-Mar-2020;0;24
UKM66;19-Mar-2020;0;24
UKM66;20-Mar-2020;0;24
UKM66;21-Mar-2020;0;24
UKM66;22-Mar-2020;0;24
UKM66;23-Mar-2020;0;24
UKM66;24-Mar-2020;0;24
UKM66;25-Mar-2020;2;26
UKM66;26-Mar-2020;1;27
UKM66;27-Mar-2020;1;28
UKM66;28-Mar-2020;2;30
UKM66;29-Mar-2020;0;30
UKM66;30-Mar-2020;2;32
UKM66;31-Mar-2020;4;36
UKM66;01-Apr-2020;3;39
UKM66;02-Apr-2020;1;40
UKM66;03-Apr-2020;2;42
UKM66;04-Apr-2020;0;42
UKM66;05-Apr-2020;1;43
UKM66;06-Apr-2020;0;43
UKM66;07-Apr-2020;0;43
UKM66;08-Apr-2020;0;43
UKM66;09-Apr-2020;0;43
UKM66;10-Apr-2020;2;45
UKM66;11-Apr-2020;0;45
UKM66;12-Apr-2020;0;45
UKM66;13-Apr-2020;0;45
UKM66;14-Apr-2020;0;45
UKM66;15-Apr-2020;0;45
UKM66;16-Apr-2020;6;51
UKM66;17-Apr-2020;0;51
UKM66;18-Apr-2020;0;51
UKM66;19-Apr-2020;0;51
UKM66;20-Apr-2020;3;54
UKM66;21-Apr-2020;0;54
UKM66;22-Apr-2020;0;54
UKM66;23-Apr-2020;0;54
UKM66;24-Apr-2020;0;54
UKM66;25-Apr-2020;0;54
UKM66;26-Apr-2020;0;54
UKM66;27-Apr-2020;0;54
UKM66;28-Apr-2020;0;54
UKM66;29-Apr-2020;0;54
UKM66;30-Apr-2020;0;54
UKM66;01-May-2020;0;54
UKM66;02-May-2020;0;54
UKM66;03-May-2020;0;54
UKM66;04-May-2020;0;54
UKM66;05-May-2020;0;54
UKM66;06-May-2020;0;54
UKM66;07-May-2020;0;54
UKM66;08-May-2020;0;54
UKM66;09-May-2020;0;54
UKM66;10-May-2020;0;54
UKM66;11-May-2020;0;54
UKM66;12-May-2020;0;54
UKM66;13-May-2020;0;54
UKM66;14-May-2020;0;54
UKM66;15-May-2020;0;54
UKM66;16-May-2020;0;54
UKM66;17-May-2020;0;54
UKM66;18-May-2020;0;54
UKM66;19-May-2020;0;54
UKM66;20-May-2020;0;54
UKM66;21-May-2020;0;54
UKM66;22-May-2020;0;54
UKM66;23-May-2020;0;54
UKM66;24-May-2020;0;54
UKM66;25-May-2020;0;54
UKM66;26-May-2020;0;54
UKM66;27-May-2020;0;54
UKM66;28-May-2020;0;54
UKM66;29-May-2020;0;54
UKM66;30-May-2020;0;54
UKM66;31-May-2020;0;54
UKM66;01-Jun-2020;0;54
UKM66;02-Jun-2020;0;54
UKM66;03-Jun-2020;0;54
UKM66;04-Jun-2020;0;54
UKM66;05-Jun-2020;0;54
UKM66;06-Jun-2020;0;54
UKM66;07-Jun-2020;0;54
UKM66;08-Jun-2020;0;54
UKM66;09-Jun-2020;0;54
UKM66;10-Jun-2020;0;54
UKM66;11-Jun-2020;0;54
UKM66;12-Jun-2020;0;54
UKM66;13-Jun-2020;0;54
UKM66;14-Jun-2020;0;54
UKM66;15-Jun-2020;0;54
UKM66;16-Jun-2020;0;54
UKM66;17-Jun-2020;0;54
UKM66;18-Jun-2020;0;54
UKM66;19-Jun-2020;0;54
UKM66;20-Jun-2020;0;54
UKM66;21-Jun-2020;0;54
UKM66;22-Jun-2020;0;54
UKM66;23-Jun-2020;0;54
UKM66;24-Jun-2020;0;54
UKM66;25-Jun-2020;0;54
UKM66;26-Jun-2020;0;54
UKM66;27-Jun-2020;0;54
UKM66;28-Jun-2020;0;54
UKM66;29-Jun-2020;0;54
UKM66;30-Jun-2020;0;54
UKM66;01-Jul-2020;0;54
UKM66;02-Jul-2020;0;54
UKM66;03-Jul-2020;0;54
UKM66;04-Jul-2020;0;54
UKM66;05-Jul-2020;0;54
UKM66;06-Jul-2020;0;54
UKM66;07-Jul-2020;0;54
UKM66;08-Jul-2020;0;54
UKM66;09-Jul-2020;0;54
UKM66;10-Jul-2020;0;54
UKM66;11-Jul-2020;0;54
UKM66;12-Jul-2020;0;54
UKM66;13-Jul-2020;0;54
UKM66;14-Jul-2020;0;54
UKM66;15-Jul-2020;0;54
UKM66;16-Jul-2020;0;54
UKM66;17-Jul-2020;0;54
UKM66;18-Jul-2020;0;54
UKM66;19-Jul-2020;0;54
UKM66;20-Jul-2020;0;54
UKM66;21-Jul-2020;0;54
UKM66;22-Jul-2020;0;54
UKM66;23-Jul-2020;0;54
UKM66;24-Jul-2020;0;54
UKM66;25-Jul-2020;0;54
UKM66;26-Jul-2020;0;54
UKM66;27-Jul-2020;0;54
UKM66;28-Jul-2020;0;54
UKM66;29-Jul-2020;0;54
UKM66;30-Jul-2020;0;54
UKM66;31-Jul-2020;0;54
UKM66;01-Aug-2020;0;54
UKM66;02-Aug-2020;0;54
UKM66;03-Aug-2020;0;54
UKM66;04-Aug-2020;0;54
UKM66;05-Aug-2020;0;54
UKM66;06-Aug-2020;0;54
UKM66;07-Aug-2020;1;55
UKM66;08-Aug-2020;0;55
UKM66;09-Aug-2020;1;56
UKM66;10-Aug-2020;0;56
UKM66;11-Aug-2020;0;56
UKM66;12-Aug-2020;0;56
UKM66;13-Aug-2020;0;56
UKM66;14-Aug-2020;0;56
UKM66;15-Aug-2020;0;56
UKM66;16-Aug-2020;0;56
UKM66;17-Aug-2020;0;56
UKM66;18-Aug-2020;0;56
UKM66;19-Aug-2020;0;56
UKM66;20-Aug-2020;0;56
UKM66;21-Aug-2020;0;56
UKM66;22-Aug-2020;0;56
UKM66;23-Aug-2020;0;56
UKM66;24-Aug-2020;0;56
UKM66;25-Aug-2020;0;56
UKM66;26-Aug-2020;0;56
UKM66;27-Aug-2020;0;56
UKM66;28-Aug-2020;0;56
UKM66;29-Aug-2020;0;56
UKM66;30-Aug-2020;0;56
UKM66;31-Aug-2020;0;56
UKM66;01-Sep-2020;0;56
UKM66;02-Sep-2020;0;56
UKM66;03-Sep-2020;0;56
UKM66;04-Sep-2020;0;56
UKM66;05-Sep-2020;0;56
UKM66;06-Sep-2020;0;56
UKM66;07-Sep-2020;0;56
UKM66;08-Sep-2020;0;56
UKM66;09-Sep-2020;1;57
UKM66;10-Sep-2020;0;57
UKM66;11-Sep-2020;0;57
UKM66;12-Sep-2020;0;57
UKM66;13-Sep-2020;0;57
UKM66;14-Sep-2020;0;57
UKM66;15-Sep-2020;0;57
UKM66;16-Sep-2020;3;60
UKM66;17-Sep-2020;0;60
UKM66;18-Sep-2020;0;60
UKM66;19-Sep-2020;0;60
UKM66;20-Sep-2020;0;60
UKM66;21-Sep-2020;0;60
UKM66;22-Sep-2020;0;60
UKM66;23-Sep-2020;0;60
UKM66;24-Sep-2020;0;60
UKM66;25-Sep-2020;0;60
UKM66;26-Sep-2020;0;60
UKM66;27-Sep-2020;0;60
UKM66;28-Sep-2020;0;60
UKM66;29-Sep-2020;0;60
UKM66;30-Sep-2020;0;60
UKM66;01-Oct-2020;0;60
UKM66;02-Oct-2020;0;60
UKM66;03-Oct-2020;0;60
UKM66;04-Oct-2020;0;60
UKM66;05-Oct-2020;0;60
UKM66;06-Oct-2020;0;60
UKM66;07-Oct-2020;0;60
UKM66;08-Oct-2020;1;61
UKM66;09-Oct-2020;1;62
UKM66;10-Oct-2020;0;62
UKM66;11-Oct-2020;0;62
UKM66;12-Oct-2020;0;62
UKM66;13-Oct-2020;1;63
UKM66;14-Oct-2020;0;63
UKM66;15-Oct-2020;0;63
UKM66;16-Oct-2020;0;63
UKM66;17-Oct-2020;0;63
UKM66;18-Oct-2020;0;63
UKM66;19-Oct-2020;1;64
UKM66;20-Oct-2020;1;65
UKM66;21-Oct-2020;0;65
UKM66;22-Oct-2020;0;65
UKM66;23-Oct-2020;1;66
UKM66;24-Oct-2020;0;66
UKM66;25-Oct-2020;0;66
UKM66;26-Oct-2020;0;66
UKM66;27-Oct-2020;1;67
UKM66;28-Oct-2020;0;67
UKM66;29-Oct-2020;0;67
UKM66;30-Oct-2020;1;68
UKM66;31-Oct-2020;0;68
UKM66;01-Nov-2020;0;68
UKM66;02-Nov-2020;1;69
UKM66;03-Nov-2020;1;70
UKM66;04-Nov-2020;0;70
UKM66;05-Nov-2020;0;70
UKM66;06-Nov-2020;0;70
UKM66;07-Nov-2020;0;70
UKM66;08-Nov-2020;0;70
UKM66;09-Nov-2020;0;70
UKM66;10-Nov-2020;0;70
UKM66;11-Nov-2020;0;70
UKM66;12-Nov-2020;0;70
UKM66;13-Nov-2020;0;70
UKM66;14-Nov-2020;0;70
UKM66;15-Nov-2020;1;71
UKM66;16-Nov-2020;0;71
UKM66;17-Nov-2020;0;71
UKM66;18-Nov-2020;2;73
UKM66;19-Nov-2020;0;73
UKM66;20-Nov-2020;0;73
UKM66;21-Nov-2020;0;73
UKM66;22-Nov-2020;0;73
UKM66;23-Nov-2020;1;74
UKM66;24-Nov-2020;0;74
UKM66;25-Nov-2020;1;75
UKM66;26-Nov-2020;0;75
UKM66;27-Nov-2020;0;75
UKM66;28-Nov-2020;0;75
UKM66;29-Nov-2020;0;75
UKM66;30-Nov-2020;0;75
UKM66;01-Dec-2020;1;76
UKM66;02-Dec-2020;0;76
UKM66;03-Dec-2020;0;76
UKM66;04-Dec-2020;0;76
UKM66;05-Dec-2020;0;76
UKM66;06-Dec-2020;0;76
UKM66;07-Dec-2020;0;76
UKM66;08-Dec-2020;0;76
UKM66;09-Dec-2020;0;76
UKM66;10-Dec-2020;0;76
UKM66;11-Dec-2020;0;76
UKM66;12-Dec-2020;0;76
UKM66;13-Dec-2020;0;76
UKM66;14-Dec-2020;0;76
UKM66;15-Dec-2020;0;76
UKM66;16-Dec-2020;0;76
UKM66;17-Dec-2020;0;76
UKM66;18-Dec-2020;0;76
UKM66;19-Dec-2020;0;76
UKM66;20-Dec-2020;1;77
UKM66;21-Dec-2020;1;78
UKM66;22-Dec-2020;1;79
UKM66;23-Dec-2020;3;82
UKM66;24-Dec-2020;4;86
UKM66;25-Dec-2020;1;87
UKM66;26-Dec-2020;7;94
UKM66;27-Dec-2020;2;96
UKM66;28-Dec-2020;13;109
UKM66;29-Dec-2020;11;120
UKM66;30-Dec-2020;19;139
UKM66;31-Dec-2020;8;147
UKM66;01-Jan-2121;1;148
UKM66;02-Jan-2121;5;153
UKM66;03-Jan-2121;6;159
UKM66;04-Jan-2121;3;162
UKM66;05-Jan-2121;6;168
UKM66;06-Jan-2121;2;170
UKM66;07-Jan-2121;1;171
UKM66;08-Jan-2121;3;174
UKM66;09-Jan-2121;1;175
UKM66;10-Jan-2121;3;178
UKM66;11-Jan-2121;5;183
UKM66;12-Jan-2121;5;188
UKM66;13-Jan-2121;1;189
UKM66;14-Jan-2121;1;190
UKM66;15-Jan-2121;4;194
UKM66;16-Jan-2121;2;196
UKM66;17-Jan-2121;3;199
UKM66;18-Jan-2121;6;205
UKM66;19-Jan-2121;0;205
UKM66;20-Jan-2121;1;206
UKM66;21-Jan-2121;2;208
UKM66;22-Jan-2121;1;209
UKM66;23-Jan-2121;0;209
UKM66;24-Jan-2121;0;209
UKM66;25-Jan-2121;1;210
UKM66;26-Jan-2121;0;210
UKM66;27-Jan-2121;0;210
UKM66;28-Jan-2121;0;210
UKM66;29-Jan-2121;0;210
UKM66;30-Jan-2121;0;210
UKM66;31-Jan-2121;0;210
UKM66;01-Feb-2121;0;210
UKM66;02-Feb-2121;0;210
UKM66;03-Feb-2121;0;210
UKM66;04-Feb-2121;1;211
UKM66;05-Feb-2121;0;211
UKM66;06-Feb-2121;0;211
UKM66;07-Feb-2121;1;212
UKM66;08-Feb-2121;0;212
UKM71;28-Feb-2020;1;1
UKM71;29-Feb-2020;0;1
UKM71;01-Mar-2020;0;1
UKM71;02-Mar-2020;0;1
UKM71;03-Mar-2020;0;1
UKM71;04-Mar-2020;0;1
UKM71;05-Mar-2020;0;1
UKM71;06-Mar-2020;0;1
UKM71;07-Mar-2020;0;1
UKM71;08-Mar-2020;0;1
UKM71;09-Mar-2020;3;4
UKM71;10-Mar-2020;0;4
UKM71;11-Mar-2020;0;4
UKM71;12-Mar-2020;8;12
UKM71;13-Mar-2020;1;13
UKM71;14-Mar-2020;1;14
UKM71;15-Mar-2020;1;15
UKM71;16-Mar-2020;2;17
UKM71;17-Mar-2020;1;18
UKM71;18-Mar-2020;3;21
UKM71;19-Mar-2020;3;24
UKM71;20-Mar-2020;9;33
UKM71;21-Mar-2020;4;37
UKM71;22-Mar-2020;4;41
UKM71;23-Mar-2020;8;49
UKM71;24-Mar-2020;15;64
UKM71;25-Mar-2020;21;85
UKM71;26-Mar-2020;24;109
UKM71;27-Mar-2020;37;146
UKM71;28-Mar-2020;9;155
UKM71;29-Mar-2020;9;164
UKM71;30-Mar-2020;28;192
UKM71;31-Mar-2020;48;240
UKM71;01-Apr-2020;41;281
UKM71;02-Apr-2020;44;325
UKM71;03-Apr-2020;52;377
UKM71;04-Apr-2020;28;405
UKM71;05-Apr-2020;11;416
UKM71;06-Apr-2020;64;480
UKM71;07-Apr-2020;38;518
UKM71;08-Apr-2020;46;564
UKM71;09-Apr-2020;36;600
UKM71;10-Apr-2020;39;639
UKM71;11-Apr-2020;8;647
UKM71;12-Apr-2020;7;654
UKM71;13-Apr-2020;66;720
UKM71;14-Apr-2020;24;744
UKM71;15-Apr-2020;33;777
UKM71;16-Apr-2020;33;810
UKM71;17-Apr-2020;24;834
UKM71;18-Apr-2020;18;852
UKM71;19-Apr-2020;2;854
UKM71;20-Apr-2020;32;886
UKM71;21-Apr-2020;36;922
UKM71;22-Apr-2020;28;950
UKM71;23-Apr-2020;16;966
UKM71;24-Apr-2020;32;998
UKM71;25-Apr-2020;2;1000
UKM71;26-Apr-2020;1;1001
UKM71;27-Apr-2020;42;1043
UKM71;28-Apr-2020;28;1071
UKM71;29-Apr-2020;28;1099
UKM71;30-Apr-2020;16;1115
UKM71;01-May-2020;11;1126
UKM71;02-May-2020;11;1137
UKM71;03-May-2020;3;1140
UKM71;04-May-2020;15;1155
UKM71;05-May-2020;18;1173
UKM71;06-May-2020;12;1185
UKM71;07-May-2020;10;1195
UKM71;08-May-2020;12;1207
UKM71;09-May-2020;7;1214
UKM71;10-May-2020;5;1219
UKM71;11-May-2020;9;1228
UKM71;12-May-2020;21;1249
UKM71;13-May-2020;16;1265
UKM71;14-May-2020;27;1292
UKM71;15-May-2020;6;1298
UKM71;16-May-2020;11;1309
UKM71;17-May-2020;3;1312
UKM71;18-May-2020;21;1333
UKM71;19-May-2020;17;1350
UKM71;20-May-2020;9;1359
UKM71;21-May-2020;15;1374
UKM71;22-May-2020;2;1376
UKM71;23-May-2020;2;1378
UKM71;24-May-2020;2;1380
UKM71;25-May-2020;5;1385
UKM71;26-May-2020;5;1390
UKM71;27-May-2020;1;1391
UKM71;28-May-2020;2;1393
UKM71;29-May-2020;1;1394
UKM71;30-May-2020;0;1394
UKM71;31-May-2020;0;1394
UKM71;01-Jun-2020;0;1394
UKM71;02-Jun-2020;2;1396
UKM71;03-Jun-2020;0;1396
UKM71;04-Jun-2020;4;1400
UKM71;05-Jun-2020;1;1401
UKM71;06-Jun-2020;4;1405
UKM71;07-Jun-2020;2;1407
UKM71;08-Jun-2020;3;1410
UKM71;09-Jun-2020;1;1411
UKM71;10-Jun-2020;1;1412
UKM71;11-Jun-2020;0;1412
UKM71;12-Jun-2020;1;1413
UKM71;13-Jun-2020;0;1413
UKM71;14-Jun-2020;0;1413
UKM71;15-Jun-2020;0;1413
UKM71;16-Jun-2020;0;1413
UKM71;17-Jun-2020;0;1413
UKM71;18-Jun-2020;0;1413
UKM71;19-Jun-2020;0;1413
UKM71;20-Jun-2020;1;1414
UKM71;21-Jun-2020;1;1415
UKM71;22-Jun-2020;1;1416
UKM71;23-Jun-2020;4;1420
UKM71;24-Jun-2020;0;1420
UKM71;25-Jun-2020;1;1421
UKM71;26-Jun-2020;0;1421
UKM71;27-Jun-2020;0;1421
UKM71;28-Jun-2020;1;1422
UKM71;29-Jun-2020;0;1422
UKM71;30-Jun-2020;0;1422
UKM71;01-Jul-2020;1;1423
UKM71;02-Jul-2020;1;1424
UKM71;03-Jul-2020;0;1424
UKM71;04-Jul-2020;0;1424
UKM71;05-Jul-2020;0;1424
UKM71;06-Jul-2020;0;1424
UKM71;07-Jul-2020;0;1424
UKM71;08-Jul-2020;0;1424
UKM71;09-Jul-2020;1;1425
UKM71;10-Jul-2020;0;1425
UKM71;11-Jul-2020;0;1425
UKM71;12-Jul-2020;0;1425
UKM71;13-Jul-2020;1;1426
UKM71;14-Jul-2020;2;1428
UKM71;15-Jul-2020;1;1429
UKM71;16-Jul-2020;1;1430
UKM71;17-Jul-2020;0;1430
UKM71;18-Jul-2020;0;1430
UKM71;19-Jul-2020;1;1431
UKM71;20-Jul-2020;0;1431
UKM71;21-Jul-2020;1;1432
UKM71;22-Jul-2020;0;1432
UKM71;23-Jul-2020;1;1433
UKM71;24-Jul-2020;0;1433
UKM71;25-Jul-2020;0;1433
UKM71;26-Jul-2020;0;1433
UKM71;27-Jul-2020;0;1433
UKM71;28-Jul-2020;2;1435
UKM71;29-Jul-2020;2;1437
UKM71;30-Jul-2020;2;1439
UKM71;31-Jul-2020;0;1439
UKM71;01-Aug-2020;1;1440
UKM71;02-Aug-2020;0;1440
UKM71;03-Aug-2020;1;1441
UKM71;04-Aug-2020;3;1444
UKM71;05-Aug-2020;0;1444
UKM71;06-Aug-2020;3;1447
UKM71;07-Aug-2020;2;1449
UKM71;08-Aug-2020;0;1449
UKM71;09-Aug-2020;1;1450
UKM71;10-Aug-2020;3;1453
UKM71;11-Aug-2020;3;1456
UKM71;12-Aug-2020;3;1459
UKM71;13-Aug-2020;2;1461
UKM71;14-Aug-2020;1;1462
UKM71;15-Aug-2020;0;1462
UKM71;16-Aug-2020;4;1466
UKM71;17-Aug-2020;14;1480
UKM71;18-Aug-2020;21;1501
UKM71;19-Aug-2020;26;1527
UKM71;20-Aug-2020;33;1560
UKM71;21-Aug-2020;14;1574
UKM71;22-Aug-2020;9;1583
UKM71;23-Aug-2020;7;1590
UKM71;24-Aug-2020;6;1596
UKM71;25-Aug-2020;5;1601
UKM71;26-Aug-2020;2;1603
UKM71;27-Aug-2020;4;1607
UKM71;28-Aug-2020;2;1609
UKM71;29-Aug-2020;1;1610
UKM71;30-Aug-2020;5;1615
UKM71;31-Aug-2020;3;1618
UKM71;01-Sep-2020;3;1621
UKM71;02-Sep-2020;4;1625
UKM71;03-Sep-2020;4;1629
UKM71;04-Sep-2020;1;1630
UKM71;05-Sep-2020;4;1634
UKM71;06-Sep-2020;4;1638
UKM71;07-Sep-2020;4;1642
UKM71;08-Sep-2020;4;1646
UKM71;09-Sep-2020;2;1648
UKM71;10-Sep-2020;0;1648
UKM71;11-Sep-2020;5;1653
UKM71;12-Sep-2020;3;1656
UKM71;13-Sep-2020;9;1665
UKM71;14-Sep-2020;3;1668
UKM71;15-Sep-2020;3;1671
UKM71;16-Sep-2020;12;1683
UKM71;17-Sep-2020;2;1685
UKM71;18-Sep-2020;8;1693
UKM71;19-Sep-2020;1;1694
UKM71;20-Sep-2020;5;1699
UKM71;21-Sep-2020;9;1708
UKM71;22-Sep-2020;9;1717
UKM71;23-Sep-2020;25;1742
UKM71;24-Sep-2020;63;1805
UKM71;25-Sep-2020;41;1846
UKM71;26-Sep-2020;13;1859
UKM71;27-Sep-2020;8;1867
UKM71;28-Sep-2020;20;1887
UKM71;29-Sep-2020;17;1904
UKM71;30-Sep-2020;24;1928
UKM71;01-Oct-2020;23;1951
UKM71;02-Oct-2020;28;1979
UKM71;03-Oct-2020;21;2000
UKM71;04-Oct-2020;23;2023
UKM71;05-Oct-2020;37;2060
UKM71;06-Oct-2020;28;2088
UKM71;07-Oct-2020;45;2133
UKM71;08-Oct-2020;53;2186
UKM71;09-Oct-2020;43;2229
UKM71;10-Oct-2020;35;2264
UKM71;11-Oct-2020;36;2300
UKM71;12-Oct-2020;60;2360
UKM71;13-Oct-2020;69;2429
UKM71;14-Oct-2020;48;2477
UKM71;15-Oct-2020;44;2521
UKM71;16-Oct-2020;48;2569
UKM71;17-Oct-2020;27;2596
UKM71;18-Oct-2020;29;2625
UKM71;19-Oct-2020;47;2672
UKM71;20-Oct-2020;67;2739
UKM71;21-Oct-2020;57;2796
UKM71;22-Oct-2020;57;2853
UKM71;23-Oct-2020;43;2896
UKM71;24-Oct-2020;39;2935
UKM71;25-Oct-2020;33;2968
UKM71;26-Oct-2020;63;3031
UKM71;27-Oct-2020;38;3069
UKM71;28-Oct-2020;62;3131
UKM71;29-Oct-2020;45;3176
UKM71;30-Oct-2020;35;3211
UKM71;31-Oct-2020;22;3233
UKM71;01-Nov-2020;28;3261
UKM71;02-Nov-2020;49;3310
UKM71;03-Nov-2020;43;3353
UKM71;04-Nov-2020;47;3400
UKM71;05-Nov-2020;47;3447
UKM71;06-Nov-2020;40;3487
UKM71;07-Nov-2020;23;3510
UKM71;08-Nov-2020;35;3545
UKM71;09-Nov-2020;57;3602
UKM71;10-Nov-2020;60;3662
UKM71;11-Nov-2020;46;3708
UKM71;12-Nov-2020;47;3755
UKM71;13-Nov-2020;40;3795
UKM71;14-Nov-2020;35;3830
UKM71;15-Nov-2020;29;3859
UKM71;16-Nov-2020;50;3909
UKM71;17-Nov-2020;46;3955
UKM71;18-Nov-2020;34;3989
UKM71;19-Nov-2020;33;4022
UKM71;20-Nov-2020;41;4063
UKM71;21-Nov-2020;39;4102
UKM71;22-Nov-2020;21;4123
UKM71;23-Nov-2020;43;4166
UKM71;24-Nov-2020;30;4196
UKM71;25-Nov-2020;49;4245
UKM71;26-Nov-2020;26;4271
UKM71;27-Nov-2020;19;4290
UKM71;28-Nov-2020;25;4315
UKM71;29-Nov-2020;20;4335
UKM71;30-Nov-2020;40;4375
UKM71;01-Dec-2020;45;4420
UKM71;02-Dec-2020;51;4471
UKM71;03-Dec-2020;29;4500
UKM71;04-Dec-2020;27;4527
UKM71;05-Dec-2020;27;4554
UKM71;06-Dec-2020;15;4569
UKM71;07-Dec-2020;47;4616
UKM71;08-Dec-2020;51;4667
UKM71;09-Dec-2020;55;4722
UKM71;10-Dec-2020;47;4769
UKM71;11-Dec-2020;38;4807
UKM71;12-Dec-2020;36;4843
UKM71;13-Dec-2020;18;4861
UKM71;14-Dec-2020;33;4894
UKM71;15-Dec-2020;29;4923
UKM71;16-Dec-2020;49;4972
UKM71;17-Dec-2020;16;4988
UKM71;18-Dec-2020;57;5045
UKM71;19-Dec-2020;39;5084
UKM71;20-Dec-2020;32;5116
UKM71;21-Dec-2020;71;5187
UKM71;22-Dec-2020;63;5250
UKM71;23-Dec-2020;73;5323
UKM71;24-Dec-2020;50;5373
UKM71;25-Dec-2020;23;5396
UKM71;26-Dec-2020;79;5475
UKM71;27-Dec-2020;124;5599
UKM71;28-Dec-2020;95;5694
UKM71;29-Dec-2020;182;5876
UKM71;30-Dec-2020;144;6020
UKM71;31-Dec-2020;113;6133
UKM71;01-Jan-2121;70;6203
UKM71;02-Jan-2121;122;6325
UKM71;03-Jan-2121;131;6456
UKM71;04-Jan-2121;131;6587
UKM71;05-Jan-2121;165;6752
UKM71;06-Jan-2121;113;6865
UKM71;07-Jan-2121;116;6981
UKM71;08-Jan-2121;94;7075
UKM71;09-Jan-2121;68;7143
UKM71;10-Jan-2121;80;7223
UKM71;11-Jan-2121;79;7302
UKM71;12-Jan-2121;95;7397
UKM71;13-Jan-2121;74;7471
UKM71;14-Jan-2121;71;7542
UKM71;15-Jan-2121;61;7603
UKM71;16-Jan-2121;51;7654
UKM71;17-Jan-2121;45;7699
UKM71;18-Jan-2121;95;7794
UKM71;19-Jan-2121;72;7866
UKM71;20-Jan-2121;77;7943
UKM71;21-Jan-2121;53;7996
UKM71;22-Jan-2121;51;8047
UKM71;23-Jan-2121;34;8081
UKM71;24-Jan-2121;47;8128
UKM71;25-Jan-2121;70;8198
UKM71;26-Jan-2121;36;8234
UKM71;27-Jan-2121;41;8275
UKM71;28-Jan-2121;42;8317
UKM71;29-Jan-2121;52;8369
UKM71;30-Jan-2121;28;8397
UKM71;31-Jan-2121;43;8440
UKM71;01-Feb-2121;59;8499
UKM71;02-Feb-2121;48;8547
UKM71;03-Feb-2121;49;8596
UKM71;04-Feb-2121;53;8649
UKM71;05-Feb-2121;41;8690
UKM71;06-Feb-2121;19;8709
UKM71;07-Feb-2121;17;8726
UKM71;08-Feb-2121;3;8729
UKM72;28-Feb-2020;0;0
UKM72;29-Feb-2020;0;0
UKM72;01-Mar-2020;1;1
UKM72;02-Mar-2020;0;1
UKM72;03-Mar-2020;1;2
UKM72;04-Mar-2020;2;4
UKM72;05-Mar-2020;0;4
UKM72;06-Mar-2020;0;4
UKM72;07-Mar-2020;0;4
UKM72;08-Mar-2020;0;4
UKM72;09-Mar-2020;1;5
UKM72;10-Mar-2020;0;5
UKM72;11-Mar-2020;1;6
UKM72;12-Mar-2020;4;10
UKM72;13-Mar-2020;1;11
UKM72;14-Mar-2020;1;12
UKM72;15-Mar-2020;2;14
UKM72;16-Mar-2020;0;14
UKM72;17-Mar-2020;1;15
UKM72;18-Mar-2020;2;17
UKM72;19-Mar-2020;2;19
UKM72;20-Mar-2020;7;26
UKM72;21-Mar-2020;2;28
UKM72;22-Mar-2020;4;32
UKM72;23-Mar-2020;13;45
UKM72;24-Mar-2020;4;49
UKM72;25-Mar-2020;11;60
UKM72;26-Mar-2020;13;73
UKM72;27-Mar-2020;13;86
UKM72;28-Mar-2020;13;99
UKM72;29-Mar-2020;13;112
UKM72;30-Mar-2020;20;132
UKM72;31-Mar-2020;33;165
UKM72;01-Apr-2020;31;196
UKM72;02-Apr-2020;37;233
UKM72;03-Apr-2020;26;259
UKM72;04-Apr-2020;15;274
UKM72;05-Apr-2020;15;289
UKM72;06-Apr-2020;36;325
UKM72;07-Apr-2020;14;339
UKM72;08-Apr-2020;35;374
UKM72;09-Apr-2020;27;401
UKM72;10-Apr-2020;25;426
UKM72;11-Apr-2020;7;433
UKM72;12-Apr-2020;13;446
UKM72;13-Apr-2020;27;473
UKM72;14-Apr-2020;33;506
UKM72;15-Apr-2020;32;538
UKM72;16-Apr-2020;47;585
UKM72;17-Apr-2020;26;611
UKM72;18-Apr-2020;16;627
UKM72;19-Apr-2020;8;635
UKM72;20-Apr-2020;45;680
UKM72;21-Apr-2020;30;710
UKM72;22-Apr-2020;32;742
UKM72;23-Apr-2020;19;761
UKM72;24-Apr-2020;23;784
UKM72;25-Apr-2020;14;798
UKM72;26-Apr-2020;10;808
UKM72;27-Apr-2020;27;835
UKM72;28-Apr-2020;21;856
UKM72;29-Apr-2020;34;890
UKM72;30-Apr-2020;19;909
UKM72;01-May-2020;38;947
UKM72;02-May-2020;3;950
UKM72;03-May-2020;2;952
UKM72;04-May-2020;14;966
UKM72;05-May-2020;11;977
UKM72;06-May-2020;5;982
UKM72;07-May-2020;16;998
UKM72;08-May-2020;7;1005
UKM72;09-May-2020;5;1010
UKM72;10-May-2020;1;1011
UKM72;11-May-2020;3;1014
UKM72;12-May-2020;3;1017
UKM72;13-May-2020;11;1028
UKM72;14-May-2020;3;1031
UKM72;15-May-2020;2;1033
UKM72;16-May-2020;3;1036
UKM72;17-May-2020;5;1041
UKM72;18-May-2020;5;1046
UKM72;19-May-2020;12;1058
UKM72;20-May-2020;6;1064
UKM72;21-May-2020;5;1069
UKM72;22-May-2020;4;1073
UKM72;23-May-2020;0;1073
UKM72;24-May-2020;2;1075
UKM72;25-May-2020;6;1081
UKM72;26-May-2020;8;1089
UKM72;27-May-2020;5;1094
UKM72;28-May-2020;2;1096
UKM72;29-May-2020;1;1097
UKM72;30-May-2020;3;1100
UKM72;31-May-2020;0;1100
UKM72;01-Jun-2020;6;1106
UKM72;02-Jun-2020;1;1107
UKM72;03-Jun-2020;1;1108
UKM72;04-Jun-2020;0;1108
UKM72;05-Jun-2020;2;1110
UKM72;06-Jun-2020;0;1110
UKM72;07-Jun-2020;0;1110
UKM72;08-Jun-2020;1;1111
UKM72;09-Jun-2020;3;1114
UKM72;10-Jun-2020;2;1116
UKM72;11-Jun-2020;3;1119
UKM72;12-Jun-2020;0;1119
UKM72;13-Jun-2020;1;1120
UKM72;14-Jun-2020;1;1121
UKM72;15-Jun-2020;1;1122
UKM72;16-Jun-2020;1;1123
UKM72;17-Jun-2020;0;1123
UKM72;18-Jun-2020;0;1123
UKM72;19-Jun-2020;0;1123
UKM72;20-Jun-2020;0;1123
UKM72;21-Jun-2020;0;1123
UKM72;22-Jun-2020;0;1123
UKM72;23-Jun-2020;1;1124
UKM72;24-Jun-2020;1;1125
UKM72;25-Jun-2020;2;1127
UKM72;26-Jun-2020;2;1129
UKM72;27-Jun-2020;0;1129
UKM72;28-Jun-2020;0;1129
UKM72;29-Jun-2020;0;1129
UKM72;30-Jun-2020;0;1129
UKM72;01-Jul-2020;2;1131
UKM72;02-Jul-2020;0;1131
UKM72;03-Jul-2020;0;1131
UKM72;04-Jul-2020;0;1131
UKM72;05-Jul-2020;1;1132
UKM72;06-Jul-2020;0;1132
UKM72;07-Jul-2020;1;1133
UKM72;08-Jul-2020;0;1133
UKM72;09-Jul-2020;0;1133
UKM72;10-Jul-2020;0;1133
UKM72;11-Jul-2020;0;1133
UKM72;12-Jul-2020;0;1133
UKM72;13-Jul-2020;0;1133
UKM72;14-Jul-2020;0;1133
UKM72;15-Jul-2020;2;1135
UKM72;16-Jul-2020;2;1137
UKM72;17-Jul-2020;0;1137
UKM72;18-Jul-2020;0;1137
UKM72;19-Jul-2020;1;1138
UKM72;20-Jul-2020;2;1140
UKM72;21-Jul-2020;0;1140
UKM72;22-Jul-2020;0;1140
UKM72;23-Jul-2020;1;1141
UKM72;24-Jul-2020;0;1141
UKM72;25-Jul-2020;0;1141
UKM72;26-Jul-2020;1;1142
UKM72;27-Jul-2020;1;1143
UKM72;28-Jul-2020;0;1143
UKM72;29-Jul-2020;2;1145
UKM72;30-Jul-2020;3;1148
UKM72;31-Jul-2020;0;1148
UKM72;01-Aug-2020;0;1148
UKM72;02-Aug-2020;0;1148
UKM72;03-Aug-2020;1;1149
UKM72;04-Aug-2020;2;1151
UKM72;05-Aug-2020;3;1154
UKM72;06-Aug-2020;0;1154
UKM72;07-Aug-2020;2;1156
UKM72;08-Aug-2020;2;1158
UKM72;09-Aug-2020;0;1158
UKM72;10-Aug-2020;0;1158
UKM72;11-Aug-2020;1;1159
UKM72;12-Aug-2020;2;1161
UKM72;13-Aug-2020;4;1165
UKM72;14-Aug-2020;2;1167
UKM72;15-Aug-2020;2;1169
UKM72;16-Aug-2020;0;1169
UKM72;17-Aug-2020;0;1169
UKM72;18-Aug-2020;2;1171
UKM72;19-Aug-2020;1;1172
UKM72;20-Aug-2020;3;1175
UKM72;21-Aug-2020;5;1180
UKM72;22-Aug-2020;0;1180
UKM72;23-Aug-2020;2;1182
UKM72;24-Aug-2020;0;1182
UKM72;25-Aug-2020;3;1185
UKM72;26-Aug-2020;6;1191
UKM72;27-Aug-2020;4;1195
UKM72;28-Aug-2020;2;1197
UKM72;29-Aug-2020;2;1199
UKM72;30-Aug-2020;4;1203
UKM72;31-Aug-2020;2;1205
UKM72;01-Sep-2020;5;1210
UKM72;02-Sep-2020;5;1215
UKM72;03-Sep-2020;7;1222
UKM72;04-Sep-2020;8;1230
UKM72;05-Sep-2020;2;1232
UKM72;06-Sep-2020;4;1236
UKM72;07-Sep-2020;7;1243
UKM72;08-Sep-2020;6;1249
UKM72;09-Sep-2020;3;1252
UKM72;10-Sep-2020;8;1260
UKM72;11-Sep-2020;2;1262
UKM72;12-Sep-2020;1;1263
UKM72;13-Sep-2020;2;1265
UKM72;14-Sep-2020;3;1268
UKM72;15-Sep-2020;14;1282
UKM72;16-Sep-2020;5;1287
UKM72;17-Sep-2020;17;1304
UKM72;18-Sep-2020;25;1329
UKM72;19-Sep-2020;17;1346
UKM72;20-Sep-2020;12;1358
UKM72;21-Sep-2020;20;1378
UKM72;22-Sep-2020;19;1397
UKM72;23-Sep-2020;20;1417
UKM72;24-Sep-2020;44;1461
UKM72;25-Sep-2020;28;1489
UKM72;26-Sep-2020;17;1506
UKM72;27-Sep-2020;15;1521
UKM72;28-Sep-2020;35;1556
UKM72;29-Sep-2020;28;1584
UKM72;30-Sep-2020;20;1604
UKM72;01-Oct-2020;24;1628
UKM72;02-Oct-2020;27;1655
UKM72;03-Oct-2020;30;1685
UKM72;04-Oct-2020;27;1712
UKM72;05-Oct-2020;44;1756
UKM72;06-Oct-2020;38;1794
UKM72;07-Oct-2020;41;1835
UKM72;08-Oct-2020;42;1877
UKM72;09-Oct-2020;41;1918
UKM72;10-Oct-2020;34;1952
UKM72;11-Oct-2020;40;1992
UKM72;12-Oct-2020;46;2038
UKM72;13-Oct-2020;65;2103
UKM72;14-Oct-2020;42;2145
UKM72;15-Oct-2020;42;2187
UKM72;16-Oct-2020;43;2230
UKM72;17-Oct-2020;29;2259
UKM72;18-Oct-2020;28;2287
UKM72;19-Oct-2020;43;2330
UKM72;20-Oct-2020;64;2394
UKM72;21-Oct-2020;62;2456
UKM72;22-Oct-2020;71;2527
UKM72;23-Oct-2020;81;2608
UKM72;24-Oct-2020;43;2651
UKM72;25-Oct-2020;44;2695
UKM72;26-Oct-2020;51;2746
UKM72;27-Oct-2020;55;2801
UKM72;28-Oct-2020;61;2862
UKM72;29-Oct-2020;40;2902
UKM72;30-Oct-2020;54;2956
UKM72;31-Oct-2020;38;2994
UKM72;01-Nov-2020;43;3037
UKM72;02-Nov-2020;95;3132
UKM72;03-Nov-2020;81;3213
UKM72;04-Nov-2020;71;3284
UKM72;05-Nov-2020;72;3356
UKM72;06-Nov-2020;48;3404
UKM72;07-Nov-2020;57;3461
UKM72;08-Nov-2020;51;3512
UKM72;09-Nov-2020;76;3588
UKM72;10-Nov-2020;91;3679
UKM72;11-Nov-2020;142;3821
UKM72;12-Nov-2020;100;3921
UKM72;13-Nov-2020;82;4003
UKM72;14-Nov-2020;71;4074
UKM72;15-Nov-2020;52;4126
UKM72;16-Nov-2020;85;4211
UKM72;17-Nov-2020;75;4286
UKM72;18-Nov-2020;74;4360
UKM72;19-Nov-2020;75;4435
UKM72;20-Nov-2020;54;4489
UKM72;21-Nov-2020;47;4536
UKM72;22-Nov-2020;57;4593
UKM72;23-Nov-2020;65;4658
UKM72;24-Nov-2020;72;4730
UKM72;25-Nov-2020;80;4810
UKM72;26-Nov-2020;70;4880
UKM72;27-Nov-2020;56;4936
UKM72;28-Nov-2020;52;4988
UKM72;29-Nov-2020;58;5046
UKM72;30-Nov-2020;82;5128
UKM72;01-Dec-2020;94;5222
UKM72;02-Dec-2020;79;5301
UKM72;03-Dec-2020;71;5372
UKM72;04-Dec-2020;60;5432
UKM72;05-Dec-2020;63;5495
UKM72;06-Dec-2020;49;5544
UKM72;07-Dec-2020;86;5630
UKM72;08-Dec-2020;127;5757
UKM72;09-Dec-2020;102;5859
UKM72;10-Dec-2020;87;5946
UKM72;11-Dec-2020;93;6039
UKM72;12-Dec-2020;57;6096
UKM72;13-Dec-2020;59;6155
UKM72;14-Dec-2020;78;6233
UKM72;15-Dec-2020;82;6315
UKM72;16-Dec-2020;98;6413
UKM72;17-Dec-2020;67;6480
UKM72;18-Dec-2020;60;6540
UKM72;19-Dec-2020;49;6589
UKM72;20-Dec-2020;62;6651
UKM72;21-Dec-2020;86;6737
UKM72;22-Dec-2020;97;6834
UKM72;23-Dec-2020;65;6899
UKM72;24-Dec-2020;60;6959
UKM72;25-Dec-2020;21;6980
UKM72;26-Dec-2020;79;7059
UKM72;27-Dec-2020;64;7123
UKM72;28-Dec-2020;114;7237
UKM72;29-Dec-2020;153;7390
UKM72;30-Dec-2020;184;7574
UKM72;31-Dec-2020;145;7719
UKM72;01-Jan-2121;72;7791
UKM72;02-Jan-2121;106;7897
UKM72;03-Jan-2121;135;8032
UKM72;04-Jan-2121;159;8191
UKM72;05-Jan-2121;167;8358
UKM72;06-Jan-2121;169;8527
UKM72;07-Jan-2121;151;8678
UKM72;08-Jan-2121;132;8810
UKM72;09-Jan-2121;80;8890
UKM72;10-Jan-2121;94;8984
UKM72;11-Jan-2121;137;9121
UKM72;12-Jan-2121;142;9263
UKM72;13-Jan-2121;118;9381
UKM72;14-Jan-2121;100;9481
UKM72;15-Jan-2121;98;9579
UKM72;16-Jan-2121;75;9654
UKM72;17-Jan-2121;76;9730
UKM72;18-Jan-2121;114;9844
UKM72;19-Jan-2121;79;9923
UKM72;20-Jan-2121;100;10023
UKM72;21-Jan-2121;61;10084
UKM72;22-Jan-2121;53;10137
UKM72;23-Jan-2121;43;10180
UKM72;24-Jan-2121;53;10233
UKM72;25-Jan-2121;63;10296
UKM72;26-Jan-2121;82;10378
UKM72;27-Jan-2121;59;10437
UKM72;28-Jan-2121;51;10488
UKM72;29-Jan-2121;44;10532
UKM72;30-Jan-2121;43;10575
UKM72;31-Jan-2121;46;10621
UKM72;01-Feb-2121;61;10682
UKM72;02-Feb-2121;73;10755
UKM72;03-Feb-2121;42;10797
UKM72;04-Feb-2121;49;10846
UKM72;05-Feb-2121;49;10895
UKM72;06-Feb-2121;34;10929
UKM72;07-Feb-2121;21;10950
UKM72;08-Feb-2121;15;10965
UKM73;28-Feb-2020;0;0
UKM73;29-Feb-2020;0;0
UKM73;01-Mar-2020;0;0
UKM73;02-Mar-2020;0;0
UKM73;03-Mar-2020;0;0
UKM73;04-Mar-2020;0;0
UKM73;05-Mar-2020;0;0
UKM73;06-Mar-2020;1;1
UKM73;07-Mar-2020;0;1
UKM73;08-Mar-2020;0;1
UKM73;09-Mar-2020;0;1
UKM73;10-Mar-2020;0;1
UKM73;11-Mar-2020;2;3
UKM73;12-Mar-2020;0;3
UKM73;13-Mar-2020;0;3
UKM73;14-Mar-2020;0;3
UKM73;15-Mar-2020;0;3
UKM73;16-Mar-2020;0;3
UKM73;17-Mar-2020;0;3
UKM73;18-Mar-2020;0;3
UKM73;19-Mar-2020;2;5
UKM73;20-Mar-2020;2;7
UKM73;21-Mar-2020;5;12
UKM73;22-Mar-2020;2;14
UKM73;23-Mar-2020;1;15
UKM73;24-Mar-2020;5;20
UKM73;25-Mar-2020;7;27
UKM73;26-Mar-2020;6;33
UKM73;27-Mar-2020;13;46
UKM73;28-Mar-2020;4;50
UKM73;29-Mar-2020;6;56
UKM73;30-Mar-2020;17;73
UKM73;31-Mar-2020;6;79
UKM73;01-Apr-2020;9;88
UKM73;02-Apr-2020;21;109
UKM73;03-Apr-2020;8;117
UKM73;04-Apr-2020;12;129
UKM73;05-Apr-2020;4;133
UKM73;06-Apr-2020;30;163
UKM73;07-Apr-2020;18;181
UKM73;08-Apr-2020;18;199
UKM73;09-Apr-2020;22;221
UKM73;10-Apr-2020;17;238
UKM73;11-Apr-2020;5;243
UKM73;12-Apr-2020;9;252
UKM73;13-Apr-2020;7;259
UKM73;14-Apr-2020;24;283
UKM73;15-Apr-2020;23;306
UKM73;16-Apr-2020;16;322
UKM73;17-Apr-2020;36;358
UKM73;18-Apr-2020;14;372
UKM73;19-Apr-2020;10;382
UKM73;20-Apr-2020;42;424
UKM73;21-Apr-2020;18;442
UKM73;22-Apr-2020;22;464
UKM73;23-Apr-2020;14;478
UKM73;24-Apr-2020;8;486
UKM73;25-Apr-2020;2;488
UKM73;26-Apr-2020;9;497
UKM73;27-Apr-2020;38;535
UKM73;28-Apr-2020;14;549
UKM73;29-Apr-2020;21;570
UKM73;30-Apr-2020;11;581
UKM73;01-May-2020;6;587
UKM73;02-May-2020;8;595
UKM73;03-May-2020;10;605
UKM73;04-May-2020;13;618
UKM73;05-May-2020;20;638
UKM73;06-May-2020;13;651
UKM73;07-May-2020;11;662
UKM73;08-May-2020;12;674
UKM73;09-May-2020;4;678
UKM73;10-May-2020;6;684
UKM73;11-May-2020;13;697
UKM73;12-May-2020;10;707
UKM73;13-May-2020;12;719
UKM73;14-May-2020;12;731
UKM73;15-May-2020;8;739
UKM73;16-May-2020;4;743
UKM73;17-May-2020;3;746
UKM73;18-May-2020;4;750
UKM73;19-May-2020;7;757
UKM73;20-May-2020;9;766
UKM73;21-May-2020;3;769
UKM73;22-May-2020;3;772
UKM73;23-May-2020;4;776
UKM73;24-May-2020;5;781
UKM73;25-May-2020;4;785
UKM73;26-May-2020;2;787
UKM73;27-May-2020;4;791
UKM73;28-May-2020;4;795
UKM73;29-May-2020;0;795
UKM73;30-May-2020;0;795
UKM73;31-May-2020;1;796
UKM73;01-Jun-2020;0;796
UKM73;02-Jun-2020;0;796
UKM73;03-Jun-2020;1;797
UKM73;04-Jun-2020;1;798
UKM73;05-Jun-2020;0;798
UKM73;06-Jun-2020;0;798
UKM73;07-Jun-2020;0;798
UKM73;08-Jun-2020;0;798
UKM73;09-Jun-2020;0;798
UKM73;10-Jun-2020;1;799
UKM73;11-Jun-2020;0;799
UKM73;12-Jun-2020;3;802
UKM73;13-Jun-2020;0;802
UKM73;14-Jun-2020;2;804
UKM73;15-Jun-2020;3;807
UKM73;16-Jun-2020;0;807
UKM73;17-Jun-2020;0;807
UKM73;18-Jun-2020;1;808
UKM73;19-Jun-2020;0;808
UKM73;20-Jun-2020;0;808
UKM73;21-Jun-2020;0;808
UKM73;22-Jun-2020;0;808
UKM73;23-Jun-2020;2;810
UKM73;24-Jun-2020;0;810
UKM73;25-Jun-2020;0;810
UKM73;26-Jun-2020;1;811
UKM73;27-Jun-2020;0;811
UKM73;28-Jun-2020;0;811
UKM73;29-Jun-2020;0;811
UKM73;30-Jun-2020;0;811
UKM73;01-Jul-2020;0;811
UKM73;02-Jul-2020;1;812
UKM73;03-Jul-2020;0;812
UKM73;04-Jul-2020;0;812
UKM73;05-Jul-2020;0;812
UKM73;06-Jul-2020;0;812
UKM73;07-Jul-2020;0;812
UKM73;08-Jul-2020;0;812
UKM73;09-Jul-2020;0;812
UKM73;10-Jul-2020;0;812
UKM73;11-Jul-2020;0;812
UKM73;12-Jul-2020;0;812
UKM73;13-Jul-2020;1;813
UKM73;14-Jul-2020;1;814
UKM73;15-Jul-2020;1;815
UKM73;16-Jul-2020;0;815
UKM73;17-Jul-2020;0;815
UKM73;18-Jul-2020;0;815
UKM73;19-Jul-2020;0;815
UKM73;20-Jul-2020;0;815
UKM73;21-Jul-2020;1;816
UKM73;22-Jul-2020;0;816
UKM73;23-Jul-2020;1;817
UKM73;24-Jul-2020;0;817
UKM73;25-Jul-2020;0;817
UKM73;26-Jul-2020;2;819
UKM73;27-Jul-2020;0;819
UKM73;28-Jul-2020;1;820
UKM73;29-Jul-2020;1;821
UKM73;30-Jul-2020;0;821
UKM73;31-Jul-2020;0;821
UKM73;01-Aug-2020;0;821
UKM73;02-Aug-2020;0;821
UKM73;03-Aug-2020;1;822
UKM73;04-Aug-2020;0;822
UKM73;05-Aug-2020;1;823
UKM73;06-Aug-2020;0;823
UKM73;07-Aug-2020;0;823
UKM73;08-Aug-2020;0;823
UKM73;09-Aug-2020;1;824
UKM73;10-Aug-2020;0;824
UKM73;11-Aug-2020;0;824
UKM73;12-Aug-2020;1;825
UKM73;13-Aug-2020;0;825
UKM73;14-Aug-2020;1;826
UKM73;15-Aug-2020;0;826
UKM73;16-Aug-2020;0;826
UKM73;17-Aug-2020;1;827
UKM73;18-Aug-2020;1;828
UKM73;19-Aug-2020;2;830
UKM73;20-Aug-2020;1;831
UKM73;21-Aug-2020;0;831
UKM73;22-Aug-2020;0;831
UKM73;23-Aug-2020;2;833
UKM73;24-Aug-2020;2;835
UKM73;25-Aug-2020;0;835
UKM73;26-Aug-2020;1;836
UKM73;27-Aug-2020;6;842
UKM73;28-Aug-2020;2;844
UKM73;29-Aug-2020;1;845
UKM73;30-Aug-2020;0;845
UKM73;31-Aug-2020;1;846
UKM73;01-Sep-2020;4;850
UKM73;02-Sep-2020;4;854
UKM73;03-Sep-2020;8;862
UKM73;04-Sep-2020;3;865
UKM73;05-Sep-2020;1;866
UKM73;06-Sep-2020;6;872
UKM73;07-Sep-2020;5;877
UKM73;08-Sep-2020;2;879
UKM73;09-Sep-2020;14;893
UKM73;10-Sep-2020;5;898
UKM73;11-Sep-2020;7;905
UKM73;12-Sep-2020;10;915
UKM73;13-Sep-2020;3;918
UKM73;14-Sep-2020;8;926
UKM73;15-Sep-2020;13;939
UKM73;16-Sep-2020;11;950
UKM73;17-Sep-2020;5;955
UKM73;18-Sep-2020;4;959
UKM73;19-Sep-2020;8;967
UKM73;20-Sep-2020;7;974
UKM73;21-Sep-2020;8;982
UKM73;22-Sep-2020;10;992
UKM73;23-Sep-2020;11;1003
UKM73;24-Sep-2020;18;1021
UKM73;25-Sep-2020;13;1034
UKM73;26-Sep-2020;1;1035
UKM73;27-Sep-2020;10;1045
UKM73;28-Sep-2020;21;1066
UKM73;29-Sep-2020;16;1082
UKM73;30-Sep-2020;14;1096
UKM73;01-Oct-2020;18;1114
UKM73;02-Oct-2020;16;1130
UKM73;03-Oct-2020;14;1144
UKM73;04-Oct-2020;13;1157
UKM73;05-Oct-2020;25;1182
UKM73;06-Oct-2020;20;1202
UKM73;07-Oct-2020;20;1222
UKM73;08-Oct-2020;29;1251
UKM73;09-Oct-2020;19;1270
UKM73;10-Oct-2020;16;1286
UKM73;11-Oct-2020;18;1304
UKM73;12-Oct-2020;26;1330
UKM73;13-Oct-2020;16;1346
UKM73;14-Oct-2020;22;1368
UKM73;15-Oct-2020;22;1390
UKM73;16-Oct-2020;29;1419
UKM73;17-Oct-2020;14;1433
UKM73;18-Oct-2020;18;1451
UKM73;19-Oct-2020;33;1484
UKM73;20-Oct-2020;18;1502
UKM73;21-Oct-2020;46;1548
UKM73;22-Oct-2020;28;1576
UKM73;23-Oct-2020;27;1603
UKM73;24-Oct-2020;24;1627
UKM73;25-Oct-2020;27;1654
UKM73;26-Oct-2020;28;1682
UKM73;27-Oct-2020;33;1715
UKM73;28-Oct-2020;31;1746
UKM73;29-Oct-2020;27;1773
UKM73;30-Oct-2020;32;1805
UKM73;31-Oct-2020;14;1819
UKM73;01-Nov-2020;22;1841
UKM73;02-Nov-2020;39;1880
UKM73;03-Nov-2020;30;1910
UKM73;04-Nov-2020;19;1929
UKM73;05-Nov-2020;19;1948
UKM73;06-Nov-2020;15;1963
UKM73;07-Nov-2020;17;1980
UKM73;08-Nov-2020;11;1991
UKM73;09-Nov-2020;24;2015
UKM73;10-Nov-2020;18;2033
UKM73;11-Nov-2020;12;2045
UKM73;12-Nov-2020;22;2067
UKM73;13-Nov-2020;20;2087
UKM73;14-Nov-2020;16;2103
UKM73;15-Nov-2020;15;2118
UKM73;16-Nov-2020;27;2145
UKM73;17-Nov-2020;16;2161
UKM73;18-Nov-2020;36;2197
UKM73;19-Nov-2020;24;2221
UKM73;20-Nov-2020;14;2235
UKM73;21-Nov-2020;22;2257
UKM73;22-Nov-2020;15;2272
UKM73;23-Nov-2020;21;2293
UKM73;24-Nov-2020;19;2312
UKM73;25-Nov-2020;26;2338
UKM73;26-Nov-2020;12;2350
UKM73;27-Nov-2020;13;2363
UKM73;28-Nov-2020;17;2380
UKM73;29-Nov-2020;7;2387
UKM73;30-Nov-2020;34;2421
UKM73;01-Dec-2020;28;2449
UKM73;02-Dec-2020;29;2478
UKM73;03-Dec-2020;21;2499
UKM73;04-Dec-2020;20;2519
UKM73;05-Dec-2020;18;2537
UKM73;06-Dec-2020;25;2562
UKM73;07-Dec-2020;49;2611
UKM73;08-Dec-2020;40;2651
UKM73;09-Dec-2020;49;2700
UKM73;10-Dec-2020;48;2748
UKM73;11-Dec-2020;44;2792
UKM73;12-Dec-2020;36;2828
UKM73;13-Dec-2020;44;2872
UKM73;14-Dec-2020;60;2932
UKM73;15-Dec-2020;60;2992
UKM73;16-Dec-2020;47;3039
UKM73;17-Dec-2020;44;3083
UKM73;18-Dec-2020;33;3116
UKM73;19-Dec-2020;36;3152
UKM73;20-Dec-2020;38;3190
UKM73;21-Dec-2020;37;3227
UKM73;22-Dec-2020;43;3270
UKM73;23-Dec-2020;34;3304
UKM73;24-Dec-2020;36;3340
UKM73;25-Dec-2020;15;3355
UKM73;26-Dec-2020;35;3390
UKM73;27-Dec-2020;60;3450
UKM73;28-Dec-2020;48;3498
UKM73;29-Dec-2020;55;3553
UKM73;30-Dec-2020;67;3620
UKM73;31-Dec-2020;42;3662
UKM73;01-Jan-2121;23;3685
UKM73;02-Jan-2121;57;3742
UKM73;03-Jan-2121;60;3802
UKM73;04-Jan-2121;52;3854
UKM73;05-Jan-2121;72;3926
UKM73;06-Jan-2121;49;3975
UKM73;07-Jan-2121;36;4011
UKM73;08-Jan-2121;20;4031
UKM73;09-Jan-2121;26;4057
UKM73;10-Jan-2121;22;4079
UKM73;11-Jan-2121;36;4115
UKM73;12-Jan-2121;44;4159
UKM73;13-Jan-2121;32;4191
UKM73;14-Jan-2121;28;4219
UKM73;15-Jan-2121;29;4248
UKM73;16-Jan-2121;24;4272
UKM73;17-Jan-2121;37;4309
UKM73;18-Jan-2121;51;4360
UKM73;19-Jan-2121;31;4391
UKM73;20-Jan-2121;27;4418
UKM73;21-Jan-2121;20;4438
UKM73;22-Jan-2121;34;4472
UKM73;23-Jan-2121;24;4496
UKM73;24-Jan-2121;12;4508
UKM73;25-Jan-2121;31;4539
UKM73;26-Jan-2121;32;4571
UKM73;27-Jan-2121;38;4609
UKM73;28-Jan-2121;18;4627
UKM73;29-Jan-2121;31;4658
UKM73;30-Jan-2121;20;4678
UKM73;31-Jan-2121;16;4694
UKM73;01-Feb-2121;25;4719
UKM73;02-Feb-2121;37;4756
UKM73;03-Feb-2121;33;4789
UKM73;04-Feb-2121;20;4809
UKM73;05-Feb-2121;29;4838
UKM73;06-Feb-2121;28;4866
UKM73;07-Feb-2121;20;4886
UKM73;08-Feb-2121;8;4894
UKM75;28-Feb-2020;0;0
UKM75;29-Feb-2020;0;0
UKM75;01-Mar-2020;0;0
UKM75;02-Mar-2020;0;0
UKM75;03-Mar-2020;0;0
UKM75;04-Mar-2020;1;1
UKM75;05-Mar-2020;0;1
UKM75;06-Mar-2020;1;2
UKM75;07-Mar-2020;2;4
UKM75;08-Mar-2020;2;6
UKM75;09-Mar-2020;2;8
UKM75;10-Mar-2020;1;9
UKM75;11-Mar-2020;4;13
UKM75;12-Mar-2020;5;18
UKM75;13-Mar-2020;3;21
UKM75;14-Mar-2020;3;24
UKM75;15-Mar-2020;1;25
UKM75;16-Mar-2020;1;26
UKM75;17-Mar-2020;3;29
UKM75;18-Mar-2020;3;32
UKM75;19-Mar-2020;3;35
UKM75;20-Mar-2020;5;40
UKM75;21-Mar-2020;9;49
UKM75;22-Mar-2020;7;56
UKM75;23-Mar-2020;13;69
UKM75;24-Mar-2020;19;88
UKM75;25-Mar-2020;9;97
UKM75;26-Mar-2020;11;108
UKM75;27-Mar-2020;19;127
UKM75;28-Mar-2020;15;142
UKM75;29-Mar-2020;12;154
UKM75;30-Mar-2020;25;179
UKM75;31-Mar-2020;32;211
UKM75;01-Apr-2020;37;248
UKM75;02-Apr-2020;31;279
UKM75;03-Apr-2020;36;315
UKM75;04-Apr-2020;27;342
UKM75;05-Apr-2020;21;363
UKM75;06-Apr-2020;53;416
UKM75;07-Apr-2020;24;440
UKM75;08-Apr-2020;29;469
UKM75;09-Apr-2020;33;502
UKM75;10-Apr-2020;28;530
UKM75;11-Apr-2020;14;544
UKM75;12-Apr-2020;34;578
UKM75;13-Apr-2020;39;617
UKM75;14-Apr-2020;37;654
UKM75;15-Apr-2020;38;692
UKM75;16-Apr-2020;41;733
UKM75;17-Apr-2020;67;800
UKM75;18-Apr-2020;30;830
UKM75;19-Apr-2020;12;842
UKM75;20-Apr-2020;74;916
UKM75;21-Apr-2020;36;952
UKM75;22-Apr-2020;51;1003
UKM75;23-Apr-2020;36;1039
UKM75;24-Apr-2020;37;1076
UKM75;25-Apr-2020;13;1089
UKM75;26-Apr-2020;14;1103
UKM75;27-Apr-2020;60;1163
UKM75;28-Apr-2020;43;1206
UKM75;29-Apr-2020;28;1234
UKM75;30-Apr-2020;36;1270
UKM75;01-May-2020;26;1296
UKM75;02-May-2020;21;1317
UKM75;03-May-2020;28;1345
UKM75;04-May-2020;26;1371
UKM75;05-May-2020;26;1397
UKM75;06-May-2020;29;1426
UKM75;07-May-2020;33;1459
UKM75;08-May-2020;23;1482
UKM75;09-May-2020;10;1492
UKM75;10-May-2020;11;1503
UKM75;11-May-2020;25;1528
UKM75;12-May-2020;13;1541
UKM75;13-May-2020;24;1565
UKM75;14-May-2020;22;1587
UKM75;15-May-2020;14;1601
UKM75;16-May-2020;6;1607
UKM75;17-May-2020;7;1614
UKM75;18-May-2020;6;1620
UKM75;19-May-2020;19;1639
UKM75;20-May-2020;17;1656
UKM75;21-May-2020;11;1667
UKM75;22-May-2020;11;1678
UKM75;23-May-2020;4;1682
UKM75;24-May-2020;2;1684
UKM75;25-May-2020;12;1696
UKM75;26-May-2020;8;1704
UKM75;27-May-2020;0;1704
UKM75;28-May-2020;5;1709
UKM75;29-May-2020;6;1715
UKM75;30-May-2020;4;1719
UKM75;31-May-2020;1;1720
UKM75;01-Jun-2020;4;1724
UKM75;02-Jun-2020;3;1727
UKM75;03-Jun-2020;5;1732
UKM75;04-Jun-2020;4;1736
UKM75;05-Jun-2020;3;1739
UKM75;06-Jun-2020;2;1741
UKM75;07-Jun-2020;3;1744
UKM75;08-Jun-2020;1;1745
UKM75;09-Jun-2020;3;1748
UKM75;10-Jun-2020;4;1752
UKM75;11-Jun-2020;4;1756
UKM75;12-Jun-2020;5;1761
UKM75;13-Jun-2020;3;1764
UKM75;14-Jun-2020;2;1766
UKM75;15-Jun-2020;5;1771
UKM75;16-Jun-2020;2;1773
UKM75;17-Jun-2020;4;1777
UKM75;18-Jun-2020;3;1780
UKM75;19-Jun-2020;2;1782
UKM75;20-Jun-2020;0;1782
UKM75;21-Jun-2020;0;1782
UKM75;22-Jun-2020;3;1785
UKM75;23-Jun-2020;2;1787
UKM75;24-Jun-2020;1;1788
UKM75;25-Jun-2020;2;1790
UKM75;26-Jun-2020;0;1790
UKM75;27-Jun-2020;0;1790
UKM75;28-Jun-2020;0;1790
UKM75;29-Jun-2020;0;1790
UKM75;30-Jun-2020;0;1790
UKM75;01-Jul-2020;3;1793
UKM75;02-Jul-2020;3;1796
UKM75;03-Jul-2020;1;1797
UKM75;04-Jul-2020;0;1797
UKM75;05-Jul-2020;0;1797
UKM75;06-Jul-2020;0;1797
UKM75;07-Jul-2020;0;1797
UKM75;08-Jul-2020;3;1800
UKM75;09-Jul-2020;2;1802
UKM75;10-Jul-2020;0;1802
UKM75;11-Jul-2020;0;1802
UKM75;12-Jul-2020;0;1802
UKM75;13-Jul-2020;0;1802
UKM75;14-Jul-2020;1;1803
UKM75;15-Jul-2020;3;1806
UKM75;16-Jul-2020;3;1809
UKM75;17-Jul-2020;0;1809
UKM75;18-Jul-2020;3;1812
UKM75;19-Jul-2020;0;1812
UKM75;20-Jul-2020;0;1812
UKM75;21-Jul-2020;2;1814
UKM75;22-Jul-2020;0;1814
UKM75;23-Jul-2020;2;1816
UKM75;24-Jul-2020;0;1816
UKM75;25-Jul-2020;0;1816
UKM75;26-Jul-2020;0;1816
UKM75;27-Jul-2020;1;1817
UKM75;28-Jul-2020;2;1819
UKM75;29-Jul-2020;4;1823
UKM75;30-Jul-2020;3;1826
UKM75;31-Jul-2020;0;1826
UKM75;01-Aug-2020;2;1828
UKM75;02-Aug-2020;3;1831
UKM75;03-Aug-2020;0;1831
UKM75;04-Aug-2020;1;1832
UKM75;05-Aug-2020;0;1832
UKM75;06-Aug-2020;4;1836
UKM75;07-Aug-2020;4;1840
UKM75;08-Aug-2020;0;1840
UKM75;09-Aug-2020;0;1840
UKM75;10-Aug-2020;2;1842
UKM75;11-Aug-2020;3;1845
UKM75;12-Aug-2020;3;1848
UKM75;13-Aug-2020;3;1851
UKM75;14-Aug-2020;0;1851
UKM75;15-Aug-2020;2;1853
UKM75;16-Aug-2020;1;1854
UKM75;17-Aug-2020;5;1859
UKM75;18-Aug-2020;1;1860
UKM75;19-Aug-2020;1;1861
UKM75;20-Aug-2020;6;1867
UKM75;21-Aug-2020;4;1871
UKM75;22-Aug-2020;9;1880
UKM75;23-Aug-2020;11;1891
UKM75;24-Aug-2020;3;1894
UKM75;25-Aug-2020;4;1898
UKM75;26-Aug-2020;4;1902
UKM75;27-Aug-2020;4;1906
UKM75;28-Aug-2020;5;1911
UKM75;29-Aug-2020;11;1922
UKM75;30-Aug-2020;8;1930
UKM75;31-Aug-2020;11;1941
UKM75;01-Sep-2020;12;1953
UKM75;02-Sep-2020;11;1964
UKM75;03-Sep-2020;17;1981
UKM75;04-Sep-2020;5;1986
UKM75;05-Sep-2020;9;1995
UKM75;06-Sep-2020;11;2006
UKM75;07-Sep-2020;15;2021
UKM75;08-Sep-2020;5;2026
UKM75;09-Sep-2020;21;2047
UKM75;10-Sep-2020;12;2059
UKM75;11-Sep-2020;11;2070
UKM75;12-Sep-2020;12;2082
UKM75;13-Sep-2020;14;2096
UKM75;14-Sep-2020;19;2115
UKM75;15-Sep-2020;25;2140
UKM75;16-Sep-2020;31;2171
UKM75;17-Sep-2020;48;2219
UKM75;18-Sep-2020;36;2255
UKM75;19-Sep-2020;29;2284
UKM75;20-Sep-2020;22;2306
UKM75;21-Sep-2020;32;2338
UKM75;22-Sep-2020;52;2390
UKM75;23-Sep-2020;71;2461
UKM75;24-Sep-2020;75;2536
UKM75;25-Sep-2020;68;2604
UKM75;26-Sep-2020;75;2679
UKM75;27-Sep-2020;76;2755
UKM75;28-Sep-2020;120;2875
UKM75;29-Sep-2020;96;2971
UKM75;30-Sep-2020;137;3108
UKM75;01-Oct-2020;107;3215
UKM75;02-Oct-2020;133;3348
UKM75;03-Oct-2020;103;3451
UKM75;04-Oct-2020;106;3557
UKM75;05-Oct-2020;133;3690
UKM75;06-Oct-2020;124;3814
UKM75;07-Oct-2020;129;3943
UKM75;08-Oct-2020;104;4047
UKM75;09-Oct-2020;105;4152
UKM75;10-Oct-2020;86;4238
UKM75;11-Oct-2020;92;4330
UKM75;12-Oct-2020;120;4450
UKM75;13-Oct-2020;101;4551
UKM75;14-Oct-2020;85;4636
UKM75;15-Oct-2020;76;4712
UKM75;16-Oct-2020;79;4791
UKM75;17-Oct-2020;59;4850
UKM75;18-Oct-2020;45;4895
UKM75;19-Oct-2020;79;4974
UKM75;20-Oct-2020;88;5062
UKM75;21-Oct-2020;67;5129
UKM75;22-Oct-2020;92;5221
UKM75;23-Oct-2020;69;5290
UKM75;24-Oct-2020;35;5325
UKM75;25-Oct-2020;60;5385
UKM75;26-Oct-2020;82;5467
UKM75;27-Oct-2020;68;5535
UKM75;28-Oct-2020;88;5623
UKM75;29-Oct-2020;47;5670
UKM75;30-Oct-2020;50;5720
UKM75;31-Oct-2020;47;5767
UKM75;01-Nov-2020;56;5823
UKM75;02-Nov-2020;65;5888
UKM75;03-Nov-2020;67;5955
UKM75;04-Nov-2020;71;6026
UKM75;05-Nov-2020;64;6090
UKM75;06-Nov-2020;66;6156
UKM75;07-Nov-2020;53;6209
UKM75;08-Nov-2020;59;6268
UKM75;09-Nov-2020;69;6337
UKM75;10-Nov-2020;77;6414
UKM75;11-Nov-2020;88;6502
UKM75;12-Nov-2020;66;6568
UKM75;13-Nov-2020;47;6615
UKM75;14-Nov-2020;51;6666
UKM75;15-Nov-2020;42;6708
UKM75;16-Nov-2020;99;6807
UKM75;17-Nov-2020;71;6878
UKM75;18-Nov-2020;77;6955
UKM75;19-Nov-2020;85;7040
UKM75;20-Nov-2020;62;7102
UKM75;21-Nov-2020;22;7124
UKM75;22-Nov-2020;63;7187
UKM75;23-Nov-2020;73;7260
UKM75;24-Nov-2020;75;7335
UKM75;25-Nov-2020;58;7393
UKM75;26-Nov-2020;45;7438
UKM75;27-Nov-2020;53;7491
UKM75;28-Nov-2020;34;7525
UKM75;29-Nov-2020;32;7557
UKM75;30-Nov-2020;43;7600
UKM75;01-Dec-2020;70;7670
UKM75;02-Dec-2020;69;7739
UKM75;03-Dec-2020;81;7820
UKM75;04-Dec-2020;38;7858
UKM75;05-Dec-2020;50;7908
UKM75;06-Dec-2020;67;7975
UKM75;07-Dec-2020;76;8051
UKM75;08-Dec-2020;91;8142
UKM75;09-Dec-2020;90;8232
UKM75;10-Dec-2020;95;8327
UKM75;11-Dec-2020;66;8393
UKM75;12-Dec-2020;82;8475
UKM75;13-Dec-2020;64;8539
UKM75;14-Dec-2020;104;8643
UKM75;15-Dec-2020;130;8773
UKM75;16-Dec-2020;99;8872
UKM75;17-Dec-2020;114;8986
UKM75;18-Dec-2020;74;9060
UKM75;19-Dec-2020;79;9139
UKM75;20-Dec-2020;82;9221
UKM75;21-Dec-2020;121;9342
UKM75;22-Dec-2020;137;9479
UKM75;23-Dec-2020;163;9642
UKM75;24-Dec-2020;109;9751
UKM75;25-Dec-2020;47;9798
UKM75;26-Dec-2020;91;9889
UKM75;27-Dec-2020;136;10025
UKM75;28-Dec-2020;171;10196
UKM75;29-Dec-2020;275;10471
UKM75;30-Dec-2020;223;10694
UKM75;31-Dec-2020;187;10881
UKM75;01-Jan-2121;80;10961
UKM75;02-Jan-2121;191;11152
UKM75;03-Jan-2121;149;11301
UKM75;04-Jan-2121;148;11449
UKM75;05-Jan-2121;244;11693
UKM75;06-Jan-2121;196;11889
UKM75;07-Jan-2121;183;12072
UKM75;08-Jan-2121;101;12173
UKM75;09-Jan-2121;99;12272
UKM75;10-Jan-2121;98;12370
UKM75;11-Jan-2121;106;12476
UKM75;12-Jan-2121;144;12620
UKM75;13-Jan-2121;111;12731
UKM75;14-Jan-2121;103;12834
UKM75;15-Jan-2121;82;12916
UKM75;16-Jan-2121;82;12998
UKM75;17-Jan-2121;78;13076
UKM75;18-Jan-2121;77;13153
UKM75;19-Jan-2121;99;13252
UKM75;20-Jan-2121;93;13345
UKM75;21-Jan-2121;70;13415
UKM75;22-Jan-2121;86;13501
UKM75;23-Jan-2121;59;13560
UKM75;24-Jan-2121;37;13597
UKM75;25-Jan-2121;59;13656
UKM75;26-Jan-2121;63;13719
UKM75;27-Jan-2121;68;13787
UKM75;28-Jan-2121;49;13836
UKM75;29-Jan-2121;48;13884
UKM75;30-Jan-2121;45;13929
UKM75;31-Jan-2121;41;13970
UKM75;01-Feb-2121;44;14014
UKM75;02-Feb-2121;59;14073
UKM75;03-Feb-2121;60;14133
UKM75;04-Feb-2121;56;14189
UKM75;05-Feb-2121;59;14248
UKM75;06-Feb-2121;41;14289
UKM75;07-Feb-2121;26;14315
UKM75;08-Feb-2121;16;14331
UKM76;28-Feb-2020;0;0
UKM76;29-Feb-2020;0;0
UKM76;01-Mar-2020;0;0
UKM76;02-Mar-2020;0;0
UKM76;03-Mar-2020;0;0
UKM76;04-Mar-2020;1;1
UKM76;05-Mar-2020;0;1
UKM76;06-Mar-2020;0;1
UKM76;07-Mar-2020;0;1
UKM76;08-Mar-2020;0;1
UKM76;09-Mar-2020;0;1
UKM76;10-Mar-2020;1;2
UKM76;11-Mar-2020;0;2
UKM76;12-Mar-2020;0;2
UKM76;13-Mar-2020;0;2
UKM76;14-Mar-2020;2;4
UKM76;15-Mar-2020;1;5
UKM76;16-Mar-2020;1;6
UKM76;17-Mar-2020;2;8
UKM76;18-Mar-2020;4;12
UKM76;19-Mar-2020;0;12
UKM76;20-Mar-2020;5;17
UKM76;21-Mar-2020;2;19
UKM76;22-Mar-2020;4;23
UKM76;23-Mar-2020;5;28
UKM76;24-Mar-2020;8;36
UKM76;25-Mar-2020;7;43
UKM76;26-Mar-2020;4;47
UKM76;27-Mar-2020;7;54
UKM76;28-Mar-2020;15;69
UKM76;29-Mar-2020;12;81
UKM76;30-Mar-2020;14;95
UKM76;31-Mar-2020;7;102
UKM76;01-Apr-2020;10;112
UKM76;02-Apr-2020;6;118
UKM76;03-Apr-2020;9;127
UKM76;04-Apr-2020;3;130
UKM76;05-Apr-2020;9;139
UKM76;06-Apr-2020;6;145
UKM76;07-Apr-2020;7;152
UKM76;08-Apr-2020;11;163
UKM76;09-Apr-2020;13;176
UKM76;10-Apr-2020;12;188
UKM76;11-Apr-2020;10;198
UKM76;12-Apr-2020;6;204
UKM76;13-Apr-2020;12;216
UKM76;14-Apr-2020;8;224
UKM76;15-Apr-2020;9;233
UKM76;16-Apr-2020;44;277
UKM76;17-Apr-2020;17;294
UKM76;18-Apr-2020;27;321
UKM76;19-Apr-2020;8;329
UKM76;20-Apr-2020;31;360
UKM76;21-Apr-2020;20;380
UKM76;22-Apr-2020;13;393
UKM76;23-Apr-2020;27;420
UKM76;24-Apr-2020;5;425
UKM76;25-Apr-2020;8;433
UKM76;26-Apr-2020;18;451
UKM76;27-Apr-2020;14;465
UKM76;28-Apr-2020;14;479
UKM76;29-Apr-2020;17;496
UKM76;30-Apr-2020;10;506
UKM76;01-May-2020;9;515
UKM76;02-May-2020;3;518
UKM76;03-May-2020;7;525
UKM76;04-May-2020;5;530
UKM76;05-May-2020;11;541
UKM76;06-May-2020;4;545
UKM76;07-May-2020;10;555
UKM76;08-May-2020;2;557
UKM76;09-May-2020;1;558
UKM76;10-May-2020;1;559
UKM76;11-May-2020;5;564
UKM76;12-May-2020;1;565
UKM76;13-May-2020;3;568
UKM76;14-May-2020;3;571
UKM76;15-May-2020;1;572
UKM76;16-May-2020;6;578
UKM76;17-May-2020;12;590
UKM76;18-May-2020;1;591
UKM76;19-May-2020;1;592
UKM76;20-May-2020;3;595
UKM76;21-May-2020;4;599
UKM76;22-May-2020;2;601
UKM76;23-May-2020;1;602
UKM76;24-May-2020;1;603
UKM76;25-May-2020;0;603
UKM76;26-May-2020;0;603
UKM76;27-May-2020;0;603
UKM76;28-May-2020;0;603
UKM76;29-May-2020;7;610
UKM76;30-May-2020;5;615
UKM76;31-May-2020;0;615
UKM76;01-Jun-2020;1;616
UKM76;02-Jun-2020;2;618
UKM76;03-Jun-2020;1;619
UKM76;04-Jun-2020;2;621
UKM76;05-Jun-2020;0;621
UKM76;06-Jun-2020;0;621
UKM76;07-Jun-2020;1;622
UKM76;08-Jun-2020;0;622
UKM76;09-Jun-2020;1;623
UKM76;10-Jun-2020;2;625
UKM76;11-Jun-2020;1;626
UKM76;12-Jun-2020;2;628
UKM76;13-Jun-2020;2;630
UKM76;14-Jun-2020;0;630
UKM76;15-Jun-2020;1;631
UKM76;16-Jun-2020;2;633
UKM76;17-Jun-2020;1;634
UKM76;18-Jun-2020;1;635
UKM76;19-Jun-2020;2;637
UKM76;20-Jun-2020;1;638
UKM76;21-Jun-2020;0;638
UKM76;22-Jun-2020;2;640
UKM76;23-Jun-2020;0;640
UKM76;24-Jun-2020;2;642
UKM76;25-Jun-2020;0;642
UKM76;26-Jun-2020;0;642
UKM76;27-Jun-2020;0;642
UKM76;28-Jun-2020;0;642
UKM76;29-Jun-2020;4;646
UKM76;30-Jun-2020;1;647
UKM76;01-Jul-2020;0;647
UKM76;02-Jul-2020;0;647
UKM76;03-Jul-2020;0;647
UKM76;04-Jul-2020;2;649
UKM76;05-Jul-2020;1;650
UKM76;06-Jul-2020;4;654
UKM76;07-Jul-2020;0;654
UKM76;08-Jul-2020;0;654
UKM76;09-Jul-2020;0;654
UKM76;10-Jul-2020;1;655
UKM76;11-Jul-2020;0;655
UKM76;12-Jul-2020;0;655
UKM76;13-Jul-2020;2;657
UKM76;14-Jul-2020;0;657
UKM76;15-Jul-2020;0;657
UKM76;16-Jul-2020;0;657
UKM76;17-Jul-2020;0;657
UKM76;18-Jul-2020;0;657
UKM76;19-Jul-2020;0;657
UKM76;20-Jul-2020;0;657
UKM76;21-Jul-2020;0;657
UKM76;22-Jul-2020;0;657
UKM76;23-Jul-2020;0;657
UKM76;24-Jul-2020;0;657
UKM76;25-Jul-2020;0;657
UKM76;26-Jul-2020;0;657
UKM76;27-Jul-2020;0;657
UKM76;28-Jul-2020;2;659
UKM76;29-Jul-2020;3;662
UKM76;30-Jul-2020;0;662
UKM76;31-Jul-2020;0;662
UKM76;01-Aug-2020;0;662
UKM76;02-Aug-2020;0;662
UKM76;03-Aug-2020;1;663
UKM76;04-Aug-2020;0;663
UKM76;05-Aug-2020;1;664
UKM76;06-Aug-2020;1;665
UKM76;07-Aug-2020;1;666
UKM76;08-Aug-2020;0;666
UKM76;09-Aug-2020;0;666
UKM76;10-Aug-2020;1;667
UKM76;11-Aug-2020;1;668
UKM76;12-Aug-2020;0;668
UKM76;13-Aug-2020;1;669
UKM76;14-Aug-2020;0;669
UKM76;15-Aug-2020;0;669
UKM76;16-Aug-2020;0;669
UKM76;17-Aug-2020;1;670
UKM76;18-Aug-2020;0;670
UKM76;19-Aug-2020;0;670
UKM76;20-Aug-2020;1;671
UKM76;21-Aug-2020;1;672
UKM76;22-Aug-2020;0;672
UKM76;23-Aug-2020;3;675
UKM76;24-Aug-2020;1;676
UKM76;25-Aug-2020;3;679
UKM76;26-Aug-2020;5;684
UKM76;27-Aug-2020;4;688
UKM76;28-Aug-2020;0;688
UKM76;29-Aug-2020;3;691
UKM76;30-Aug-2020;3;694
UKM76;31-Aug-2020;3;697
UKM76;01-Sep-2020;2;699
UKM76;02-Sep-2020;4;703
UKM76;03-Sep-2020;11;714
UKM76;04-Sep-2020;6;720
UKM76;05-Sep-2020;2;722
UKM76;06-Sep-2020;4;726
UKM76;07-Sep-2020;4;730
UKM76;08-Sep-2020;1;731
UKM76;09-Sep-2020;6;737
UKM76;10-Sep-2020;1;738
UKM76;11-Sep-2020;1;739
UKM76;12-Sep-2020;6;745
UKM76;13-Sep-2020;3;748
UKM76;14-Sep-2020;2;750
UKM76;15-Sep-2020;8;758
UKM76;16-Sep-2020;8;766
UKM76;17-Sep-2020;5;771
UKM76;18-Sep-2020;4;775
UKM76;19-Sep-2020;4;779
UKM76;20-Sep-2020;4;783
UKM76;21-Sep-2020;5;788
UKM76;22-Sep-2020;9;797
UKM76;23-Sep-2020;6;803
UKM76;24-Sep-2020;5;808
UKM76;25-Sep-2020;4;812
UKM76;26-Sep-2020;9;821
UKM76;27-Sep-2020;4;825
UKM76;28-Sep-2020;6;831
UKM76;29-Sep-2020;12;843
UKM76;30-Sep-2020;13;856
UKM76;01-Oct-2020;20;876
UKM76;02-Oct-2020;26;902
UKM76;03-Oct-2020;23;925
UKM76;04-Oct-2020;27;952
UKM76;05-Oct-2020;20;972
UKM76;06-Oct-2020;31;1003
UKM76;07-Oct-2020;28;1031
UKM76;08-Oct-2020;15;1046
UKM76;09-Oct-2020;19;1065
UKM76;10-Oct-2020;19;1084
UKM76;11-Oct-2020;25;1109
UKM76;12-Oct-2020;19;1128
UKM76;13-Oct-2020;26;1154
UKM76;14-Oct-2020;19;1173
UKM76;15-Oct-2020;19;1192
UKM76;16-Oct-2020;17;1209
UKM76;17-Oct-2020;14;1223
UKM76;18-Oct-2020;19;1242
UKM76;19-Oct-2020;20;1262
UKM76;20-Oct-2020;35;1297
UKM76;21-Oct-2020;22;1319
UKM76;22-Oct-2020;34;1353
UKM76;23-Oct-2020;21;1374
UKM76;24-Oct-2020;20;1394
UKM76;25-Oct-2020;24;1418
UKM76;26-Oct-2020;38;1456
UKM76;27-Oct-2020;42;1498
UKM76;28-Oct-2020;29;1527
UKM76;29-Oct-2020;18;1545
UKM76;30-Oct-2020;15;1560
UKM76;31-Oct-2020;13;1573
UKM76;01-Nov-2020;12;1585
UKM76;02-Nov-2020;24;1609
UKM76;03-Nov-2020;14;1623
UKM76;04-Nov-2020;19;1642
UKM76;05-Nov-2020;18;1660
UKM76;06-Nov-2020;12;1672
UKM76;07-Nov-2020;7;1679
UKM76;08-Nov-2020;21;1700
UKM76;09-Nov-2020;23;1723
UKM76;10-Nov-2020;20;1743
UKM76;11-Nov-2020;30;1773
UKM76;12-Nov-2020;19;1792
UKM76;13-Nov-2020;22;1814
UKM76;14-Nov-2020;14;1828
UKM76;15-Nov-2020;18;1846
UKM76;16-Nov-2020;29;1875
UKM76;17-Nov-2020;21;1896
UKM76;18-Nov-2020;11;1907
UKM76;19-Nov-2020;24;1931
UKM76;20-Nov-2020;15;1946
UKM76;21-Nov-2020;8;1954
UKM76;22-Nov-2020;8;1962
UKM76;23-Nov-2020;15;1977
UKM76;24-Nov-2020;9;1986
UKM76;25-Nov-2020;19;2005
UKM76;26-Nov-2020;5;2010
UKM76;27-Nov-2020;10;2020
UKM76;28-Nov-2020;10;2030
UKM76;29-Nov-2020;17;2047
UKM76;30-Nov-2020;20;2067
UKM76;01-Dec-2020;11;2078
UKM76;02-Dec-2020;14;2092
UKM76;03-Dec-2020;23;2115
UKM76;04-Dec-2020;16;2131
UKM76;05-Dec-2020;22;2153
UKM76;06-Dec-2020;22;2175
UKM76;07-Dec-2020;26;2201
UKM76;08-Dec-2020;43;2244
UKM76;09-Dec-2020;17;2261
UKM76;10-Dec-2020;18;2279
UKM76;11-Dec-2020;12;2291
UKM76;12-Dec-2020;13;2304
UKM76;13-Dec-2020;19;2323
UKM76;14-Dec-2020;24;2347
UKM76;15-Dec-2020;21;2368
UKM76;16-Dec-2020;17;2385
UKM76;17-Dec-2020;14;2399
UKM76;18-Dec-2020;23;2422
UKM76;19-Dec-2020;18;2440
UKM76;20-Dec-2020;16;2456
UKM76;21-Dec-2020;30;2486
UKM76;22-Dec-2020;28;2514
UKM76;23-Dec-2020;30;2544
UKM76;24-Dec-2020;25;2569
UKM76;25-Dec-2020;11;2580
UKM76;26-Dec-2020;24;2604
UKM76;27-Dec-2020;30;2634
UKM76;28-Dec-2020;57;2691
UKM76;29-Dec-2020;79;2770
UKM76;30-Dec-2020;84;2854
UKM76;31-Dec-2020;74;2928
UKM76;01-Jan-2121;41;2969
UKM76;02-Jan-2121;73;3042
UKM76;03-Jan-2121;77;3119
UKM76;04-Jan-2121;61;3180
UKM76;05-Jan-2121;101;3281
UKM76;06-Jan-2121;83;3364
UKM76;07-Jan-2121;59;3423
UKM76;08-Jan-2121;47;3470
UKM76;09-Jan-2121;48;3518
UKM76;10-Jan-2121;41;3559
UKM76;11-Jan-2121;46;3605
UKM76;12-Jan-2121;61;3666
UKM76;13-Jan-2121;61;3727
UKM76;14-Jan-2121;58;3785
UKM76;15-Jan-2121;45;3830
UKM76;16-Jan-2121;33;3863
UKM76;17-Jan-2121;35;3898
UKM76;18-Jan-2121;78;3976
UKM76;19-Jan-2121;48;4024
UKM76;20-Jan-2121;51;4075
UKM76;21-Jan-2121;39;4114
UKM76;22-Jan-2121;35;4149
UKM76;23-Jan-2121;37;4186
UKM76;24-Jan-2121;29;4215
UKM76;25-Jan-2121;34;4249
UKM76;26-Jan-2121;51;4300
UKM76;27-Jan-2121;43;4343
UKM76;28-Jan-2121;34;4377
UKM76;29-Jan-2121;32;4409
UKM76;30-Jan-2121;46;4455
UKM76;31-Jan-2121;40;4495
UKM76;01-Feb-2121;68;4563
UKM76;02-Feb-2121;82;4645
UKM76;03-Feb-2121;51;4696
UKM76;04-Feb-2121;63;4759
UKM76;05-Feb-2121;52;4811
UKM76;06-Feb-2121;13;4824
UKM76;07-Feb-2121;32;4856
UKM76;08-Feb-2121;35;4891
UKM77;28-Feb-2020;0;0
UKM77;29-Feb-2020;0;0
UKM77;01-Mar-2020;0;0
UKM77;02-Mar-2020;0;0
UKM77;03-Mar-2020;0;0
UKM77;04-Mar-2020;0;0
UKM77;05-Mar-2020;0;0
UKM77;06-Mar-2020;0;0
UKM77;07-Mar-2020;0;0
UKM77;08-Mar-2020;0;0
UKM77;09-Mar-2020;0;0
UKM77;10-Mar-2020;4;4
UKM77;11-Mar-2020;0;4
UKM77;12-Mar-2020;1;5
UKM77;13-Mar-2020;3;8
UKM77;14-Mar-2020;1;9
UKM77;15-Mar-2020;2;11
UKM77;16-Mar-2020;0;11
UKM77;17-Mar-2020;3;14
UKM77;18-Mar-2020;3;17
UKM77;19-Mar-2020;2;19
UKM77;20-Mar-2020;4;23
UKM77;21-Mar-2020;3;26
UKM77;22-Mar-2020;0;26
UKM77;23-Mar-2020;5;31
UKM77;24-Mar-2020;10;41
UKM77;25-Mar-2020;15;56
UKM77;26-Mar-2020;11;67
UKM77;27-Mar-2020;15;82
UKM77;28-Mar-2020;10;92
UKM77;29-Mar-2020;7;99
UKM77;30-Mar-2020;10;109
UKM77;31-Mar-2020;12;121
UKM77;01-Apr-2020;11;132
UKM77;02-Apr-2020;18;150
UKM77;03-Apr-2020;12;162
UKM77;04-Apr-2020;11;173
UKM77;05-Apr-2020;4;177
UKM77;06-Apr-2020;27;204
UKM77;07-Apr-2020;19;223
UKM77;08-Apr-2020;19;242
UKM77;09-Apr-2020;7;249
UKM77;10-Apr-2020;11;260
UKM77;11-Apr-2020;8;268
UKM77;12-Apr-2020;3;271
UKM77;13-Apr-2020;13;284
UKM77;14-Apr-2020;19;303
UKM77;15-Apr-2020;19;322
UKM77;16-Apr-2020;17;339
UKM77;17-Apr-2020;18;357
UKM77;18-Apr-2020;3;360
UKM77;19-Apr-2020;4;364
UKM77;20-Apr-2020;24;388
UKM77;21-Apr-2020;16;404
UKM77;22-Apr-2020;4;408
UKM77;23-Apr-2020;11;419
UKM77;24-Apr-2020;4;423
UKM77;25-Apr-2020;6;429
UKM77;26-Apr-2020;4;433
UKM77;27-Apr-2020;13;446
UKM77;28-Apr-2020;12;458
UKM77;29-Apr-2020;6;464
UKM77;30-Apr-2020;4;468
UKM77;01-May-2020;8;476
UKM77;02-May-2020;7;483
UKM77;03-May-2020;9;492
UKM77;04-May-2020;8;500
UKM77;05-May-2020;2;502
UKM77;06-May-2020;4;506
UKM77;07-May-2020;6;512
UKM77;08-May-2020;3;515
UKM77;09-May-2020;0;515
UKM77;10-May-2020;0;515
UKM77;11-May-2020;4;519
UKM77;12-May-2020;3;522
UKM77;13-May-2020;2;524
UKM77;14-May-2020;2;526
UKM77;15-May-2020;3;529
UKM77;16-May-2020;1;530
UKM77;17-May-2020;3;533
UKM77;18-May-2020;9;542
UKM77;19-May-2020;7;549
UKM77;20-May-2020;1;550
UKM77;21-May-2020;1;551
UKM77;22-May-2020;1;552
UKM77;23-May-2020;0;552
UKM77;24-May-2020;0;552
UKM77;25-May-2020;0;552
UKM77;26-May-2020;3;555
UKM77;27-May-2020;0;555
UKM77;28-May-2020;1;556
UKM77;29-May-2020;3;559
UKM77;30-May-2020;0;559
UKM77;31-May-2020;0;559
UKM77;01-Jun-2020;1;560
UKM77;02-Jun-2020;2;562
UKM77;03-Jun-2020;0;562
UKM77;04-Jun-2020;0;562
UKM77;05-Jun-2020;0;562
UKM77;06-Jun-2020;0;562
UKM77;07-Jun-2020;0;562
UKM77;08-Jun-2020;0;562
UKM77;09-Jun-2020;1;563
UKM77;10-Jun-2020;1;564
UKM77;11-Jun-2020;0;564
UKM77;12-Jun-2020;0;564
UKM77;13-Jun-2020;0;564
UKM77;14-Jun-2020;0;564
UKM77;15-Jun-2020;0;564
UKM77;16-Jun-2020;0;564
UKM77;17-Jun-2020;0;564
UKM77;18-Jun-2020;0;564
UKM77;19-Jun-2020;2;566
UKM77;20-Jun-2020;0;566
UKM77;21-Jun-2020;0;566
UKM77;22-Jun-2020;0;566
UKM77;23-Jun-2020;0;566
UKM77;24-Jun-2020;0;566
UKM77;25-Jun-2020;1;567
UKM77;26-Jun-2020;0;567
UKM77;27-Jun-2020;0;567
UKM77;28-Jun-2020;0;567
UKM77;29-Jun-2020;0;567
UKM77;30-Jun-2020;0;567
UKM77;01-Jul-2020;1;568
UKM77;02-Jul-2020;1;569
UKM77;03-Jul-2020;0;569
UKM77;04-Jul-2020;1;570
UKM77;05-Jul-2020;0;570
UKM77;06-Jul-2020;0;570
UKM77;07-Jul-2020;0;570
UKM77;08-Jul-2020;0;570
UKM77;09-Jul-2020;0;570
UKM77;10-Jul-2020;2;572
UKM77;11-Jul-2020;0;572
UKM77;12-Jul-2020;1;573
UKM77;13-Jul-2020;0;573
UKM77;14-Jul-2020;1;574
UKM77;15-Jul-2020;0;574
UKM77;16-Jul-2020;0;574
UKM77;17-Jul-2020;1;575
UKM77;18-Jul-2020;0;575
UKM77;19-Jul-2020;0;575
UKM77;20-Jul-2020;0;575
UKM77;21-Jul-2020;1;576
UKM77;22-Jul-2020;0;576
UKM77;23-Jul-2020;0;576
UKM77;24-Jul-2020;0;576
UKM77;25-Jul-2020;0;576
UKM77;26-Jul-2020;0;576
UKM77;27-Jul-2020;1;577
UKM77;28-Jul-2020;0;577
UKM77;29-Jul-2020;0;577
UKM77;30-Jul-2020;3;580
UKM77;31-Jul-2020;0;580
UKM77;01-Aug-2020;0;580
UKM77;02-Aug-2020;0;580
UKM77;03-Aug-2020;1;581
UKM77;04-Aug-2020;2;583
UKM77;05-Aug-2020;0;583
UKM77;06-Aug-2020;2;585
UKM77;07-Aug-2020;0;585
UKM77;08-Aug-2020;0;585
UKM77;09-Aug-2020;0;585
UKM77;10-Aug-2020;1;586
UKM77;11-Aug-2020;2;588
UKM77;12-Aug-2020;0;588
UKM77;13-Aug-2020;4;592
UKM77;14-Aug-2020;4;596
UKM77;15-Aug-2020;1;597
UKM77;16-Aug-2020;5;602
UKM77;17-Aug-2020;11;613
UKM77;18-Aug-2020;11;624
UKM77;19-Aug-2020;22;646
UKM77;20-Aug-2020;40;686
UKM77;21-Aug-2020;22;708
UKM77;22-Aug-2020;4;712
UKM77;23-Aug-2020;5;717
UKM77;24-Aug-2020;4;721
UKM77;25-Aug-2020;6;727
UKM77;26-Aug-2020;9;736
UKM77;27-Aug-2020;9;745
UKM77;28-Aug-2020;11;756
UKM77;29-Aug-2020;3;759
UKM77;30-Aug-2020;2;761
UKM77;31-Aug-2020;5;766
UKM77;01-Sep-2020;10;776
UKM77;02-Sep-2020;6;782
UKM77;03-Sep-2020;12;794
UKM77;04-Sep-2020;8;802
UKM77;05-Sep-2020;2;804
UKM77;06-Sep-2020;5;809
UKM77;07-Sep-2020;0;809
UKM77;08-Sep-2020;2;811
UKM77;09-Sep-2020;1;812
UKM77;10-Sep-2020;5;817
UKM77;11-Sep-2020;5;822
UKM77;12-Sep-2020;5;827
UKM77;13-Sep-2020;4;831
UKM77;14-Sep-2020;2;833
UKM77;15-Sep-2020;5;838
UKM77;16-Sep-2020;5;843
UKM77;17-Sep-2020;8;851
UKM77;18-Sep-2020;12;863
UKM77;19-Sep-2020;12;875
UKM77;20-Sep-2020;13;888
UKM77;21-Sep-2020;18;906
UKM77;22-Sep-2020;4;910
UKM77;23-Sep-2020;9;919
UKM77;24-Sep-2020;25;944
UKM77;25-Sep-2020;8;952
UKM77;26-Sep-2020;11;963
UKM77;27-Sep-2020;8;971
UKM77;28-Sep-2020;22;993
UKM77;29-Sep-2020;15;1008
UKM77;30-Sep-2020;17;1025
UKM77;01-Oct-2020;7;1032
UKM77;02-Oct-2020;15;1047
UKM77;03-Oct-2020;11;1058
UKM77;04-Oct-2020;12;1070
UKM77;05-Oct-2020;17;1087
UKM77;06-Oct-2020;19;1106
UKM77;07-Oct-2020;17;1123
UKM77;08-Oct-2020;23;1146
UKM77;09-Oct-2020;19;1165
UKM77;10-Oct-2020;15;1180
UKM77;11-Oct-2020;15;1195
UKM77;12-Oct-2020;25;1220
UKM77;13-Oct-2020;17;1237
UKM77;14-Oct-2020;16;1253
UKM77;15-Oct-2020;17;1270
UKM77;16-Oct-2020;15;1285
UKM77;17-Oct-2020;13;1298
UKM77;18-Oct-2020;18;1316
UKM77;19-Oct-2020;29;1345
UKM77;20-Oct-2020;42;1387
UKM77;21-Oct-2020;24;1411
UKM77;22-Oct-2020;27;1438
UKM77;23-Oct-2020;34;1472
UKM77;24-Oct-2020;20;1492
UKM77;25-Oct-2020;16;1508
UKM77;26-Oct-2020;32;1540
UKM77;27-Oct-2020;28;1568
UKM77;28-Oct-2020;29;1597
UKM77;29-Oct-2020;27;1624
UKM77;30-Oct-2020;31;1655
UKM77;31-Oct-2020;16;1671
UKM77;01-Nov-2020;21;1692
UKM77;02-Nov-2020;45;1737
UKM77;03-Nov-2020;78;1815
UKM77;04-Nov-2020;31;1846
UKM77;05-Nov-2020;56;1902
UKM77;06-Nov-2020;32;1934
UKM77;07-Nov-2020;40;1974
UKM77;08-Nov-2020;29;2003
UKM77;09-Nov-2020;44;2047
UKM77;10-Nov-2020;39;2086
UKM77;11-Nov-2020;41;2127
UKM77;12-Nov-2020;52;2179
UKM77;13-Nov-2020;49;2228
UKM77;14-Nov-2020;69;2297
UKM77;15-Nov-2020;50;2347
UKM77;16-Nov-2020;67;2414
UKM77;17-Nov-2020;40;2454
UKM77;18-Nov-2020;60;2514
UKM77;19-Nov-2020;33;2547
UKM77;20-Nov-2020;40;2587
UKM77;21-Nov-2020;36;2623
UKM77;22-Nov-2020;31;2654
UKM77;23-Nov-2020;43;2697
UKM77;24-Nov-2020;50;2747
UKM77;25-Nov-2020;39;2786
UKM77;26-Nov-2020;46;2832
UKM77;27-Nov-2020;33;2865
UKM77;28-Nov-2020;31;2896
UKM77;29-Nov-2020;13;2909
UKM77;30-Nov-2020;65;2974
UKM77;01-Dec-2020;39;3013
UKM77;02-Dec-2020;23;3036
UKM77;03-Dec-2020;21;3057
UKM77;04-Dec-2020;23;3080
UKM77;05-Dec-2020;37;3117
UKM77;06-Dec-2020;19;3136
UKM77;07-Dec-2020;25;3161
UKM77;08-Dec-2020;47;3208
UKM77;09-Dec-2020;24;3232
UKM77;10-Dec-2020;44;3276
UKM77;11-Dec-2020;41;3317
UKM77;12-Dec-2020;25;3342
UKM77;13-Dec-2020;26;3368
UKM77;14-Dec-2020;60;3428
UKM77;15-Dec-2020;53;3481
UKM77;16-Dec-2020;39;3520
UKM77;17-Dec-2020;60;3580
UKM77;18-Dec-2020;43;3623
UKM77;19-Dec-2020;32;3655
UKM77;20-Dec-2020;28;3683
UKM77;21-Dec-2020;55;3738
UKM77;22-Dec-2020;42;3780
UKM77;23-Dec-2020;52;3832
UKM77;24-Dec-2020;29;3861
UKM77;25-Dec-2020;17;3878
UKM77;26-Dec-2020;48;3926
UKM77;27-Dec-2020;59;3985
UKM77;28-Dec-2020;52;4037
UKM77;29-Dec-2020;97;4134
UKM77;30-Dec-2020;77;4211
UKM77;31-Dec-2020;63;4274
UKM77;01-Jan-2121;52;4326
UKM77;02-Jan-2121;70;4396
UKM77;03-Jan-2121;102;4498
UKM77;04-Jan-2121;73;4571
UKM77;05-Jan-2121;98;4669
UKM77;06-Jan-2121;95;4764
UKM77;07-Jan-2121;110;4874
UKM77;08-Jan-2121;60;4934
UKM77;09-Jan-2121;51;4985
UKM77;10-Jan-2121;37;5022
UKM77;11-Jan-2121;72;5094
UKM77;12-Jan-2121;84;5178
UKM77;13-Jan-2121;41;5219
UKM77;14-Jan-2121;68;5287
UKM77;15-Jan-2121;39;5326
UKM77;16-Jan-2121;40;5366
UKM77;17-Jan-2121;40;5406
UKM77;18-Jan-2121;76;5482
UKM77;19-Jan-2121;56;5538
UKM77;20-Jan-2121;59;5597
UKM77;21-Jan-2121;44;5641
UKM77;22-Jan-2121;26;5667
UKM77;23-Jan-2121;36;5703
UKM77;24-Jan-2121;28;5731
UKM77;25-Jan-2121;53;5784
UKM77;26-Jan-2121;53;5837
UKM77;27-Jan-2121;41;5878
UKM77;28-Jan-2121;69;5947
UKM77;29-Jan-2121;36;5983
UKM77;30-Jan-2121;18;6001
UKM77;31-Jan-2121;35;6036
UKM77;01-Feb-2121;34;6070
UKM77;02-Feb-2121;37;6107
UKM77;03-Feb-2121;36;6143
UKM77;04-Feb-2121;27;6170
UKM77;05-Feb-2121;53;6223
UKM77;06-Feb-2121;26;6249
UKM77;07-Feb-2121;25;6274
UKM77;08-Feb-2121;14;6288
UKM78;28-Feb-2020;0;0
UKM78;29-Feb-2020;0;0
UKM78;01-Mar-2020;0;0
UKM78;02-Mar-2020;0;0
UKM78;03-Mar-2020;0;0
UKM78;04-Mar-2020;0;0
UKM78;05-Mar-2020;0;0
UKM78;06-Mar-2020;0;0
UKM78;07-Mar-2020;0;0
UKM78;08-Mar-2020;0;0
UKM78;09-Mar-2020;1;1
UKM78;10-Mar-2020;1;2
UKM78;11-Mar-2020;0;2
UKM78;12-Mar-2020;0;2
UKM78;13-Mar-2020;0;2
UKM78;14-Mar-2020;0;2
UKM78;15-Mar-2020;1;3
UKM78;16-Mar-2020;0;3
UKM78;17-Mar-2020;2;5
UKM78;18-Mar-2020;1;6
UKM78;19-Mar-2020;0;6
UKM78;20-Mar-2020;3;9
UKM78;21-Mar-2020;1;10
UKM78;22-Mar-2020;4;14
UKM78;23-Mar-2020;4;18
UKM78;24-Mar-2020;1;19
UKM78;25-Mar-2020;1;20
UKM78;26-Mar-2020;6;26
UKM78;27-Mar-2020;9;35
UKM78;28-Mar-2020;9;44
UKM78;29-Mar-2020;1;45
UKM78;30-Mar-2020;7;52
UKM78;31-Mar-2020;15;67
UKM78;01-Apr-2020;11;78
UKM78;02-Apr-2020;8;86
UKM78;03-Apr-2020;10;96
UKM78;04-Apr-2020;8;104
UKM78;05-Apr-2020;6;110
UKM78;06-Apr-2020;4;114
UKM78;07-Apr-2020;10;124
UKM78;08-Apr-2020;5;129
UKM78;09-Apr-2020;4;133
UKM78;10-Apr-2020;4;137
UKM78;11-Apr-2020;2;139
UKM78;12-Apr-2020;1;140
UKM78;13-Apr-2020;8;148
UKM78;14-Apr-2020;7;155
UKM78;15-Apr-2020;5;160
UKM78;16-Apr-2020;9;169
UKM78;17-Apr-2020;9;178
UKM78;18-Apr-2020;10;188
UKM78;19-Apr-2020;7;195
UKM78;20-Apr-2020;36;231
UKM78;21-Apr-2020;11;242
UKM78;22-Apr-2020;10;252
UKM78;23-Apr-2020;5;257
UKM78;24-Apr-2020;7;264
UKM78;25-Apr-2020;7;271
UKM78;26-Apr-2020;4;275
UKM78;27-Apr-2020;13;288
UKM78;28-Apr-2020;10;298
UKM78;29-Apr-2020;9;307
UKM78;30-Apr-2020;6;313
UKM78;01-May-2020;8;321
UKM78;02-May-2020;1;322
UKM78;03-May-2020;5;327
UKM78;04-May-2020;17;344
UKM78;05-May-2020;7;351
UKM78;06-May-2020;8;359
UKM78;07-May-2020;8;367
UKM78;08-May-2020;15;382
UKM78;09-May-2020;5;387
UKM78;10-May-2020;5;392
UKM78;11-May-2020;9;401
UKM78;12-May-2020;11;412
UKM78;13-May-2020;4;416
UKM78;14-May-2020;18;434
UKM78;15-May-2020;8;442
UKM78;16-May-2020;3;445
UKM78;17-May-2020;0;445
UKM78;18-May-2020;2;447
UKM78;19-May-2020;6;453
UKM78;20-May-2020;7;460
UKM78;21-May-2020;4;464
UKM78;22-May-2020;4;468
UKM78;23-May-2020;0;468
UKM78;24-May-2020;1;469
UKM78;25-May-2020;1;470
UKM78;26-May-2020;0;470
UKM78;27-May-2020;3;473
UKM78;28-May-2020;0;473
UKM78;29-May-2020;2;475
UKM78;30-May-2020;4;479
UKM78;31-May-2020;0;479
UKM78;01-Jun-2020;1;480
UKM78;02-Jun-2020;11;491
UKM78;03-Jun-2020;1;492
UKM78;04-Jun-2020;2;494
UKM78;05-Jun-2020;1;495
UKM78;06-Jun-2020;1;496
UKM78;07-Jun-2020;0;496
UKM78;08-Jun-2020;0;496
UKM78;09-Jun-2020;0;496
UKM78;10-Jun-2020;0;496
UKM78;11-Jun-2020;2;498
UKM78;12-Jun-2020;0;498
UKM78;13-Jun-2020;6;504
UKM78;14-Jun-2020;0;504
UKM78;15-Jun-2020;0;504
UKM78;16-Jun-2020;0;504
UKM78;17-Jun-2020;4;508
UKM78;18-Jun-2020;0;508
UKM78;19-Jun-2020;0;508
UKM78;20-Jun-2020;1;509
UKM78;21-Jun-2020;0;509
UKM78;22-Jun-2020;0;509
UKM78;23-Jun-2020;0;509
UKM78;24-Jun-2020;0;509
UKM78;25-Jun-2020;0;509
UKM78;26-Jun-2020;0;509
UKM78;27-Jun-2020;0;509
UKM78;28-Jun-2020;0;509
UKM78;29-Jun-2020;0;509
UKM78;30-Jun-2020;0;509
UKM78;01-Jul-2020;0;509
UKM78;02-Jul-2020;0;509
UKM78;03-Jul-2020;0;509
UKM78;04-Jul-2020;0;509
UKM78;05-Jul-2020;0;509
UKM78;06-Jul-2020;0;509
UKM78;07-Jul-2020;0;509
UKM78;08-Jul-2020;0;509
UKM78;09-Jul-2020;0;509
UKM78;10-Jul-2020;0;509
UKM78;11-Jul-2020;0;509
UKM78;12-Jul-2020;0;509
UKM78;13-Jul-2020;0;509
UKM78;14-Jul-2020;0;509
UKM78;15-Jul-2020;0;509
UKM78;16-Jul-2020;0;509
UKM78;17-Jul-2020;0;509
UKM78;18-Jul-2020;1;510
UKM78;19-Jul-2020;1;511
UKM78;20-Jul-2020;0;511
UKM78;21-Jul-2020;0;511
UKM78;22-Jul-2020;0;511
UKM78;23-Jul-2020;0;511
UKM78;24-Jul-2020;0;511
UKM78;25-Jul-2020;0;511
UKM78;26-Jul-2020;0;511
UKM78;27-Jul-2020;2;513
UKM78;28-Jul-2020;0;513
UKM78;29-Jul-2020;1;514
UKM78;30-Jul-2020;2;516
UKM78;31-Jul-2020;0;516
UKM78;01-Aug-2020;0;516
UKM78;02-Aug-2020;1;517
UKM78;03-Aug-2020;1;518
UKM78;04-Aug-2020;1;519
UKM78;05-Aug-2020;0;519
UKM78;06-Aug-2020;0;519
UKM78;07-Aug-2020;0;519
UKM78;08-Aug-2020;0;519
UKM78;09-Aug-2020;1;520
UKM78;10-Aug-2020;1;521
UKM78;11-Aug-2020;0;521
UKM78;12-Aug-2020;0;521
UKM78;13-Aug-2020;0;521
UKM78;14-Aug-2020;1;522
UKM78;15-Aug-2020;0;522
UKM78;16-Aug-2020;0;522
UKM78;17-Aug-2020;1;523
UKM78;18-Aug-2020;1;524
UKM78;19-Aug-2020;0;524
UKM78;20-Aug-2020;2;526
UKM78;21-Aug-2020;6;532
UKM78;22-Aug-2020;0;532
UKM78;23-Aug-2020;2;534
UKM78;24-Aug-2020;0;534
UKM78;25-Aug-2020;1;535
UKM78;26-Aug-2020;2;537
UKM78;27-Aug-2020;2;539
UKM78;28-Aug-2020;5;544
UKM78;29-Aug-2020;4;548
UKM78;30-Aug-2020;2;550
UKM78;31-Aug-2020;0;550
UKM78;01-Sep-2020;4;554
UKM78;02-Sep-2020;6;560
UKM78;03-Sep-2020;2;562
UKM78;04-Sep-2020;3;565
UKM78;05-Sep-2020;2;567
UKM78;06-Sep-2020;1;568
UKM78;07-Sep-2020;8;576
UKM78;08-Sep-2020;0;576
UKM78;09-Sep-2020;1;577
UKM78;10-Sep-2020;5;582
UKM78;11-Sep-2020;2;584
UKM78;12-Sep-2020;4;588
UKM78;13-Sep-2020;5;593
UKM78;14-Sep-2020;3;596
UKM78;15-Sep-2020;8;604
UKM78;16-Sep-2020;5;609
UKM78;17-Sep-2020;7;616
UKM78;18-Sep-2020;8;624
UKM78;19-Sep-2020;3;627
UKM78;20-Sep-2020;7;634
UKM78;21-Sep-2020;13;647
UKM78;22-Sep-2020;14;661
UKM78;23-Sep-2020;16;677
UKM78;24-Sep-2020;17;694
UKM78;25-Sep-2020;21;715
UKM78;26-Sep-2020;11;726
UKM78;27-Sep-2020;14;740
UKM78;28-Sep-2020;21;761
UKM78;29-Sep-2020;26;787
UKM78;30-Sep-2020;30;817
UKM78;01-Oct-2020;44;861
UKM78;02-Oct-2020;22;883
UKM78;03-Oct-2020;21;904
UKM78;04-Oct-2020;20;924
UKM78;05-Oct-2020;41;965
UKM78;06-Oct-2020;41;1006
UKM78;07-Oct-2020;41;1047
UKM78;08-Oct-2020;52;1099
UKM78;09-Oct-2020;42;1141
UKM78;10-Oct-2020;36;1177
UKM78;11-Oct-2020;32;1209
UKM78;12-Oct-2020;48;1257
UKM78;13-Oct-2020;61;1318
UKM78;14-Oct-2020;43;1361
UKM78;15-Oct-2020;56;1417
UKM78;16-Oct-2020;35;1452
UKM78;17-Oct-2020;55;1507
UKM78;18-Oct-2020;29;1536
UKM78;19-Oct-2020;72;1608
UKM78;20-Oct-2020;99;1707
UKM78;21-Oct-2020;77;1784
UKM78;22-Oct-2020;67;1851
UKM78;23-Oct-2020;59;1910
UKM78;24-Oct-2020;30;1940
UKM78;25-Oct-2020;48;1988
UKM78;26-Oct-2020;39;2027
UKM78;27-Oct-2020;42;2069
UKM78;28-Oct-2020;70;2139
UKM78;29-Oct-2020;45;2184
UKM78;30-Oct-2020;43;2227
UKM78;31-Oct-2020;32;2259
UKM78;01-Nov-2020;28;2287
UKM78;02-Nov-2020;52;2339
UKM78;03-Nov-2020;46;2385
UKM78;04-Nov-2020;64;2449
UKM78;05-Nov-2020;53;2502
UKM78;06-Nov-2020;59;2561
UKM78;07-Nov-2020;38;2599
UKM78;08-Nov-2020;30;2629
UKM78;09-Nov-2020;51;2680
UKM78;10-Nov-2020;48;2728
UKM78;11-Nov-2020;37;2765
UKM78;12-Nov-2020;51;2816
UKM78;13-Nov-2020;39;2855
UKM78;14-Nov-2020;47;2902
UKM78;15-Nov-2020;34;2936
UKM78;16-Nov-2020;77;3013
UKM78;17-Nov-2020;77;3090
UKM78;18-Nov-2020;49;3139
UKM78;19-Nov-2020;32;3171
UKM78;20-Nov-2020;19;3190
UKM78;21-Nov-2020;19;3209
UKM78;22-Nov-2020;40;3249
UKM78;23-Nov-2020;59;3308
UKM78;24-Nov-2020;36;3344
UKM78;25-Nov-2020;36;3380
UKM78;26-Nov-2020;29;3409
UKM78;27-Nov-2020;25;3434
UKM78;28-Nov-2020;23;3457
UKM78;29-Nov-2020;12;3469
UKM78;30-Nov-2020;39;3508
UKM78;01-Dec-2020;34;3542
UKM78;02-Dec-2020;37;3579
UKM78;03-Dec-2020;33;3612
UKM78;04-Dec-2020;21;3633
UKM78;05-Dec-2020;26;3659
UKM78;06-Dec-2020;35;3694
UKM78;07-Dec-2020;39;3733
UKM78;08-Dec-2020;37;3770
UKM78;09-Dec-2020;33;3803
UKM78;10-Dec-2020;18;3821
UKM78;11-Dec-2020;23;3844
UKM78;12-Dec-2020;18;3862
UKM78;13-Dec-2020;23;3885
UKM78;14-Dec-2020;37;3922
UKM78;15-Dec-2020;34;3956
UKM78;16-Dec-2020;38;3994
UKM78;17-Dec-2020;16;4010
UKM78;18-Dec-2020;20;4030
UKM78;19-Dec-2020;20;4050
UKM78;20-Dec-2020;32;4082
UKM78;21-Dec-2020;27;4109
UKM78;22-Dec-2020;25;4134
UKM78;23-Dec-2020;32;4166
UKM78;24-Dec-2020;21;4187
UKM78;25-Dec-2020;5;4192
UKM78;26-Dec-2020;13;4205
UKM78;27-Dec-2020;41;4246
UKM78;28-Dec-2020;45;4291
UKM78;29-Dec-2020;67;4358
UKM78;30-Dec-2020;56;4414
UKM78;31-Dec-2020;45;4459
UKM78;01-Jan-2121;29;4488
UKM78;02-Jan-2121;40;4528
UKM78;03-Jan-2121;43;4571
UKM78;04-Jan-2121;52;4623
UKM78;05-Jan-2121;44;4667
UKM78;06-Jan-2121;47;4714
UKM78;07-Jan-2121;50;4764
UKM78;08-Jan-2121;23;4787
UKM78;09-Jan-2121;38;4825
UKM78;10-Jan-2121;26;4851
UKM78;11-Jan-2121;60;4911
UKM78;12-Jan-2121;37;4948
UKM78;13-Jan-2121;53;5001
UKM78;14-Jan-2121;28;5029
UKM78;15-Jan-2121;28;5057
UKM78;16-Jan-2121;26;5083
UKM78;17-Jan-2121;24;5107
UKM78;18-Jan-2121;48;5155
UKM78;19-Jan-2121;50;5205
UKM78;20-Jan-2121;39;5244
UKM78;21-Jan-2121;34;5278
UKM78;22-Jan-2121;30;5308
UKM78;23-Jan-2121;23;5331
UKM78;24-Jan-2121;21;5352
UKM78;25-Jan-2121;29;5381
UKM78;26-Jan-2121;53;5434
UKM78;27-Jan-2121;41;5475
UKM78;28-Jan-2121;54;5529
UKM78;29-Jan-2121;36;5565
UKM78;30-Jan-2121;24;5589
UKM78;31-Jan-2121;25;5614
UKM78;01-Feb-2121;26;5640
UKM78;02-Feb-2121;40;5680
UKM78;03-Feb-2121;30;5710
UKM78;04-Feb-2121;45;5755
UKM78;05-Feb-2121;19;5774
UKM78;06-Feb-2121;20;5794
UKM78;07-Feb-2121;24;5818
UKM78;08-Feb-2121;10;5828
UKM81;28-Feb-2020;0;0
UKM81;29-Feb-2020;0;0
UKM81;01-Mar-2020;0;0
UKM81;02-Mar-2020;0;0
UKM81;03-Mar-2020;1;1
UKM81;04-Mar-2020;0;1
UKM81;05-Mar-2020;0;1
UKM81;06-Mar-2020;0;1
UKM81;07-Mar-2020;0;1
UKM81;08-Mar-2020;0;1
UKM81;09-Mar-2020;0;1
UKM81;10-Mar-2020;0;1
UKM81;11-Mar-2020;4;5
UKM81;12-Mar-2020;3;8
UKM81;13-Mar-2020;2;10
UKM81;14-Mar-2020;1;11
UKM81;15-Mar-2020;0;11
UKM81;16-Mar-2020;3;14
UKM81;17-Mar-2020;4;18
UKM81;18-Mar-2020;3;21
UKM81;19-Mar-2020;6;27
UKM81;20-Mar-2020;9;36
UKM81;21-Mar-2020;3;39
UKM81;22-Mar-2020;2;41
UKM81;23-Mar-2020;4;45
UKM81;24-Mar-2020;9;54
UKM81;25-Mar-2020;6;60
UKM81;26-Mar-2020;11;71
UKM81;27-Mar-2020;11;82
UKM81;28-Mar-2020;6;88
UKM81;29-Mar-2020;14;102
UKM81;30-Mar-2020;12;114
UKM81;31-Mar-2020;9;123
UKM81;01-Apr-2020;13;136
UKM81;02-Apr-2020;14;150
UKM81;03-Apr-2020;9;159
UKM81;04-Apr-2020;6;165
UKM81;05-Apr-2020;13;178
UKM81;06-Apr-2020;9;187
UKM81;07-Apr-2020;11;198
UKM81;08-Apr-2020;11;209
UKM81;09-Apr-2020;7;216
UKM81;10-Apr-2020;17;233
UKM81;11-Apr-2020;10;243
UKM81;12-Apr-2020;12;255
UKM81;13-Apr-2020;15;270
UKM81;14-Apr-2020;10;280
UKM81;15-Apr-2020;14;294
UKM81;16-Apr-2020;10;304
UKM81;17-Apr-2020;14;318
UKM81;18-Apr-2020;9;327
UKM81;19-Apr-2020;10;337
UKM81;20-Apr-2020;27;364
UKM81;21-Apr-2020;24;388
UKM81;22-Apr-2020;18;406
UKM81;23-Apr-2020;14;420
UKM81;24-Apr-2020;13;433
UKM81;25-Apr-2020;17;450
UKM81;26-Apr-2020;5;455
UKM81;27-Apr-2020;23;478
UKM81;28-Apr-2020;23;501
UKM81;29-Apr-2020;32;533
UKM81;30-Apr-2020;28;561
UKM81;01-May-2020;27;588
UKM81;02-May-2020;21;609
UKM81;03-May-2020;11;620
UKM81;04-May-2020;29;649
UKM81;05-May-2020;12;661
UKM81;06-May-2020;27;688
UKM81;07-May-2020;28;716
UKM81;08-May-2020;21;737
UKM81;09-May-2020;15;752
UKM81;10-May-2020;7;759
UKM81;11-May-2020;22;781
UKM81;12-May-2020;22;803
UKM81;13-May-2020;13;816
UKM81;14-May-2020;14;830
UKM81;15-May-2020;9;839
UKM81;16-May-2020;5;844
UKM81;17-May-2020;10;854
UKM81;18-May-2020;9;863
UKM81;19-May-2020;13;876
UKM81;20-May-2020;9;885
UKM81;21-May-2020;7;892
UKM81;22-May-2020;4;896
UKM81;23-May-2020;6;902
UKM81;24-May-2020;1;903
UKM81;25-May-2020;7;910
UKM81;26-May-2020;1;911
UKM81;27-May-2020;6;917
UKM81;28-May-2020;4;921
UKM81;29-May-2020;1;922
UKM81;30-May-2020;0;922
UKM81;31-May-2020;4;926
UKM81;01-Jun-2020;3;929
UKM81;02-Jun-2020;1;930
UKM81;03-Jun-2020;0;930
UKM81;04-Jun-2020;6;936
UKM81;05-Jun-2020;3;939
UKM81;06-Jun-2020;0;939
UKM81;07-Jun-2020;0;939
UKM81;08-Jun-2020;0;939
UKM81;09-Jun-2020;1;940
UKM81;10-Jun-2020;1;941
UKM81;11-Jun-2020;3;944
UKM81;12-Jun-2020;0;944
UKM81;13-Jun-2020;0;944
UKM81;14-Jun-2020;0;944
UKM81;15-Jun-2020;0;944
UKM81;16-Jun-2020;1;945
UKM81;17-Jun-2020;0;945
UKM81;18-Jun-2020;0;945
UKM81;19-Jun-2020;1;946
UKM81;20-Jun-2020;0;946
UKM81;21-Jun-2020;1;947
UKM81;22-Jun-2020;0;947
UKM81;23-Jun-2020;1;948
UKM81;24-Jun-2020;0;948
UKM81;25-Jun-2020;1;949
UKM81;26-Jun-2020;0;949
UKM81;27-Jun-2020;0;949
UKM81;28-Jun-2020;0;949
UKM81;29-Jun-2020;0;949
UKM81;30-Jun-2020;0;949
UKM81;01-Jul-2020;0;949
UKM81;02-Jul-2020;0;949
UKM81;03-Jul-2020;0;949
UKM81;04-Jul-2020;0;949
UKM81;05-Jul-2020;0;949
UKM81;06-Jul-2020;0;949
UKM81;07-Jul-2020;0;949
UKM81;08-Jul-2020;0;949
UKM81;09-Jul-2020;1;950
UKM81;10-Jul-2020;0;950
UKM81;11-Jul-2020;0;950
UKM81;12-Jul-2020;0;950
UKM81;13-Jul-2020;1;951
UKM81;14-Jul-2020;0;951
UKM81;15-Jul-2020;0;951
UKM81;16-Jul-2020;1;952
UKM81;17-Jul-2020;0;952
UKM81;18-Jul-2020;2;954
UKM81;19-Jul-2020;1;955
UKM81;20-Jul-2020;0;955
UKM81;21-Jul-2020;0;955
UKM81;22-Jul-2020;2;957
UKM81;23-Jul-2020;4;961
UKM81;24-Jul-2020;1;962
UKM81;25-Jul-2020;1;963
UKM81;26-Jul-2020;0;963
UKM81;27-Jul-2020;1;964
UKM81;28-Jul-2020;0;964
UKM81;29-Jul-2020;0;964
UKM81;30-Jul-2020;5;969
UKM81;31-Jul-2020;2;971
UKM81;01-Aug-2020;0;971
UKM81;02-Aug-2020;4;975
UKM81;03-Aug-2020;1;976
UKM81;04-Aug-2020;2;978
UKM81;05-Aug-2020;3;981
UKM81;06-Aug-2020;0;981
UKM81;07-Aug-2020;1;982
UKM81;08-Aug-2020;0;982
UKM81;09-Aug-2020;2;984
UKM81;10-Aug-2020;1;985
UKM81;11-Aug-2020;0;985
UKM81;12-Aug-2020;1;986
UKM81;13-Aug-2020;1;987
UKM81;14-Aug-2020;2;989
UKM81;15-Aug-2020;0;989
UKM81;16-Aug-2020;0;989
UKM81;17-Aug-2020;0;989
UKM81;18-Aug-2020;4;993
UKM81;19-Aug-2020;1;994
UKM81;20-Aug-2020;3;997
UKM81;21-Aug-2020;5;1002
UKM81;22-Aug-2020;2;1004
UKM81;23-Aug-2020;3;1007
UKM81;24-Aug-2020;4;1011
UKM81;25-Aug-2020;3;1014
UKM81;26-Aug-2020;11;1025
UKM81;27-Aug-2020;5;1030
UKM81;28-Aug-2020;3;1033
UKM81;29-Aug-2020;13;1046
UKM81;30-Aug-2020;3;1049
UKM81;31-Aug-2020;17;1066
UKM81;01-Sep-2020;14;1080
UKM81;02-Sep-2020;15;1095
UKM81;03-Sep-2020;14;1109
UKM81;04-Sep-2020;16;1125
UKM81;05-Sep-2020;17;1142
UKM81;06-Sep-2020;15;1157
UKM81;07-Sep-2020;9;1166
UKM81;08-Sep-2020;8;1174
UKM81;09-Sep-2020;15;1189
UKM81;10-Sep-2020;16;1205
UKM81;11-Sep-2020;23;1228
UKM81;12-Sep-2020;16;1244
UKM81;13-Sep-2020;12;1256
UKM81;14-Sep-2020;15;1271
UKM81;15-Sep-2020;20;1291
UKM81;16-Sep-2020;18;1309
UKM81;17-Sep-2020;10;1319
UKM81;18-Sep-2020;7;1326
UKM81;19-Sep-2020;14;1340
UKM81;20-Sep-2020;19;1359
UKM81;21-Sep-2020;9;1368
UKM81;22-Sep-2020;20;1388
UKM81;23-Sep-2020;22;1410
UKM81;24-Sep-2020;15;1425
UKM81;25-Sep-2020;16;1441
UKM81;26-Sep-2020;18;1459
UKM81;27-Sep-2020;18;1477
UKM81;28-Sep-2020;19;1496
UKM81;29-Sep-2020;21;1517
UKM81;30-Sep-2020;21;1538
UKM81;01-Oct-2020;31;1569
UKM81;02-Oct-2020;38;1607
UKM81;03-Oct-2020;21;1628
UKM81;04-Oct-2020;38;1666
UKM81;05-Oct-2020;61;1727
UKM81;06-Oct-2020;52;1779
UKM81;07-Oct-2020;63;1842
UKM81;08-Oct-2020;57;1899
UKM81;09-Oct-2020;42;1941
UKM81;10-Oct-2020;50;1991
UKM81;11-Oct-2020;32;2023
UKM81;12-Oct-2020;74;2097
UKM81;13-Oct-2020;76;2173
UKM81;14-Oct-2020;66;2239
UKM81;15-Oct-2020;66;2305
UKM81;16-Oct-2020;75;2380
UKM81;17-Oct-2020;44;2424
UKM81;18-Oct-2020;41;2465
UKM81;19-Oct-2020;73;2538
UKM81;20-Oct-2020;83;2621
UKM81;21-Oct-2020;79;2700
UKM81;22-Oct-2020;67;2767
UKM81;23-Oct-2020;52;2819
UKM81;24-Oct-2020;56;2875
UKM81;25-Oct-2020;44;2919
UKM81;26-Oct-2020;84;3003
UKM81;27-Oct-2020;69;3072
UKM81;28-Oct-2020;67;3139
UKM81;29-Oct-2020;53;3192
UKM81;30-Oct-2020;76;3268
UKM81;31-Oct-2020;50;3318
UKM81;01-Nov-2020;37;3355
UKM81;02-Nov-2020;101;3456
UKM81;03-Nov-2020;65;3521
UKM81;04-Nov-2020;68;3589
UKM81;05-Nov-2020;53;3642
UKM81;06-Nov-2020;60;3702
UKM81;07-Nov-2020;35;3737
UKM81;08-Nov-2020;47;3784
UKM81;09-Nov-2020;86;3870
UKM81;10-Nov-2020;68;3938
UKM81;11-Nov-2020;57;3995
UKM81;12-Nov-2020;56;4051
UKM81;13-Nov-2020;54;4105
UKM81;14-Nov-2020;35;4140
UKM81;15-Nov-2020;42;4182
UKM81;16-Nov-2020;60;4242
UKM81;17-Nov-2020;36;4278
UKM81;18-Nov-2020;39;4317
UKM81;19-Nov-2020;36;4353
UKM81;20-Nov-2020;44;4397
UKM81;21-Nov-2020;33;4430
UKM81;22-Nov-2020;24;4454
UKM81;23-Nov-2020;33;4487
UKM81;24-Nov-2020;34;4521
UKM81;25-Nov-2020;33;4554
UKM81;26-Nov-2020;31;4585
UKM81;27-Nov-2020;30;4615
UKM81;28-Nov-2020;27;4642
UKM81;29-Nov-2020;15;4657
UKM81;30-Nov-2020;41;4698
UKM81;01-Dec-2020;27;4725
UKM81;02-Dec-2020;19;4744
UKM81;03-Dec-2020;25;4769
UKM81;04-Dec-2020;24;4793
UKM81;05-Dec-2020;24;4817
UKM81;06-Dec-2020;16;4833
UKM81;07-Dec-2020;23;4856
UKM81;08-Dec-2020;36;4892
UKM81;09-Dec-2020;30;4922
UKM81;10-Dec-2020;24;4946
UKM81;11-Dec-2020;27;4973
UKM81;12-Dec-2020;23;4996
UKM81;13-Dec-2020;24;5020
UKM81;14-Dec-2020;32;5052
UKM81;15-Dec-2020;28;5080
UKM81;16-Dec-2020;42;5122
UKM81;17-Dec-2020;24;5146
UKM81;18-Dec-2020;39;5185
UKM81;19-Dec-2020;35;5220
UKM81;20-Dec-2020;35;5255
UKM81;21-Dec-2020;34;5289
UKM81;22-Dec-2020;46;5335
UKM81;23-Dec-2020;52;5387
UKM81;24-Dec-2020;28;5415
UKM81;25-Dec-2020;18;5433
UKM81;26-Dec-2020;41;5474
UKM81;27-Dec-2020;64;5538
UKM81;28-Dec-2020;54;5592
UKM81;29-Dec-2020;128;5720
UKM81;30-Dec-2020;84;5804
UKM81;31-Dec-2020;75;5879
UKM81;01-Jan-2121;34;5913
UKM81;02-Jan-2121;84;5997
UKM81;03-Jan-2121;70;6067
UKM81;04-Jan-2121;88;6155
UKM81;05-Jan-2121;90;6245
UKM81;06-Jan-2121;91;6336
UKM81;07-Jan-2121;101;6437
UKM81;08-Jan-2121;76;6513
UKM81;09-Jan-2121;62;6575
UKM81;10-Jan-2121;55;6630
UKM81;11-Jan-2121;85;6715
UKM81;12-Jan-2121;101;6816
UKM81;13-Jan-2121;72;6888
UKM81;14-Jan-2121;69;6957
UKM81;15-Jan-2121;56;7013
UKM81;16-Jan-2121;38;7051
UKM81;17-Jan-2121;62;7113
UKM81;18-Jan-2121;64;7177
UKM81;19-Jan-2121;94;7271
UKM81;20-Jan-2121;86;7357
UKM81;21-Jan-2121;61;7418
UKM81;22-Jan-2121;44;7462
UKM81;23-Jan-2121;33;7495
UKM81;24-Jan-2121;41;7536
UKM81;25-Jan-2121;51;7587
UKM81;26-Jan-2121;56;7643
UKM81;27-Jan-2121;54;7697
UKM81;28-Jan-2121;64;7761
UKM81;29-Jan-2121;39;7800
UKM81;30-Jan-2121;33;7833
UKM81;31-Jan-2121;45;7878
UKM81;01-Feb-2121;55;7933
UKM81;02-Feb-2121;41;7974
UKM81;03-Feb-2121;46;8020
UKM81;04-Feb-2121;43;8063
UKM81;05-Feb-2121;31;8094
UKM81;06-Feb-2121;26;8120
UKM81;07-Feb-2121;40;8160
UKM81;08-Feb-2121;18;8178
UKM82;28-Feb-2020;0;0
UKM82;29-Feb-2020;0;0
UKM82;01-Mar-2020;0;0
UKM82;02-Mar-2020;0;0
UKM82;03-Mar-2020;0;0
UKM82;04-Mar-2020;0;0
UKM82;05-Mar-2020;1;1
UKM82;06-Mar-2020;0;1
UKM82;07-Mar-2020;0;1
UKM82;08-Mar-2020;0;1
UKM82;09-Mar-2020;1;2
UKM82;10-Mar-2020;4;6
UKM82;11-Mar-2020;4;10
UKM82;12-Mar-2020;5;15
UKM82;13-Mar-2020;6;21
UKM82;14-Mar-2020;2;23
UKM82;15-Mar-2020;1;24
UKM82;16-Mar-2020;3;27
UKM82;17-Mar-2020;5;32
UKM82;18-Mar-2020;3;35
UKM82;19-Mar-2020;12;47
UKM82;20-Mar-2020;9;56
UKM82;21-Mar-2020;9;65
UKM82;22-Mar-2020;5;70
UKM82;23-Mar-2020;23;93
UKM82;24-Mar-2020;15;108
UKM82;25-Mar-2020;24;132
UKM82;26-Mar-2020;29;161
UKM82;27-Mar-2020;38;199
UKM82;28-Mar-2020;30;229
UKM82;29-Mar-2020;27;256
UKM82;30-Mar-2020;37;293
UKM82;31-Mar-2020;42;335
UKM82;01-Apr-2020;46;381
UKM82;02-Apr-2020;43;424
UKM82;03-Apr-2020;45;469
UKM82;04-Apr-2020;45;514
UKM82;05-Apr-2020;34;548
UKM82;06-Apr-2020;40;588
UKM82;07-Apr-2020;56;644
UKM82;08-Apr-2020;41;685
UKM82;09-Apr-2020;44;729
UKM82;10-Apr-2020;45;774
UKM82;11-Apr-2020;25;799
UKM82;12-Apr-2020;34;833
UKM82;13-Apr-2020;42;875
UKM82;14-Apr-2020;47;922
UKM82;15-Apr-2020;31;953
UKM82;16-Apr-2020;54;1007
UKM82;17-Apr-2020;38;1045
UKM82;18-Apr-2020;42;1087
UKM82;19-Apr-2020;22;1109
UKM82;20-Apr-2020;94;1203
UKM82;21-Apr-2020;50;1253
UKM82;22-Apr-2020;41;1294
UKM82;23-Apr-2020;47;1341
UKM82;24-Apr-2020;46;1387
UKM82;25-Apr-2020;30;1417
UKM82;26-Apr-2020;22;1439
UKM82;27-Apr-2020;39;1478
UKM82;28-Apr-2020;70;1548
UKM82;29-Apr-2020;61;1609
UKM82;30-Apr-2020;62;1671
UKM82;01-May-2020;74;1745
UKM82;02-May-2020;36;1781
UKM82;03-May-2020;30;1811
UKM82;04-May-2020;57;1868
UKM82;05-May-2020;54;1922
UKM82;06-May-2020;51;1973
UKM82;07-May-2020;60;2033
UKM82;08-May-2020;43;2076
UKM82;09-May-2020;15;2091
UKM82;10-May-2020;12;2103
UKM82;11-May-2020;39;2142
UKM82;12-May-2020;30;2172
UKM82;13-May-2020;24;2196
UKM82;14-May-2020;16;2212
UKM82;15-May-2020;21;2233
UKM82;16-May-2020;15;2248
UKM82;17-May-2020;7;2255
UKM82;18-May-2020;18;2273
UKM82;19-May-2020;23;2296
UKM82;20-May-2020;9;2305
UKM82;21-May-2020;10;2315
UKM82;22-May-2020;21;2336
UKM82;23-May-2020;4;2340
UKM82;24-May-2020;11;2351
UKM82;25-May-2020;22;2373
UKM82;26-May-2020;11;2384
UKM82;27-May-2020;6;2390
UKM82;28-May-2020;6;2396
UKM82;29-May-2020;3;2399
UKM82;30-May-2020;3;2402
UKM82;31-May-2020;4;2406
UKM82;01-Jun-2020;5;2411
UKM82;02-Jun-2020;3;2414
UKM82;03-Jun-2020;6;2420
UKM82;04-Jun-2020;4;2424
UKM82;05-Jun-2020;2;2426
UKM82;06-Jun-2020;7;2433
UKM82;07-Jun-2020;2;2435
UKM82;08-Jun-2020;5;2440
UKM82;09-Jun-2020;3;2443
UKM82;10-Jun-2020;4;2447
UKM82;11-Jun-2020;2;2449
UKM82;12-Jun-2020;2;2451
UKM82;13-Jun-2020;3;2454
UKM82;14-Jun-2020;3;2457
UKM82;15-Jun-2020;2;2459
UKM82;16-Jun-2020;2;2461
UKM82;17-Jun-2020;5;2466
UKM82;18-Jun-2020;1;2467
UKM82;19-Jun-2020;3;2470
UKM82;20-Jun-2020;0;2470
UKM82;21-Jun-2020;2;2472
UKM82;22-Jun-2020;2;2474
UKM82;23-Jun-2020;4;2478
UKM82;24-Jun-2020;3;2481
UKM82;25-Jun-2020;4;2485
UKM82;26-Jun-2020;0;2485
UKM82;27-Jun-2020;1;2486
UKM82;28-Jun-2020;2;2488
UKM82;29-Jun-2020;1;2489
UKM82;30-Jun-2020;2;2491
UKM82;01-Jul-2020;0;2491
UKM82;02-Jul-2020;1;2492
UKM82;03-Jul-2020;0;2492
UKM82;04-Jul-2020;0;2492
UKM82;05-Jul-2020;0;2492
UKM82;06-Jul-2020;1;2493
UKM82;07-Jul-2020;5;2498
UKM82;08-Jul-2020;2;2500
UKM82;09-Jul-2020;0;2500
UKM82;10-Jul-2020;8;2508
UKM82;11-Jul-2020;4;2512
UKM82;12-Jul-2020;0;2512
UKM82;13-Jul-2020;3;2515
UKM82;14-Jul-2020;1;2516
UKM82;15-Jul-2020;5;2521
UKM82;16-Jul-2020;1;2522
UKM82;17-Jul-2020;1;2523
UKM82;18-Jul-2020;0;2523
UKM82;19-Jul-2020;1;2524
UKM82;20-Jul-2020;1;2525
UKM82;21-Jul-2020;5;2530
UKM82;22-Jul-2020;9;2539
UKM82;23-Jul-2020;5;2544
UKM82;24-Jul-2020;5;2549
UKM82;25-Jul-2020;0;2549
UKM82;26-Jul-2020;3;2552
UKM82;27-Jul-2020;2;2554
UKM82;28-Jul-2020;4;2558
UKM82;29-Jul-2020;4;2562
UKM82;30-Jul-2020;1;2563
UKM82;31-Jul-2020;3;2566
UKM82;01-Aug-2020;4;2570
UKM82;02-Aug-2020;0;2570
UKM82;03-Aug-2020;5;2575
UKM82;04-Aug-2020;9;2584
UKM82;05-Aug-2020;8;2592
UKM82;06-Aug-2020;4;2596
UKM82;07-Aug-2020;2;2598
UKM82;08-Aug-2020;1;2599
UKM82;09-Aug-2020;2;2601
UKM82;10-Aug-2020;15;2616
UKM82;11-Aug-2020;11;2627
UKM82;12-Aug-2020;7;2634
UKM82;13-Aug-2020;6;2640
UKM82;14-Aug-2020;2;2642
UKM82;15-Aug-2020;2;2644
UKM82;16-Aug-2020;9;2653
UKM82;17-Aug-2020;14;2667
UKM82;18-Aug-2020;6;2673
UKM82;19-Aug-2020;13;2686
UKM82;20-Aug-2020;14;2700
UKM82;21-Aug-2020;13;2713
UKM82;22-Aug-2020;5;2718
UKM82;23-Aug-2020;3;2721
UKM82;24-Aug-2020;24;2745
UKM82;25-Aug-2020;17;2762
UKM82;26-Aug-2020;14;2776
UKM82;27-Aug-2020;20;2796
UKM82;28-Aug-2020;22;2818
UKM82;29-Aug-2020;21;2839
UKM82;30-Aug-2020;26;2865
UKM82;31-Aug-2020;50;2915
UKM82;01-Sep-2020;56;2971
UKM82;02-Sep-2020;61;3032
UKM82;03-Sep-2020;52;3084
UKM82;04-Sep-2020;45;3129
UKM82;05-Sep-2020;42;3171
UKM82;06-Sep-2020;49;3220
UKM82;07-Sep-2020;60;3280
UKM82;08-Sep-2020;20;3300
UKM82;09-Sep-2020;45;3345
UKM82;10-Sep-2020;72;3417
UKM82;11-Sep-2020;47;3464
UKM82;12-Sep-2020;48;3512
UKM82;13-Sep-2020;42;3554
UKM82;14-Sep-2020;54;3608
UKM82;15-Sep-2020;53;3661
UKM82;16-Sep-2020;56;3717
UKM82;17-Sep-2020;46;3763
UKM82;18-Sep-2020;57;3820
UKM82;19-Sep-2020;67;3887
UKM82;20-Sep-2020;124;4011
UKM82;21-Sep-2020;156;4167
UKM82;22-Sep-2020;171;4338
UKM82;23-Sep-2020;228;4566
UKM82;24-Sep-2020;255;4821
UKM82;25-Sep-2020;175;4996
UKM82;26-Sep-2020;139;5135
UKM82;27-Sep-2020;94;5229
UKM82;28-Sep-2020;150;5379
UKM82;29-Sep-2020;195;5574
UKM82;30-Sep-2020;236;5810
UKM82;01-Oct-2020;226;6036
UKM82;02-Oct-2020;202;6238
UKM82;03-Oct-2020;175;6413
UKM82;04-Oct-2020;184;6597
UKM82;05-Oct-2020;256;6853
UKM82;06-Oct-2020;315;7168
UKM82;07-Oct-2020;328;7496
UKM82;08-Oct-2020;266;7762
UKM82;09-Oct-2020;242;8004
UKM82;10-Oct-2020;203;8207
UKM82;11-Oct-2020;205;8412
UKM82;12-Oct-2020;327;8739
UKM82;13-Oct-2020;282;9021
UKM82;14-Oct-2020;284;9305
UKM82;15-Oct-2020;274;9579
UKM82;16-Oct-2020;277;9856
UKM82;17-Oct-2020;164;10020
UKM82;18-Oct-2020;186;10206
UKM82;19-Oct-2020;300;10506
UKM82;20-Oct-2020;374;10880
UKM82;21-Oct-2020;363;11243
UKM82;22-Oct-2020;343;11586
UKM82;23-Oct-2020;290;11876
UKM82;24-Oct-2020;227;12103
UKM82;25-Oct-2020;198;12301
UKM82;26-Oct-2020;323;12624
UKM82;27-Oct-2020;317;12941
UKM82;28-Oct-2020;288;13229
UKM82;29-Oct-2020;257;13486
UKM82;30-Oct-2020;264;13750
UKM82;31-Oct-2020;151;13901
UKM82;01-Nov-2020;232;14133
UKM82;02-Nov-2020;387;14520
UKM82;03-Nov-2020;329;14849
UKM82;04-Nov-2020;316;15165
UKM82;05-Nov-2020;302;15467
UKM82;06-Nov-2020;260;15727
UKM82;07-Nov-2020;198;15925
UKM82;08-Nov-2020;194;16119
UKM82;09-Nov-2020;312;16431
UKM82;10-Nov-2020;286;16717
UKM82;11-Nov-2020;251;16968
UKM82;12-Nov-2020;284;17252
UKM82;13-Nov-2020;254;17506
UKM82;14-Nov-2020;178;17684
UKM82;15-Nov-2020;153;17837
UKM82;16-Nov-2020;232;18069
UKM82;17-Nov-2020;242;18311
UKM82;18-Nov-2020;224;18535
UKM82;19-Nov-2020;193;18728
UKM82;20-Nov-2020;162;18890
UKM82;21-Nov-2020;151;19041
UKM82;22-Nov-2020;146;19187
UKM82;23-Nov-2020;212;19399
UKM82;24-Nov-2020;168;19567
UKM82;25-Nov-2020;162;19729
UKM82;26-Nov-2020;143;19872
UKM82;27-Nov-2020;113;19985
UKM82;28-Nov-2020;101;20086
UKM82;29-Nov-2020;107;20193
UKM82;30-Nov-2020;174;20367
UKM82;01-Dec-2020;163;20530
UKM82;02-Dec-2020;181;20711
UKM82;03-Dec-2020;134;20845
UKM82;04-Dec-2020;117;20962
UKM82;05-Dec-2020;119;21081
UKM82;06-Dec-2020;114;21195
UKM82;07-Dec-2020;138;21333
UKM82;08-Dec-2020;163;21496
UKM82;09-Dec-2020;136;21632
UKM82;10-Dec-2020;142;21774
UKM82;11-Dec-2020;139;21913
UKM82;12-Dec-2020;110;22023
UKM82;13-Dec-2020;99;22122
UKM82;14-Dec-2020;160;22282
UKM82;15-Dec-2020;133;22415
UKM82;16-Dec-2020;153;22568
UKM82;17-Dec-2020;135;22703
UKM82;18-Dec-2020;147;22850
UKM82;19-Dec-2020;107;22957
UKM82;20-Dec-2020;119;23076
UKM82;21-Dec-2020;184;23260
UKM82;22-Dec-2020;163;23423
UKM82;23-Dec-2020;197;23620
UKM82;24-Dec-2020;166;23786
UKM82;25-Dec-2020;100;23886
UKM82;26-Dec-2020;155;24041
UKM82;27-Dec-2020;260;24301
UKM82;28-Dec-2020;247;24548
UKM82;29-Dec-2020;405;24953
UKM82;30-Dec-2020;403;25356
UKM82;31-Dec-2020;307;25663
UKM82;01-Jan-2121;138;25801
UKM82;02-Jan-2121;263;26064
UKM82;03-Jan-2121;327;26391
UKM82;04-Jan-2121;359;26750
UKM82;05-Jan-2121;488;27238
UKM82;06-Jan-2121;415;27653
UKM82;07-Jan-2121;325;27978
UKM82;08-Jan-2121;337;28315
UKM82;09-Jan-2121;295;28610
UKM82;10-Jan-2121;294;28904
UKM82;11-Jan-2121;375;29279
UKM82;12-Jan-2121;332;29611
UKM82;13-Jan-2121;280;29891
UKM82;14-Jan-2121;253;30144
UKM82;15-Jan-2121;308;30452
UKM82;16-Jan-2121;222;30674
UKM82;17-Jan-2121;196;30870
UKM82;18-Jan-2121;280;31150
UKM82;19-Jan-2121;258;31408
UKM82;20-Jan-2121;274;31682
UKM82;21-Jan-2121;221;31903
UKM82;22-Jan-2121;248;32151
UKM82;23-Jan-2121;155;32306
UKM82;24-Jan-2121;183;32489
UKM82;25-Jan-2121;235;32724
UKM82;26-Jan-2121;186;32910
UKM82;27-Jan-2121;187;33097
UKM82;28-Jan-2121;222;33319
UKM82;29-Jan-2121;162;33481
UKM82;30-Jan-2121;138;33619
UKM82;31-Jan-2121;137;33756
UKM82;01-Feb-2121;199;33955
UKM82;02-Feb-2121;158;34113
UKM82;03-Feb-2121;160;34273
UKM82;04-Feb-2121;158;34431
UKM82;05-Feb-2121;126;34557
UKM82;06-Feb-2121;131;34688
UKM82;07-Feb-2121;104;34792
UKM82;08-Feb-2121;60;34852
UKM83;28-Feb-2020;0;0
UKM83;29-Feb-2020;0;0
UKM83;01-Mar-2020;0;0
UKM83;02-Mar-2020;0;0
UKM83;03-Mar-2020;0;0
UKM83;04-Mar-2020;0;0
UKM83;05-Mar-2020;0;0
UKM83;06-Mar-2020;1;1
UKM83;07-Mar-2020;0;1
UKM83;08-Mar-2020;0;1
UKM83;09-Mar-2020;1;2
UKM83;10-Mar-2020;1;3
UKM83;11-Mar-2020;3;6
UKM83;12-Mar-2020;2;8
UKM83;13-Mar-2020;3;11
UKM83;14-Mar-2020;2;13
UKM83;15-Mar-2020;0;13
UKM83;16-Mar-2020;2;15
UKM83;17-Mar-2020;4;19
UKM83;18-Mar-2020;1;20
UKM83;19-Mar-2020;5;25
UKM83;20-Mar-2020;12;37
UKM83;21-Mar-2020;11;48
UKM83;22-Mar-2020;11;59
UKM83;23-Mar-2020;14;73
UKM83;24-Mar-2020;11;84
UKM83;25-Mar-2020;13;97
UKM83;26-Mar-2020;22;119
UKM83;27-Mar-2020;18;137
UKM83;28-Mar-2020;18;155
UKM83;29-Mar-2020;14;169
UKM83;30-Mar-2020;25;194
UKM83;31-Mar-2020;23;217
UKM83;01-Apr-2020;27;244
UKM83;02-Apr-2020;34;278
UKM83;03-Apr-2020;23;301
UKM83;04-Apr-2020;17;318
UKM83;05-Apr-2020;22;340
UKM83;06-Apr-2020;32;372
UKM83;07-Apr-2020;33;405
UKM83;08-Apr-2020;21;426
UKM83;09-Apr-2020;11;437
UKM83;10-Apr-2020;18;455
UKM83;11-Apr-2020;14;469
UKM83;12-Apr-2020;18;487
UKM83;13-Apr-2020;16;503
UKM83;14-Apr-2020;24;527
UKM83;15-Apr-2020;23;550
UKM83;16-Apr-2020;22;572
UKM83;17-Apr-2020;26;598
UKM83;18-Apr-2020;20;618
UKM83;19-Apr-2020;15;633
UKM83;20-Apr-2020;52;685
UKM83;21-Apr-2020;24;709
UKM83;22-Apr-2020;20;729
UKM83;23-Apr-2020;22;751
UKM83;24-Apr-2020;24;775
UKM83;25-Apr-2020;12;787
UKM83;26-Apr-2020;12;799
UKM83;27-Apr-2020;31;830
UKM83;28-Apr-2020;26;856
UKM83;29-Apr-2020;41;897
UKM83;30-Apr-2020;22;919
UKM83;01-May-2020;34;953
UKM83;02-May-2020;12;965
UKM83;03-May-2020;17;982
UKM83;04-May-2020;49;1031
UKM83;05-May-2020;27;1058
UKM83;06-May-2020;14;1072
UKM83;07-May-2020;38;1110
UKM83;08-May-2020;22;1132
UKM83;09-May-2020;20;1152
UKM83;10-May-2020;16;1168
UKM83;11-May-2020;28;1196
UKM83;12-May-2020;21;1217
UKM83;13-May-2020;16;1233
UKM83;14-May-2020;9;1242
UKM83;15-May-2020;14;1256
UKM83;16-May-2020;16;1272
UKM83;17-May-2020;8;1280
UKM83;18-May-2020;16;1296
UKM83;19-May-2020;8;1304
UKM83;20-May-2020;8;1312
UKM83;21-May-2020;13;1325
UKM83;22-May-2020;6;1331
UKM83;23-May-2020;3;1334
UKM83;24-May-2020;0;1334
UKM83;25-May-2020;8;1342
UKM83;26-May-2020;2;1344
UKM83;27-May-2020;7;1351
UKM83;28-May-2020;3;1354
UKM83;29-May-2020;1;1355
UKM83;30-May-2020;1;1356
UKM83;31-May-2020;0;1356
UKM83;01-Jun-2020;1;1357
UKM83;02-Jun-2020;2;1359
UKM83;03-Jun-2020;1;1360
UKM83;04-Jun-2020;5;1365
UKM83;05-Jun-2020;0;1365
UKM83;06-Jun-2020;1;1366
UKM83;07-Jun-2020;0;1366
UKM83;08-Jun-2020;1;1367
UKM83;09-Jun-2020;2;1369
UKM83;10-Jun-2020;1;1370
UKM83;11-Jun-2020;1;1371
UKM83;12-Jun-2020;4;1375
UKM83;13-Jun-2020;2;1377
UKM83;14-Jun-2020;1;1378
UKM83;15-Jun-2020;0;1378
UKM83;16-Jun-2020;1;1379
UKM83;17-Jun-2020;1;1380
UKM83;18-Jun-2020;1;1381
UKM83;19-Jun-2020;2;1383
UKM83;20-Jun-2020;1;1384
UKM83;21-Jun-2020;1;1385
UKM83;22-Jun-2020;1;1386
UKM83;23-Jun-2020;1;1387
UKM83;24-Jun-2020;0;1387
UKM83;25-Jun-2020;1;1388
UKM83;26-Jun-2020;0;1388
UKM83;27-Jun-2020;1;1389
UKM83;28-Jun-2020;0;1389
UKM83;29-Jun-2020;1;1390
UKM83;30-Jun-2020;0;1390
UKM83;01-Jul-2020;0;1390
UKM83;02-Jul-2020;2;1392
UKM83;03-Jul-2020;0;1392
UKM83;04-Jul-2020;1;1393
UKM83;05-Jul-2020;0;1393
UKM83;06-Jul-2020;1;1394
UKM83;07-Jul-2020;1;1395
UKM83;08-Jul-2020;1;1396
UKM83;09-Jul-2020;0;1396
UKM83;10-Jul-2020;0;1396
UKM83;11-Jul-2020;1;1397
UKM83;12-Jul-2020;0;1397
UKM83;13-Jul-2020;4;1401
UKM83;14-Jul-2020;1;1402
UKM83;15-Jul-2020;1;1403
UKM83;16-Jul-2020;3;1406
UKM83;17-Jul-2020;3;1409
UKM83;18-Jul-2020;0;1409
UKM83;19-Jul-2020;1;1410
UKM83;20-Jul-2020;2;1412
UKM83;21-Jul-2020;1;1413
UKM83;22-Jul-2020;1;1414
UKM83;23-Jul-2020;0;1414
UKM83;24-Jul-2020;0;1414
UKM83;25-Jul-2020;0;1414
UKM83;26-Jul-2020;1;1415
UKM83;27-Jul-2020;3;1418
UKM83;28-Jul-2020;6;1424
UKM83;29-Jul-2020;2;1426
UKM83;30-Jul-2020;0;1426
UKM83;31-Jul-2020;1;1427
UKM83;01-Aug-2020;3;1430
UKM83;02-Aug-2020;1;1431
UKM83;03-Aug-2020;10;1441
UKM83;04-Aug-2020;3;1444
UKM83;05-Aug-2020;1;1445
UKM83;06-Aug-2020;2;1447
UKM83;07-Aug-2020;1;1448
UKM83;08-Aug-2020;0;1448
UKM83;09-Aug-2020;0;1448
UKM83;10-Aug-2020;0;1448
UKM83;11-Aug-2020;2;1450
UKM83;12-Aug-2020;1;1451
UKM83;13-Aug-2020;1;1452
UKM83;14-Aug-2020;2;1454
UKM83;15-Aug-2020;2;1456
UKM83;16-Aug-2020;2;1458
UKM83;17-Aug-2020;2;1460
UKM83;18-Aug-2020;9;1469
UKM83;19-Aug-2020;4;1473
UKM83;20-Aug-2020;5;1478
UKM83;21-Aug-2020;3;1481
UKM83;22-Aug-2020;3;1484
UKM83;23-Aug-2020;5;1489
UKM83;24-Aug-2020;3;1492
UKM83;25-Aug-2020;3;1495
UKM83;26-Aug-2020;4;1499
UKM83;27-Aug-2020;3;1502
UKM83;28-Aug-2020;19;1521
UKM83;29-Aug-2020;10;1531
UKM83;30-Aug-2020;13;1544
UKM83;31-Aug-2020;11;1555
UKM83;01-Sep-2020;17;1572
UKM83;02-Sep-2020;18;1590
UKM83;03-Sep-2020;18;1608
UKM83;04-Sep-2020;17;1625
UKM83;05-Sep-2020;18;1643
UKM83;06-Sep-2020;12;1655
UKM83;07-Sep-2020;22;1677
UKM83;08-Sep-2020;12;1689
UKM83;09-Sep-2020;22;1711
UKM83;10-Sep-2020;21;1732
UKM83;11-Sep-2020;19;1751
UKM83;12-Sep-2020;22;1773
UKM83;13-Sep-2020;15;1788
UKM83;14-Sep-2020;12;1800
UKM83;15-Sep-2020;13;1813
UKM83;16-Sep-2020;19;1832
UKM83;17-Sep-2020;16;1848
UKM83;18-Sep-2020;16;1864
UKM83;19-Sep-2020;11;1875
UKM83;20-Sep-2020;20;1895
UKM83;21-Sep-2020;19;1914
UKM83;22-Sep-2020;33;1947
UKM83;23-Sep-2020;30;1977
UKM83;24-Sep-2020;30;2007
UKM83;25-Sep-2020;16;2023
UKM83;26-Sep-2020;27;2050
UKM83;27-Sep-2020;13;2063
UKM83;28-Sep-2020;35;2098
UKM83;29-Sep-2020;45;2143
UKM83;30-Sep-2020;63;2206
UKM83;01-Oct-2020;47;2253
UKM83;02-Oct-2020;56;2309
UKM83;03-Oct-2020;39;2348
UKM83;04-Oct-2020;59;2407
UKM83;05-Oct-2020;81;2488
UKM83;06-Oct-2020;100;2588
UKM83;07-Oct-2020;87;2675
UKM83;08-Oct-2020;88;2763
UKM83;09-Oct-2020;88;2851
UKM83;10-Oct-2020;75;2926
UKM83;11-Oct-2020;57;2983
UKM83;12-Oct-2020;99;3082
UKM83;13-Oct-2020;109;3191
UKM83;14-Oct-2020;102;3293
UKM83;15-Oct-2020;115;3408
UKM83;16-Oct-2020;121;3529
UKM83;17-Oct-2020;63;3592
UKM83;18-Oct-2020;72;3664
UKM83;19-Oct-2020;102;3766
UKM83;20-Oct-2020;115;3881
UKM83;21-Oct-2020;120;4001
UKM83;22-Oct-2020;120;4121
UKM83;23-Oct-2020;105;4226
UKM83;24-Oct-2020;74;4300
UKM83;25-Oct-2020;77;4377
UKM83;26-Oct-2020;121;4498
UKM83;27-Oct-2020;102;4600
UKM83;28-Oct-2020;113;4713
UKM83;29-Oct-2020;90;4803
UKM83;30-Oct-2020;76;4879
UKM83;31-Oct-2020;71;4950
UKM83;01-Nov-2020;132;5082
UKM83;02-Nov-2020;119;5201
UKM83;03-Nov-2020;133;5334
UKM83;04-Nov-2020;130;5464
UKM83;05-Nov-2020;147;5611
UKM83;06-Nov-2020;136;5747
UKM83;07-Nov-2020;75;5822
UKM83;08-Nov-2020;78;5900
UKM83;09-Nov-2020;128;6028
UKM83;10-Nov-2020;122;6150
UKM83;11-Nov-2020;119;6269
UKM83;12-Nov-2020;87;6356
UKM83;13-Nov-2020;97;6453
UKM83;14-Nov-2020;73;6526
UKM83;15-Nov-2020;83;6609
UKM83;16-Nov-2020;112;6721
UKM83;17-Nov-2020;168;6889
UKM83;18-Nov-2020;116;7005
UKM83;19-Nov-2020;75;7080
UKM83;20-Nov-2020;86;7166
UKM83;21-Nov-2020;92;7258
UKM83;22-Nov-2020;63;7321
UKM83;23-Nov-2020;115;7436
UKM83;24-Nov-2020;97;7533
UKM83;25-Nov-2020;100;7633
UKM83;26-Nov-2020;86;7719
UKM83;27-Nov-2020;79;7798
UKM83;28-Nov-2020;47;7845
UKM83;29-Nov-2020;57;7902
UKM83;30-Nov-2020;84;7986
UKM83;01-Dec-2020;84;8070
UKM83;02-Dec-2020;69;8139
UKM83;03-Dec-2020;64;8203
UKM83;04-Dec-2020;60;8263
UKM83;05-Dec-2020;44;8307
UKM83;06-Dec-2020;35;8342
UKM83;07-Dec-2020;69;8411
UKM83;08-Dec-2020;63;8474
UKM83;09-Dec-2020;83;8557
UKM83;10-Dec-2020;53;8610
UKM83;11-Dec-2020;64;8674
UKM83;12-Dec-2020;40;8714
UKM83;13-Dec-2020;42;8756
UKM83;14-Dec-2020;68;8824
UKM83;15-Dec-2020;69;8893
UKM83;16-Dec-2020;90;8983
UKM83;17-Dec-2020;48;9031
UKM83;18-Dec-2020;57;9088
UKM83;19-Dec-2020;50;9138
UKM83;20-Dec-2020;54;9192
UKM83;21-Dec-2020;138;9330
UKM83;22-Dec-2020;115;9445
UKM83;23-Dec-2020;122;9567
UKM83;24-Dec-2020;67;9634
UKM83;25-Dec-2020;50;9684
UKM83;26-Dec-2020;94;9778
UKM83;27-Dec-2020;161;9939
UKM83;28-Dec-2020;178;10117
UKM83;29-Dec-2020;340;10457
UKM83;30-Dec-2020;322;10779
UKM83;31-Dec-2020;249;11028
UKM83;01-Jan-2121;106;11134
UKM83;02-Jan-2121;202;11336
UKM83;03-Jan-2121;184;11520
UKM83;04-Jan-2121;197;11717
UKM83;05-Jan-2121;279;11996
UKM83;06-Jan-2121;217;12213
UKM83;07-Jan-2121;198;12411
UKM83;08-Jan-2121;132;12543
UKM83;09-Jan-2121;121;12664
UKM83;10-Jan-2121;120;12784
UKM83;11-Jan-2121;162;12946
UKM83;12-Jan-2121;139;13085
UKM83;13-Jan-2121;144;13229
UKM83;14-Jan-2121;136;13365
UKM83;15-Jan-2121;113;13478
UKM83;16-Jan-2121;100;13578
UKM83;17-Jan-2121;113;13691
UKM83;18-Jan-2121;151;13842
UKM83;19-Jan-2121;137;13979
UKM83;20-Jan-2121;114;14093
UKM83;21-Jan-2121;68;14161
UKM83;22-Jan-2121;109;14270
UKM83;23-Jan-2121;63;14333
UKM83;24-Jan-2121;68;14401
UKM83;25-Jan-2121;96;14497
UKM83;26-Jan-2121;97;14594
UKM83;27-Jan-2121;89;14683
UKM83;28-Jan-2121;87;14770
UKM83;29-Jan-2121;82;14852
UKM83;30-Jan-2121;73;14925
UKM83;31-Jan-2121;66;14991
UKM83;01-Feb-2121;112;15103
UKM83;02-Feb-2121;74;15177
UKM83;03-Feb-2121;91;15268
UKM83;04-Feb-2121;61;15329
UKM83;05-Feb-2121;58;15387
UKM83;06-Feb-2121;46;15433
UKM83;07-Feb-2121;44;15477
UKM83;08-Feb-2121;45;15522
UKM84;28-Feb-2020;0;2
UKM84;29-Feb-2020;0;2
UKM84;01-Mar-2020;0;2
UKM84;02-Mar-2020;0;2
UKM84;03-Mar-2020;0;2
UKM84;04-Mar-2020;0;2
UKM84;05-Mar-2020;1;3
UKM84;06-Mar-2020;0;3
UKM84;07-Mar-2020;1;4
UKM84;08-Mar-2020;0;4
UKM84;09-Mar-2020;0;4
UKM84;10-Mar-2020;1;5
UKM84;11-Mar-2020;4;9
UKM84;12-Mar-2020;0;9
UKM84;13-Mar-2020;5;14
UKM84;14-Mar-2020;2;16
UKM84;15-Mar-2020;0;16
UKM84;16-Mar-2020;4;20
UKM84;17-Mar-2020;6;26
UKM84;18-Mar-2020;5;31
UKM84;19-Mar-2020;4;35
UKM84;20-Mar-2020;1;36
UKM84;21-Mar-2020;3;39
UKM84;22-Mar-2020;2;41
UKM84;23-Mar-2020;7;48
UKM84;24-Mar-2020;6;54
UKM84;25-Mar-2020;11;65
UKM84;26-Mar-2020;12;77
UKM84;27-Mar-2020;15;92
UKM84;28-Mar-2020;9;101
UKM84;29-Mar-2020;14;115
UKM84;30-Mar-2020;21;136
UKM84;31-Mar-2020;19;155
UKM84;01-Apr-2020;23;178
UKM84;02-Apr-2020;21;199
UKM84;03-Apr-2020;38;237
UKM84;04-Apr-2020;17;254
UKM84;05-Apr-2020;17;271
UKM84;06-Apr-2020;15;286
UKM84;07-Apr-2020;20;306
UKM84;08-Apr-2020;25;331
UKM84;09-Apr-2020;28;359
UKM84;10-Apr-2020;22;381
UKM84;11-Apr-2020;21;402
UKM84;12-Apr-2020;21;423
UKM84;13-Apr-2020;20;443
UKM84;14-Apr-2020;16;459
UKM84;15-Apr-2020;25;484
UKM84;16-Apr-2020;20;504
UKM84;17-Apr-2020;14;518
UKM84;18-Apr-2020;13;531
UKM84;19-Apr-2020;9;540
UKM84;20-Apr-2020;103;643
UKM84;21-Apr-2020;27;670
UKM84;22-Apr-2020;20;690
UKM84;23-Apr-2020;20;710
UKM84;24-Apr-2020;15;725
UKM84;25-Apr-2020;11;736
UKM84;26-Apr-2020;14;750
UKM84;27-Apr-2020;27;777
UKM84;28-Apr-2020;27;804
UKM84;29-Apr-2020;42;846
UKM84;30-Apr-2020;28;874
UKM84;01-May-2020;33;907
UKM84;02-May-2020;19;926
UKM84;03-May-2020;14;940
UKM84;04-May-2020;12;952
UKM84;05-May-2020;28;980
UKM84;06-May-2020;21;1001
UKM84;07-May-2020;15;1016
UKM84;08-May-2020;17;1033
UKM84;09-May-2020;13;1046
UKM84;10-May-2020;9;1055
UKM84;11-May-2020;30;1085
UKM84;12-May-2020;16;1101
UKM84;13-May-2020;13;1114
UKM84;14-May-2020;26;1140
UKM84;15-May-2020;12;1152
UKM84;16-May-2020;8;1160
UKM84;17-May-2020;6;1166
UKM84;18-May-2020;17;1183
UKM84;19-May-2020;27;1210
UKM84;20-May-2020;10;1220
UKM84;21-May-2020;13;1233
UKM84;22-May-2020;9;1242
UKM84;23-May-2020;7;1249
UKM84;24-May-2020;11;1260
UKM84;25-May-2020;9;1269
UKM84;26-May-2020;5;1274
UKM84;27-May-2020;11;1285
UKM84;28-May-2020;6;1291
UKM84;29-May-2020;1;1292
UKM84;30-May-2020;4;1296
UKM84;31-May-2020;4;1300
UKM84;01-Jun-2020;4;1304
UKM84;02-Jun-2020;3;1307
UKM84;03-Jun-2020;9;1316
UKM84;04-Jun-2020;1;1317
UKM84;05-Jun-2020;4;1321
UKM84;06-Jun-2020;2;1323
UKM84;07-Jun-2020;2;1325
UKM84;08-Jun-2020;3;1328
UKM84;09-Jun-2020;1;1329
UKM84;10-Jun-2020;5;1334
UKM84;11-Jun-2020;0;1334
UKM84;12-Jun-2020;3;1337
UKM84;13-Jun-2020;0;1337
UKM84;14-Jun-2020;1;1338
UKM84;15-Jun-2020;1;1339
UKM84;16-Jun-2020;3;1342
UKM84;17-Jun-2020;4;1346
UKM84;18-Jun-2020;0;1346
UKM84;19-Jun-2020;5;1351
UKM84;20-Jun-2020;1;1352
UKM84;21-Jun-2020;1;1353
UKM84;22-Jun-2020;0;1353
UKM84;23-Jun-2020;1;1354
UKM84;24-Jun-2020;0;1354
UKM84;25-Jun-2020;1;1355
UKM84;26-Jun-2020;0;1355
UKM84;27-Jun-2020;0;1355
UKM84;28-Jun-2020;0;1355
UKM84;29-Jun-2020;0;1355
UKM84;30-Jun-2020;0;1355
UKM84;01-Jul-2020;2;1357
UKM84;02-Jul-2020;0;1357
UKM84;03-Jul-2020;1;1358
UKM84;04-Jul-2020;0;1358
UKM84;05-Jul-2020;0;1358
UKM84;06-Jul-2020;0;1358
UKM84;07-Jul-2020;0;1358
UKM84;08-Jul-2020;2;1360
UKM84;09-Jul-2020;1;1361
UKM84;10-Jul-2020;0;1361
UKM84;11-Jul-2020;2;1363
UKM84;12-Jul-2020;0;1363
UKM84;13-Jul-2020;2;1365
UKM84;14-Jul-2020;0;1365
UKM84;15-Jul-2020;1;1366
UKM84;16-Jul-2020;0;1366
UKM84;17-Jul-2020;0;1366
UKM84;18-Jul-2020;1;1367
UKM84;19-Jul-2020;8;1375
UKM84;20-Jul-2020;7;1382
UKM84;21-Jul-2020;2;1384
UKM84;22-Jul-2020;0;1384
UKM84;23-Jul-2020;1;1385
UKM84;24-Jul-2020;5;1390
UKM84;25-Jul-2020;1;1391
UKM84;26-Jul-2020;0;1391
UKM84;27-Jul-2020;0;1391
UKM84;28-Jul-2020;0;1391
UKM84;29-Jul-2020;2;1393
UKM84;30-Jul-2020;1;1394
UKM84;31-Jul-2020;1;1395
UKM84;01-Aug-2020;0;1395
UKM84;02-Aug-2020;0;1395
UKM84;03-Aug-2020;0;1395
UKM84;04-Aug-2020;1;1396
UKM84;05-Aug-2020;2;1398
UKM84;06-Aug-2020;2;1400
UKM84;07-Aug-2020;1;1401
UKM84;08-Aug-2020;0;1401
UKM84;09-Aug-2020;0;1401
UKM84;10-Aug-2020;2;1403
UKM84;11-Aug-2020;4;1407
UKM84;12-Aug-2020;1;1408
UKM84;13-Aug-2020;9;1417
UKM84;14-Aug-2020;7;1424
UKM84;15-Aug-2020;1;1425
UKM84;16-Aug-2020;2;1427
UKM84;17-Aug-2020;8;1435
UKM84;18-Aug-2020;3;1438
UKM84;19-Aug-2020;5;1443
UKM84;20-Aug-2020;4;1447
UKM84;21-Aug-2020;5;1452
UKM84;22-Aug-2020;1;1453
UKM84;23-Aug-2020;5;1458
UKM84;24-Aug-2020;4;1462
UKM84;25-Aug-2020;3;1465
UKM84;26-Aug-2020;5;1470
UKM84;27-Aug-2020;9;1479
UKM84;28-Aug-2020;11;1490
UKM84;29-Aug-2020;9;1499
UKM84;30-Aug-2020;12;1511
UKM84;31-Aug-2020;12;1523
UKM84;01-Sep-2020;5;1528
UKM84;02-Sep-2020;14;1542
UKM84;03-Sep-2020;13;1555
UKM84;04-Sep-2020;15;1570
UKM84;05-Sep-2020;9;1579
UKM84;06-Sep-2020;13;1592
UKM84;07-Sep-2020;9;1601
UKM84;08-Sep-2020;10;1611
UKM84;09-Sep-2020;32;1643
UKM84;10-Sep-2020;32;1675
UKM84;11-Sep-2020;33;1708
UKM84;12-Sep-2020;18;1726
UKM84;13-Sep-2020;17;1743
UKM84;14-Sep-2020;21;1764
UKM84;15-Sep-2020;25;1789
UKM84;16-Sep-2020;29;1818
UKM84;17-Sep-2020;34;1852
UKM84;18-Sep-2020;27;1879
UKM84;19-Sep-2020;29;1908
UKM84;20-Sep-2020;35;1943
UKM84;21-Sep-2020;63;2006
UKM84;22-Sep-2020;41;2047
UKM84;23-Sep-2020;32;2079
UKM84;24-Sep-2020;37;2116
UKM84;25-Sep-2020;53;2169
UKM84;26-Sep-2020;29;2198
UKM84;27-Sep-2020;31;2229
UKM84;28-Sep-2020;49;2278
UKM84;29-Sep-2020;50;2328
UKM84;30-Sep-2020;55;2383
UKM84;01-Oct-2020;67;2450
UKM84;02-Oct-2020;68;2518
UKM84;03-Oct-2020;70;2588
UKM84;04-Oct-2020;80;2668
UKM84;05-Oct-2020;113;2781
UKM84;06-Oct-2020;125;2906
UKM84;07-Oct-2020;132;3038
UKM84;08-Oct-2020;109;3147
UKM84;09-Oct-2020;100;3247
UKM84;10-Oct-2020;114;3361
UKM84;11-Oct-2020;120;3481
UKM84;12-Oct-2020;146;3627
UKM84;13-Oct-2020;182;3809
UKM84;14-Oct-2020;182;3991
UKM84;15-Oct-2020;198;4189
UKM84;16-Oct-2020;190;4379
UKM84;17-Oct-2020;125;4504
UKM84;18-Oct-2020;110;4614
UKM84;19-Oct-2020;205;4819
UKM84;20-Oct-2020;214;5033
UKM84;21-Oct-2020;212;5245
UKM84;22-Oct-2020;180;5425
UKM84;23-Oct-2020;156;5581
UKM84;24-Oct-2020;126;5707
UKM84;25-Oct-2020;100;5807
UKM84;26-Oct-2020;160;5967
UKM84;27-Oct-2020;149;6116
UKM84;28-Oct-2020;137;6253
UKM84;29-Oct-2020;130;6383
UKM84;30-Oct-2020;137;6520
UKM84;31-Oct-2020;104;6624
UKM84;01-Nov-2020;112;6736
UKM84;02-Nov-2020;174;6910
UKM84;03-Nov-2020;147;7057
UKM84;04-Nov-2020;132;7189
UKM84;05-Nov-2020;143;7332
UKM84;06-Nov-2020;126;7458
UKM84;07-Nov-2020;98;7556
UKM84;08-Nov-2020;108;7664
UKM84;09-Nov-2020;112;7776
UKM84;10-Nov-2020;159;7935
UKM84;11-Nov-2020;123;8058
UKM84;12-Nov-2020;112;8170
UKM84;13-Nov-2020;102;8272
UKM84;14-Nov-2020;100;8372
UKM84;15-Nov-2020;117;8489
UKM84;16-Nov-2020;133;8622
UKM84;17-Nov-2020;150;8772
UKM84;18-Nov-2020;111;8883
UKM84;19-Nov-2020;107;8990
UKM84;20-Nov-2020;104;9094
UKM84;21-Nov-2020;76;9170
UKM84;22-Nov-2020;60;9230
UKM84;23-Nov-2020;123;9353
UKM84;24-Nov-2020;88;9441
UKM84;25-Nov-2020;81;9522
UKM84;26-Nov-2020;100;9622
UKM84;27-Nov-2020;68;9690
UKM84;28-Nov-2020;60;9750
UKM84;29-Nov-2020;59;9809
UKM84;30-Nov-2020;77;9886
UKM84;01-Dec-2020;78;9964
UKM84;02-Dec-2020;90;10054
UKM84;03-Dec-2020;69;10123
UKM84;04-Dec-2020;74;10197
UKM84;05-Dec-2020;59;10256
UKM84;06-Dec-2020;58;10314
UKM84;07-Dec-2020;69;10383
UKM84;08-Dec-2020;72;10455
UKM84;09-Dec-2020;80;10535
UKM84;10-Dec-2020;64;10599
UKM84;11-Dec-2020;79;10678
UKM84;12-Dec-2020;47;10725
UKM84;13-Dec-2020;76;10801
UKM84;14-Dec-2020;88;10889
UKM84;15-Dec-2020;63;10952
UKM84;16-Dec-2020;68;11020
UKM84;17-Dec-2020;53;11073
UKM84;18-Dec-2020;61;11134
UKM84;19-Dec-2020;71;11205
UKM84;20-Dec-2020;59;11264
UKM84;21-Dec-2020;97;11361
UKM84;22-Dec-2020;118;11479
UKM84;23-Dec-2020;97;11576
UKM84;24-Dec-2020;81;11657
UKM84;25-Dec-2020;51;11708
UKM84;26-Dec-2020;94;11802
UKM84;27-Dec-2020;142;11944
UKM84;28-Dec-2020;160;12104
UKM84;29-Dec-2020;268;12372
UKM84;30-Dec-2020;252;12624
UKM84;31-Dec-2020;216;12840
UKM84;01-Jan-2121;124;12964
UKM84;02-Jan-2121;214;13178
UKM84;03-Jan-2121;196;13374
UKM84;04-Jan-2121;176;13550
UKM84;05-Jan-2121;259;13809
UKM84;06-Jan-2121;246;14055
UKM84;07-Jan-2121;208;14263
UKM84;08-Jan-2121;164;14427
UKM84;09-Jan-2121;158;14585
UKM84;10-Jan-2121;129;14714
UKM84;11-Jan-2121;192;14906
UKM84;12-Jan-2121;171;15077
UKM84;13-Jan-2121;158;15235
UKM84;14-Jan-2121;134;15369
UKM84;15-Jan-2121;183;15552
UKM84;16-Jan-2121;107;15659
UKM84;17-Jan-2121;100;15759
UKM84;18-Jan-2121;149;15908
UKM84;19-Jan-2121;189;16097
UKM84;20-Jan-2121;163;16260
UKM84;21-Jan-2121;130;16390
UKM84;22-Jan-2121;135;16525
UKM84;23-Jan-2121;112;16637
UKM84;24-Jan-2121;73;16710
UKM84;25-Jan-2121;153;16863
UKM84;26-Jan-2121;120;16983
UKM84;27-Jan-2121;129;17112
UKM84;28-Jan-2121;81;17193
UKM84;29-Jan-2121;103;17296
UKM84;30-Jan-2121;70;17366
UKM84;31-Jan-2121;82;17448
UKM84;01-Feb-2121;105;17553
UKM84;02-Feb-2121;102;17655
UKM84;03-Feb-2121;80;17735
UKM84;04-Feb-2121;82;17817
UKM84;05-Feb-2121;96;17913
UKM84;06-Feb-2121;88;18001
UKM84;07-Feb-2121;62;18063
UKM84;08-Feb-2121;42;18105
UKM91;28-Feb-2020;0;0
UKM91;29-Feb-2020;0;0
UKM91;01-Mar-2020;0;0
UKM91;02-Mar-2020;0;0
UKM91;03-Mar-2020;0;0
UKM91;04-Mar-2020;0;0
UKM91;05-Mar-2020;0;0
UKM91;06-Mar-2020;0;0
UKM91;07-Mar-2020;0;0
UKM91;08-Mar-2020;0;0
UKM91;09-Mar-2020;1;1
UKM91;10-Mar-2020;0;1
UKM91;11-Mar-2020;1;2
UKM91;12-Mar-2020;2;4
UKM91;13-Mar-2020;1;5
UKM91;14-Mar-2020;0;5
UKM91;15-Mar-2020;0;5
UKM91;16-Mar-2020;0;5
UKM91;17-Mar-2020;0;5
UKM91;18-Mar-2020;2;7
UKM91;19-Mar-2020;1;8
UKM91;20-Mar-2020;2;10
UKM91;21-Mar-2020;0;10
UKM91;22-Mar-2020;5;15
UKM91;23-Mar-2020;6;21
UKM91;24-Mar-2020;9;30
UKM91;25-Mar-2020;9;39
UKM91;26-Mar-2020;11;50
UKM91;27-Mar-2020;14;64
UKM91;28-Mar-2020;9;73
UKM91;29-Mar-2020;5;78
UKM91;30-Mar-2020;10;88
UKM91;31-Mar-2020;12;100
UKM91;01-Apr-2020;10;110
UKM91;02-Apr-2020;7;117
UKM91;03-Apr-2020;17;134
UKM91;04-Apr-2020;7;141
UKM91;05-Apr-2020;9;150
UKM91;06-Apr-2020;15;165
UKM91;07-Apr-2020;11;176
UKM91;08-Apr-2020;9;185
UKM91;09-Apr-2020;5;190
UKM91;10-Apr-2020;10;200
UKM91;11-Apr-2020;5;205
UKM91;12-Apr-2020;3;208
UKM91;13-Apr-2020;7;215
UKM91;14-Apr-2020;5;220
UKM91;15-Apr-2020;4;224
UKM91;16-Apr-2020;7;231
UKM91;17-Apr-2020;6;237
UKM91;18-Apr-2020;1;238
UKM91;19-Apr-2020;1;239
UKM91;20-Apr-2020;4;243
UKM91;21-Apr-2020;4;247
UKM91;22-Apr-2020;6;253
UKM91;23-Apr-2020;4;257
UKM91;24-Apr-2020;2;259
UKM91;25-Apr-2020;9;268
UKM91;26-Apr-2020;4;272
UKM91;27-Apr-2020;8;280
UKM91;28-Apr-2020;1;281
UKM91;29-Apr-2020;1;282
UKM91;30-Apr-2020;2;284
UKM91;01-May-2020;2;286
UKM91;02-May-2020;3;289
UKM91;03-May-2020;5;294
UKM91;04-May-2020;1;295
UKM91;05-May-2020;1;296
UKM91;06-May-2020;0;296
UKM91;07-May-2020;2;298
UKM91;08-May-2020;1;299
UKM91;09-May-2020;4;303
UKM91;10-May-2020;2;305
UKM91;11-May-2020;2;307
UKM91;12-May-2020;6;313
UKM91;13-May-2020;2;315
UKM91;14-May-2020;8;323
UKM91;15-May-2020;3;326
UKM91;16-May-2020;1;327
UKM91;17-May-2020;6;333
UKM91;18-May-2020;2;335
UKM91;19-May-2020;0;335
UKM91;20-May-2020;0;335
UKM91;21-May-2020;0;335
UKM91;22-May-2020;0;335
UKM91;23-May-2020;1;336
UKM91;24-May-2020;1;337
UKM91;25-May-2020;0;337
UKM91;26-May-2020;0;337
UKM91;27-May-2020;4;341
UKM91;28-May-2020;0;341
UKM91;29-May-2020;0;341
UKM91;30-May-2020;2;343
UKM91;31-May-2020;0;343
UKM91;01-Jun-2020;0;343
UKM91;02-Jun-2020;0;343
UKM91;03-Jun-2020;1;344
UKM91;04-Jun-2020;0;344
UKM91;05-Jun-2020;0;344
UKM91;06-Jun-2020;0;344
UKM91;07-Jun-2020;0;344
UKM91;08-Jun-2020;0;344
UKM91;09-Jun-2020;1;345
UKM91;10-Jun-2020;0;345
UKM91;11-Jun-2020;0;345
UKM91;12-Jun-2020;0;345
UKM91;13-Jun-2020;0;345
UKM91;14-Jun-2020;0;345
UKM91;15-Jun-2020;0;345
UKM91;16-Jun-2020;0;345
UKM91;17-Jun-2020;0;345
UKM91;18-Jun-2020;0;345
UKM91;19-Jun-2020;0;345
UKM91;20-Jun-2020;0;345
UKM91;21-Jun-2020;0;345
UKM91;22-Jun-2020;0;345
UKM91;23-Jun-2020;0;345
UKM91;24-Jun-2020;0;345
UKM91;25-Jun-2020;0;345
UKM91;26-Jun-2020;0;345
UKM91;27-Jun-2020;0;345
UKM91;28-Jun-2020;0;345
UKM91;29-Jun-2020;0;345
UKM91;30-Jun-2020;0;345
UKM91;01-Jul-2020;0;345
UKM91;02-Jul-2020;0;345
UKM91;03-Jul-2020;0;345
UKM91;04-Jul-2020;0;345
UKM91;05-Jul-2020;0;345
UKM91;06-Jul-2020;0;345
UKM91;07-Jul-2020;0;345
UKM91;08-Jul-2020;0;345
UKM91;09-Jul-2020;0;345
UKM91;10-Jul-2020;0;345
UKM91;11-Jul-2020;0;345
UKM91;12-Jul-2020;0;345
UKM91;13-Jul-2020;0;345
UKM91;14-Jul-2020;0;345
UKM91;15-Jul-2020;0;345
UKM91;16-Jul-2020;1;346
UKM91;17-Jul-2020;0;346
UKM91;18-Jul-2020;0;346
UKM91;19-Jul-2020;0;346
UKM91;20-Jul-2020;0;346
UKM91;21-Jul-2020;0;346
UKM91;22-Jul-2020;0;346
UKM91;23-Jul-2020;1;347
UKM91;24-Jul-2020;0;347
UKM91;25-Jul-2020;0;347
UKM91;26-Jul-2020;0;347
UKM91;27-Jul-2020;0;347
UKM91;28-Jul-2020;0;347
UKM91;29-Jul-2020;0;347
UKM91;30-Jul-2020;0;347
UKM91;31-Jul-2020;0;347
UKM91;01-Aug-2020;0;347
UKM91;02-Aug-2020;0;347
UKM91;03-Aug-2020;0;347
UKM91;04-Aug-2020;0;347
UKM91;05-Aug-2020;0;347
UKM91;06-Aug-2020;1;348
UKM91;07-Aug-2020;0;348
UKM91;08-Aug-2020;0;348
UKM91;09-Aug-2020;0;348
UKM91;10-Aug-2020;2;350
UKM91;11-Aug-2020;0;350
UKM91;12-Aug-2020;0;350
UKM91;13-Aug-2020;0;350
UKM91;14-Aug-2020;0;350
UKM91;15-Aug-2020;0;350
UKM91;16-Aug-2020;0;350
UKM91;17-Aug-2020;0;350
UKM91;18-Aug-2020;0;350
UKM91;19-Aug-2020;0;350
UKM91;20-Aug-2020;3;353
UKM91;21-Aug-2020;0;353
UKM91;22-Aug-2020;3;356
UKM91;23-Aug-2020;3;359
UKM91;24-Aug-2020;0;359
UKM91;25-Aug-2020;1;360
UKM91;26-Aug-2020;4;364
UKM91;27-Aug-2020;2;366
UKM91;28-Aug-2020;1;367
UKM91;29-Aug-2020;3;370
UKM91;30-Aug-2020;1;371
UKM91;31-Aug-2020;3;374
UKM91;01-Sep-2020;1;375
UKM91;02-Sep-2020;6;381
UKM91;03-Sep-2020;3;384
UKM91;04-Sep-2020;3;387
UKM91;05-Sep-2020;0;387
UKM91;06-Sep-2020;2;389
UKM91;07-Sep-2020;1;390
UKM91;08-Sep-2020;3;393
UKM91;09-Sep-2020;5;398
UKM91;10-Sep-2020;14;412
UKM91;11-Sep-2020;5;417
UKM91;12-Sep-2020;2;419
UKM91;13-Sep-2020;2;421
UKM91;14-Sep-2020;6;427
UKM91;15-Sep-2020;7;434
UKM91;16-Sep-2020;20;454
UKM91;17-Sep-2020;8;462
UKM91;18-Sep-2020;5;467
UKM91;19-Sep-2020;2;469
UKM91;20-Sep-2020;4;473
UKM91;21-Sep-2020;1;474
UKM91;22-Sep-2020;5;479
UKM91;23-Sep-2020;8;487
UKM91;24-Sep-2020;6;493
UKM91;25-Sep-2020;8;501
UKM91;26-Sep-2020;5;506
UKM91;27-Sep-2020;0;506
UKM91;28-Sep-2020;6;512
UKM91;29-Sep-2020;2;514
UKM91;30-Sep-2020;5;519
UKM91;01-Oct-2020;6;525
UKM91;02-Oct-2020;5;530
UKM91;03-Oct-2020;9;539
UKM91;04-Oct-2020;6;545
UKM91;05-Oct-2020;4;549
UKM91;06-Oct-2020;13;562
UKM91;07-Oct-2020;0;562
UKM91;08-Oct-2020;7;569
UKM91;09-Oct-2020;2;571
UKM91;10-Oct-2020;4;575
UKM91;11-Oct-2020;8;583
UKM91;12-Oct-2020;5;588
UKM91;13-Oct-2020;11;599
UKM91;14-Oct-2020;3;602
UKM91;15-Oct-2020;10;612
UKM91;16-Oct-2020;12;624
UKM91;17-Oct-2020;5;629
UKM91;18-Oct-2020;2;631
UKM91;19-Oct-2020;10;641
UKM91;20-Oct-2020;7;648
UKM91;21-Oct-2020;5;653
UKM91;22-Oct-2020;9;662
UKM91;23-Oct-2020;5;667
UKM91;24-Oct-2020;3;670
UKM91;25-Oct-2020;7;677
UKM91;26-Oct-2020;6;683
UKM91;27-Oct-2020;11;694
UKM91;28-Oct-2020;7;701
UKM91;29-Oct-2020;7;708
UKM91;30-Oct-2020;9;717
UKM91;31-Oct-2020;17;734
UKM91;01-Nov-2020;3;737
UKM91;02-Nov-2020;8;745
UKM91;03-Nov-2020;16;761
UKM91;04-Nov-2020;11;772
UKM91;05-Nov-2020;14;786
UKM91;06-Nov-2020;6;792
UKM91;07-Nov-2020;7;799
UKM91;08-Nov-2020;4;803
UKM91;09-Nov-2020;16;819
UKM91;10-Nov-2020;11;830
UKM91;11-Nov-2020;8;838
UKM91;12-Nov-2020;9;847
UKM91;13-Nov-2020;15;862
UKM91;14-Nov-2020;18;880
UKM91;15-Nov-2020;6;886
UKM91;16-Nov-2020;10;896
UKM91;17-Nov-2020;12;908
UKM91;18-Nov-2020;9;917
UKM91;19-Nov-2020;12;929
UKM91;20-Nov-2020;12;941
UKM91;21-Nov-2020;7;948
UKM91;22-Nov-2020;5;953
UKM91;23-Nov-2020;8;961
UKM91;24-Nov-2020;7;968
UKM91;25-Nov-2020;3;971
UKM91;26-Nov-2020;7;978
UKM91;27-Nov-2020;2;980
UKM91;28-Nov-2020;3;983
UKM91;29-Nov-2020;11;994
UKM91;30-Nov-2020;3;997
UKM91;01-Dec-2020;9;1006
UKM91;02-Dec-2020;7;1013
UKM91;03-Dec-2020;6;1019
UKM91;04-Dec-2020;2;1021
UKM91;05-Dec-2020;5;1026
UKM91;06-Dec-2020;11;1037
UKM91;07-Dec-2020;17;1054
UKM91;08-Dec-2020;9;1063
UKM91;09-Dec-2020;11;1074
UKM91;10-Dec-2020;18;1092
UKM91;11-Dec-2020;19;1111
UKM91;12-Dec-2020;16;1127
UKM91;13-Dec-2020;11;1138
UKM91;14-Dec-2020;26;1164
UKM91;15-Dec-2020;11;1175
UKM91;16-Dec-2020;18;1193
UKM91;17-Dec-2020;15;1208
UKM91;18-Dec-2020;19;1227
UKM91;19-Dec-2020;20;1247
UKM91;20-Dec-2020;15;1262
UKM91;21-Dec-2020;13;1275
UKM91;22-Dec-2020;18;1293
UKM91;23-Dec-2020;36;1329
UKM91;24-Dec-2020;32;1361
UKM91;25-Dec-2020;15;1376
UKM91;26-Dec-2020;21;1397
UKM91;27-Dec-2020;51;1448
UKM91;28-Dec-2020;53;1501
UKM91;29-Dec-2020;93;1594
UKM91;30-Dec-2020;60;1654
UKM91;31-Dec-2020;135;1789
UKM91;01-Jan-2121;41;1830
UKM91;02-Jan-2121;70;1900
UKM91;03-Jan-2121;56;1956
UKM91;04-Jan-2121;50;2006
UKM91;05-Jan-2121;72;2078
UKM91;06-Jan-2121;48;2126
UKM91;07-Jan-2121;26;2152
UKM91;08-Jan-2121;40;2192
UKM91;09-Jan-2121;32;2224
UKM91;10-Jan-2121;40;2264
UKM91;11-Jan-2121;35;2299
UKM91;12-Jan-2121;28;2327
UKM91;13-Jan-2121;21;2348
UKM91;14-Jan-2121;20;2368
UKM91;15-Jan-2121;14;2382
UKM91;16-Jan-2121;22;2404
UKM91;17-Jan-2121;18;2422
UKM91;18-Jan-2121;28;2450
UKM91;19-Jan-2121;24;2474
UKM91;20-Jan-2121;23;2497
UKM91;21-Jan-2121;26;2523
UKM91;22-Jan-2121;20;2543
UKM91;23-Jan-2121;11;2554
UKM91;24-Jan-2121;7;2561
UKM91;25-Jan-2121;21;2582
UKM91;26-Jan-2121;11;2593
UKM91;27-Jan-2121;17;2610
UKM91;28-Jan-2121;14;2624
UKM91;29-Jan-2121;11;2635
UKM91;30-Jan-2121;9;2644
UKM91;31-Jan-2121;13;2657
UKM91;01-Feb-2121;5;2662
UKM91;02-Feb-2121;18;2680
UKM91;03-Feb-2121;8;2688
UKM91;04-Feb-2121;11;2699
UKM91;05-Feb-2121;6;2705
UKM91;06-Feb-2121;3;2708
UKM91;07-Feb-2121;7;2715
UKM91;08-Feb-2121;0;2715
UKM92;28-Feb-2020;0;0
UKM92;29-Feb-2020;0;0
UKM92;01-Mar-2020;0;0
UKM92;02-Mar-2020;0;0
UKM92;03-Mar-2020;0;0
UKM92;04-Mar-2020;0;0
UKM92;05-Mar-2020;0;0
UKM92;06-Mar-2020;0;0
UKM92;07-Mar-2020;0;0
UKM92;08-Mar-2020;0;0
UKM92;09-Mar-2020;0;0
UKM92;10-Mar-2020;0;0
UKM92;11-Mar-2020;0;0
UKM92;12-Mar-2020;0;0
UKM92;13-Mar-2020;0;0
UKM92;14-Mar-2020;0;0
UKM92;15-Mar-2020;1;1
UKM92;16-Mar-2020;2;3
UKM92;17-Mar-2020;3;6
UKM92;18-Mar-2020;3;9
UKM92;19-Mar-2020;4;13
UKM92;20-Mar-2020;4;17
UKM92;21-Mar-2020;1;18
UKM92;22-Mar-2020;4;22
UKM92;23-Mar-2020;5;27
UKM92;24-Mar-2020;8;35
UKM92;25-Mar-2020;8;43
UKM92;26-Mar-2020;11;54
UKM92;27-Mar-2020;10;64
UKM92;28-Mar-2020;11;75
UKM92;29-Mar-2020;10;85
UKM92;30-Mar-2020;11;96
UKM92;31-Mar-2020;7;103
UKM92;01-Apr-2020;15;118
UKM92;02-Apr-2020;9;127
UKM92;03-Apr-2020;12;139
UKM92;04-Apr-2020;4;143
UKM92;05-Apr-2020;7;150
UKM92;06-Apr-2020;9;159
UKM92;07-Apr-2020;4;163
UKM92;08-Apr-2020;11;174
UKM92;09-Apr-2020;5;179
UKM92;10-Apr-2020;7;186
UKM92;11-Apr-2020;7;193
UKM92;12-Apr-2020;6;199
UKM92;13-Apr-2020;7;206
UKM92;14-Apr-2020;2;208
UKM92;15-Apr-2020;6;214
UKM92;16-Apr-2020;14;228
UKM92;17-Apr-2020;6;234
UKM92;18-Apr-2020;4;238
UKM92;19-Apr-2020;3;241
UKM92;20-Apr-2020;4;245
UKM92;21-Apr-2020;1;246
UKM92;22-Apr-2020;1;247
UKM92;23-Apr-2020;1;248
UKM92;24-Apr-2020;5;253
UKM92;25-Apr-2020;0;253
UKM92;26-Apr-2020;1;254
UKM92;27-Apr-2020;3;257
UKM92;28-Apr-2020;2;259
UKM92;29-Apr-2020;2;261
UKM92;30-Apr-2020;2;263
UKM92;01-May-2020;4;267
UKM92;02-May-2020;1;268
UKM92;03-May-2020;0;268
UKM92;04-May-2020;0;268
UKM92;05-May-2020;1;269
UKM92;06-May-2020;0;269
UKM92;07-May-2020;0;269
UKM92;08-May-2020;1;270
UKM92;09-May-2020;0;270
UKM92;10-May-2020;2;272
UKM92;11-May-2020;1;273
UKM92;12-May-2020;0;273
UKM92;13-May-2020;0;273
UKM92;14-May-2020;2;275
UKM92;15-May-2020;0;275
UKM92;16-May-2020;0;275
UKM92;17-May-2020;0;275
UKM92;18-May-2020;1;276
UKM92;19-May-2020;1;277
UKM92;20-May-2020;0;277
UKM92;21-May-2020;1;278
UKM92;22-May-2020;2;280
UKM92;23-May-2020;2;282
UKM92;24-May-2020;0;282
UKM92;25-May-2020;1;283
UKM92;26-May-2020;0;283
UKM92;27-May-2020;0;283
UKM92;28-May-2020;0;283
UKM92;29-May-2020;0;283
UKM92;30-May-2020;0;283
UKM92;31-May-2020;0;283
UKM92;01-Jun-2020;0;283
UKM92;02-Jun-2020;1;284
UKM92;03-Jun-2020;0;284
UKM92;04-Jun-2020;1;285
UKM92;05-Jun-2020;0;285
UKM92;06-Jun-2020;0;285
UKM92;07-Jun-2020;0;285
UKM92;08-Jun-2020;0;285
UKM92;09-Jun-2020;0;285
UKM92;10-Jun-2020;0;285
UKM92;11-Jun-2020;0;285
UKM92;12-Jun-2020;0;285
UKM92;13-Jun-2020;0;285
UKM92;14-Jun-2020;0;285
UKM92;15-Jun-2020;0;285
UKM92;16-Jun-2020;0;285
UKM92;17-Jun-2020;0;285
UKM92;18-Jun-2020;0;285
UKM92;19-Jun-2020;1;286
UKM92;20-Jun-2020;0;286
UKM92;21-Jun-2020;0;286
UKM92;22-Jun-2020;0;286
UKM92;23-Jun-2020;0;286
UKM92;24-Jun-2020;0;286
UKM92;25-Jun-2020;0;286
UKM92;26-Jun-2020;0;286
UKM92;27-Jun-2020;0;286
UKM92;28-Jun-2020;0;286
UKM92;29-Jun-2020;5;291
UKM92;30-Jun-2020;2;293
UKM92;01-Jul-2020;0;293
UKM92;02-Jul-2020;1;294
UKM92;03-Jul-2020;1;295
UKM92;04-Jul-2020;1;296
UKM92;05-Jul-2020;0;296
UKM92;06-Jul-2020;0;296
UKM92;07-Jul-2020;1;297
UKM92;08-Jul-2020;1;298
UKM92;09-Jul-2020;1;299
UKM92;10-Jul-2020;0;299
UKM92;11-Jul-2020;0;299
UKM92;12-Jul-2020;0;299
UKM92;13-Jul-2020;0;299
UKM92;14-Jul-2020;0;299
UKM92;15-Jul-2020;0;299
UKM92;16-Jul-2020;1;300
UKM92;17-Jul-2020;0;300
UKM92;18-Jul-2020;0;300
UKM92;19-Jul-2020;0;300
UKM92;20-Jul-2020;0;300
UKM92;21-Jul-2020;0;300
UKM92;22-Jul-2020;0;300
UKM92;23-Jul-2020;0;300
UKM92;24-Jul-2020;0;300
UKM92;25-Jul-2020;0;300
UKM92;26-Jul-2020;0;300
UKM92;27-Jul-2020;1;301
UKM92;28-Jul-2020;0;301
UKM92;29-Jul-2020;2;303
UKM92;30-Jul-2020;0;303
UKM92;31-Jul-2020;1;304
UKM92;01-Aug-2020;0;304
UKM92;02-Aug-2020;0;304
UKM92;03-Aug-2020;0;304
UKM92;04-Aug-2020;1;305
UKM92;05-Aug-2020;0;305
UKM92;06-Aug-2020;0;305
UKM92;07-Aug-2020;0;305
UKM92;08-Aug-2020;0;305
UKM92;09-Aug-2020;0;305
UKM92;10-Aug-2020;0;305
UKM92;11-Aug-2020;0;305
UKM92;12-Aug-2020;0;305
UKM92;13-Aug-2020;0;305
UKM92;14-Aug-2020;0;305
UKM92;15-Aug-2020;0;305
UKM92;16-Aug-2020;0;305
UKM92;17-Aug-2020;1;306
UKM92;18-Aug-2020;0;306
UKM92;19-Aug-2020;1;307
UKM92;20-Aug-2020;1;308
UKM92;21-Aug-2020;0;308
UKM92;22-Aug-2020;1;309
UKM92;23-Aug-2020;0;309
UKM92;24-Aug-2020;1;310
UKM92;25-Aug-2020;3;313
UKM92;26-Aug-2020;0;313
UKM92;27-Aug-2020;0;313
UKM92;28-Aug-2020;1;314
UKM92;29-Aug-2020;0;314
UKM92;30-Aug-2020;0;314
UKM92;31-Aug-2020;0;314
UKM92;01-Sep-2020;3;317
UKM92;02-Sep-2020;0;317
UKM92;03-Sep-2020;0;317
UKM92;04-Sep-2020;0;317
UKM92;05-Sep-2020;1;318
UKM92;06-Sep-2020;0;318
UKM92;07-Sep-2020;4;322
UKM92;08-Sep-2020;3;325
UKM92;09-Sep-2020;3;328
UKM92;10-Sep-2020;2;330
UKM92;11-Sep-2020;0;330
UKM92;12-Sep-2020;1;331
UKM92;13-Sep-2020;7;338
UKM92;14-Sep-2020;2;340
UKM92;15-Sep-2020;1;341
UKM92;16-Sep-2020;2;343
UKM92;17-Sep-2020;2;345
UKM92;18-Sep-2020;4;349
UKM92;19-Sep-2020;1;350
UKM92;20-Sep-2020;6;356
UKM92;21-Sep-2020;2;358
UKM92;22-Sep-2020;11;369
UKM92;23-Sep-2020;1;370
UKM92;24-Sep-2020;8;378
UKM92;25-Sep-2020;6;384
UKM92;26-Sep-2020;10;394
UKM92;27-Sep-2020;3;397
UKM92;28-Sep-2020;13;410
UKM92;29-Sep-2020;7;417
UKM92;30-Sep-2020;7;424
UKM92;01-Oct-2020;11;435
UKM92;02-Oct-2020;6;441
UKM92;03-Oct-2020;7;448
UKM92;04-Oct-2020;4;452
UKM92;05-Oct-2020;8;460
UKM92;06-Oct-2020;21;481
UKM92;07-Oct-2020;12;493
UKM92;08-Oct-2020;26;519
UKM92;09-Oct-2020;35;554
UKM92;10-Oct-2020;5;559
UKM92;11-Oct-2020;16;575
UKM92;12-Oct-2020;23;598
UKM92;13-Oct-2020;25;623
UKM92;14-Oct-2020;16;639
UKM92;15-Oct-2020;27;666
UKM92;16-Oct-2020;19;685
UKM92;17-Oct-2020;8;693
UKM92;18-Oct-2020;11;704
UKM92;19-Oct-2020;8;712
UKM92;20-Oct-2020;16;728
UKM92;21-Oct-2020;14;742
UKM92;22-Oct-2020;36;778
UKM92;23-Oct-2020;15;793
UKM92;24-Oct-2020;6;799
UKM92;25-Oct-2020;8;807
UKM92;26-Oct-2020;21;828
UKM92;27-Oct-2020;15;843
UKM92;28-Oct-2020;14;857
UKM92;29-Oct-2020;14;871
UKM92;30-Oct-2020;15;886
UKM92;31-Oct-2020;9;895
UKM92;01-Nov-2020;6;901
UKM92;02-Nov-2020;19;920
UKM92;03-Nov-2020;13;933
UKM92;04-Nov-2020;21;954
UKM92;05-Nov-2020;21;975
UKM92;06-Nov-2020;9;984
UKM92;07-Nov-2020;8;992
UKM92;08-Nov-2020;9;1001
UKM92;09-Nov-2020;17;1018
UKM92;10-Nov-2020;15;1033
UKM92;11-Nov-2020;12;1045
UKM92;12-Nov-2020;9;1054
UKM92;13-Nov-2020;6;1060
UKM92;14-Nov-2020;8;1068
UKM92;15-Nov-2020;5;1073
UKM92;16-Nov-2020;4;1077
UKM92;17-Nov-2020;7;1084
UKM92;18-Nov-2020;10;1094
UKM92;19-Nov-2020;5;1099
UKM92;20-Nov-2020;9;1108
UKM92;21-Nov-2020;5;1113
UKM92;22-Nov-2020;3;1116
UKM92;23-Nov-2020;6;1122
UKM92;24-Nov-2020;7;1129
UKM92;25-Nov-2020;5;1134
UKM92;26-Nov-2020;4;1138
UKM92;27-Nov-2020;4;1142
UKM92;28-Nov-2020;1;1143
UKM92;29-Nov-2020;3;1146
UKM92;30-Nov-2020;7;1153
UKM92;01-Dec-2020;5;1158
UKM92;02-Dec-2020;8;1166
UKM92;03-Dec-2020;6;1172
UKM92;04-Dec-2020;4;1176
UKM92;05-Dec-2020;5;1181
UKM92;06-Dec-2020;2;1183
UKM92;07-Dec-2020;8;1191
UKM92;08-Dec-2020;6;1197
UKM92;09-Dec-2020;8;1205
UKM92;10-Dec-2020;2;1207
UKM92;11-Dec-2020;4;1211
UKM92;12-Dec-2020;1;1212
UKM92;13-Dec-2020;3;1215
UKM92;14-Dec-2020;6;1221
UKM92;15-Dec-2020;15;1236
UKM92;16-Dec-2020;12;1248
UKM92;17-Dec-2020;10;1258
UKM92;18-Dec-2020;8;1266
UKM92;19-Dec-2020;9;1275
UKM92;20-Dec-2020;8;1283
UKM92;21-Dec-2020;19;1302
UKM92;22-Dec-2020;19;1321
UKM92;23-Dec-2020;18;1339
UKM92;24-Dec-2020;16;1355
UKM92;25-Dec-2020;14;1369
UKM92;26-Dec-2020;21;1390
UKM92;27-Dec-2020;85;1475
UKM92;28-Dec-2020;99;1574
UKM92;29-Dec-2020;134;1708
UKM92;30-Dec-2020;196;1904
UKM92;31-Dec-2020;127;2031
UKM92;01-Jan-2121;52;2083
UKM92;02-Jan-2121;115;2198
UKM92;03-Jan-2121;77;2275
UKM92;04-Jan-2121;121;2396
UKM92;05-Jan-2121;100;2496
UKM92;06-Jan-2121;114;2610
UKM92;07-Jan-2121;57;2667
UKM92;08-Jan-2121;94;2761
UKM92;09-Jan-2121;37;2798
UKM92;10-Jan-2121;32;2830
UKM92;11-Jan-2121;82;2912
UKM92;12-Jan-2121;63;2975
UKM92;13-Jan-2121;57;3032
UKM92;14-Jan-2121;61;3093
UKM92;15-Jan-2121;66;3159
UKM92;16-Jan-2121;34;3193
UKM92;17-Jan-2121;30;3223
UKM92;18-Jan-2121;52;3275
UKM92;19-Jan-2121;40;3315
UKM92;20-Jan-2121;49;3364
UKM92;21-Jan-2121;37;3401
UKM92;22-Jan-2121;33;3434
UKM92;23-Jan-2121;40;3474
UKM92;24-Jan-2121;24;3498
UKM92;25-Jan-2121;39;3537
UKM92;26-Jan-2121;28;3565
UKM92;27-Jan-2121;25;3590
UKM92;28-Jan-2121;25;3615
UKM92;29-Jan-2121;35;3650
UKM92;30-Jan-2121;27;3677
UKM92;31-Jan-2121;16;3693
UKM92;01-Feb-2121;14;3707
UKM92;02-Feb-2121;15;3722
UKM92;03-Feb-2121;11;3733
UKM92;04-Feb-2121;26;3759
UKM92;05-Feb-2121;19;3778
UKM92;06-Feb-2121;24;3802
UKM92;07-Feb-2121;12;3814
UKM92;08-Feb-2121;11;3825
UKM93;28-Feb-2020;0;0
UKM93;29-Feb-2020;0;0
UKM93;01-Mar-2020;0;0
UKM93;02-Mar-2020;0;0
UKM93;03-Mar-2020;0;0
UKM93;04-Mar-2020;0;0
UKM93;05-Mar-2020;0;0
UKM93;06-Mar-2020;0;0
UKM93;07-Mar-2020;1;1
UKM93;08-Mar-2020;0;1
UKM93;09-Mar-2020;0;1
UKM93;10-Mar-2020;0;1
UKM93;11-Mar-2020;0;1
UKM93;12-Mar-2020;1;2
UKM93;13-Mar-2020;0;2
UKM93;14-Mar-2020;0;2
UKM93;15-Mar-2020;0;2
UKM93;16-Mar-2020;1;3
UKM93;17-Mar-2020;2;5
UKM93;18-Mar-2020;2;7
UKM93;19-Mar-2020;1;8
UKM93;20-Mar-2020;0;8
UKM93;21-Mar-2020;1;9
UKM93;22-Mar-2020;1;10
UKM93;23-Mar-2020;2;12
UKM93;24-Mar-2020;2;14
UKM93;25-Mar-2020;5;19
UKM93;26-Mar-2020;8;27
UKM93;27-Mar-2020;10;37
UKM93;28-Mar-2020;6;43
UKM93;29-Mar-2020;6;49
UKM93;30-Mar-2020;7;56
UKM93;31-Mar-2020;8;64
UKM93;01-Apr-2020;8;72
UKM93;02-Apr-2020;3;75
UKM93;03-Apr-2020;3;78
UKM93;04-Apr-2020;8;86
UKM93;05-Apr-2020;13;99
UKM93;06-Apr-2020;12;111
UKM93;07-Apr-2020;7;118
UKM93;08-Apr-2020;5;123
UKM93;09-Apr-2020;6;129
UKM93;10-Apr-2020;6;135
UKM93;11-Apr-2020;0;135
UKM93;12-Apr-2020;11;146
UKM93;13-Apr-2020;15;161
UKM93;14-Apr-2020;10;171
UKM93;15-Apr-2020;13;184
UKM93;16-Apr-2020;12;196
UKM93;17-Apr-2020;5;201
UKM93;18-Apr-2020;7;208
UKM93;19-Apr-2020;7;215
UKM93;20-Apr-2020;10;225
UKM93;21-Apr-2020;10;235
UKM93;22-Apr-2020;8;243
UKM93;23-Apr-2020;6;249
UKM93;24-Apr-2020;2;251
UKM93;25-Apr-2020;5;256
UKM93;26-Apr-2020;8;264
UKM93;27-Apr-2020;7;271
UKM93;28-Apr-2020;13;284
UKM93;29-Apr-2020;13;297
UKM93;30-Apr-2020;7;304
UKM93;01-May-2020;8;312
UKM93;02-May-2020;4;316
UKM93;03-May-2020;5;321
UKM93;04-May-2020;17;338
UKM93;05-May-2020;7;345
UKM93;06-May-2020;12;357
UKM93;07-May-2020;4;361
UKM93;08-May-2020;6;367
UKM93;09-May-2020;2;369
UKM93;10-May-2020;0;369
UKM93;11-May-2020;2;371
UKM93;12-May-2020;3;374
UKM93;13-May-2020;6;380
UKM93;14-May-2020;3;383
UKM93;15-May-2020;3;386
UKM93;16-May-2020;1;387
UKM93;17-May-2020;6;393
UKM93;18-May-2020;4;397
UKM93;19-May-2020;2;399
UKM93;20-May-2020;9;408
UKM93;21-May-2020;0;408
UKM93;22-May-2020;2;410
UKM93;23-May-2020;1;411
UKM93;24-May-2020;1;412
UKM93;25-May-2020;1;413
UKM93;26-May-2020;1;414
UKM93;27-May-2020;2;416
UKM93;28-May-2020;8;424
UKM93;29-May-2020;1;425
UKM93;30-May-2020;0;425
UKM93;31-May-2020;3;428
UKM93;01-Jun-2020;3;431
UKM93;02-Jun-2020;0;431
UKM93;03-Jun-2020;0;431
UKM93;04-Jun-2020;1;432
UKM93;05-Jun-2020;1;433
UKM93;06-Jun-2020;1;434
UKM93;07-Jun-2020;0;434
UKM93;08-Jun-2020;0;434
UKM93;09-Jun-2020;0;434
UKM93;10-Jun-2020;1;435
UKM93;11-Jun-2020;1;436
UKM93;12-Jun-2020;1;437
UKM93;13-Jun-2020;0;437
UKM93;14-Jun-2020;0;437
UKM93;15-Jun-2020;1;438
UKM93;16-Jun-2020;0;438
UKM93;17-Jun-2020;2;440
UKM93;18-Jun-2020;0;440
UKM93;19-Jun-2020;0;440
UKM93;20-Jun-2020;0;440
UKM93;21-Jun-2020;0;440
UKM93;22-Jun-2020;0;440
UKM93;23-Jun-2020;1;441
UKM93;24-Jun-2020;1;442
UKM93;25-Jun-2020;0;442
UKM93;26-Jun-2020;1;443
UKM93;27-Jun-2020;1;444
UKM93;28-Jun-2020;0;444
UKM93;29-Jun-2020;0;444
UKM93;30-Jun-2020;0;444
UKM93;01-Jul-2020;0;444
UKM93;02-Jul-2020;0;444
UKM93;03-Jul-2020;0;444
UKM93;04-Jul-2020;0;444
UKM93;05-Jul-2020;0;444
UKM93;06-Jul-2020;0;444
UKM93;07-Jul-2020;1;445
UKM93;08-Jul-2020;0;445
UKM93;09-Jul-2020;0;445
UKM93;10-Jul-2020;0;445
UKM93;11-Jul-2020;0;445
UKM93;12-Jul-2020;0;445
UKM93;13-Jul-2020;1;446
UKM93;14-Jul-2020;0;446
UKM93;15-Jul-2020;0;446
UKM93;16-Jul-2020;1;447
UKM93;17-Jul-2020;0;447
UKM93;18-Jul-2020;1;448
UKM93;19-Jul-2020;0;448
UKM93;20-Jul-2020;0;448
UKM93;21-Jul-2020;1;449
UKM93;22-Jul-2020;0;449
UKM93;23-Jul-2020;1;450
UKM93;24-Jul-2020;0;450
UKM93;25-Jul-2020;1;451
UKM93;26-Jul-2020;0;451
UKM93;27-Jul-2020;0;451
UKM93;28-Jul-2020;1;452
UKM93;29-Jul-2020;0;452
UKM93;30-Jul-2020;1;453
UKM93;31-Jul-2020;0;453
UKM93;01-Aug-2020;0;453
UKM93;02-Aug-2020;0;453
UKM93;03-Aug-2020;0;453
UKM93;04-Aug-2020;0;453
UKM93;05-Aug-2020;0;453
UKM93;06-Aug-2020;2;455
UKM93;07-Aug-2020;0;455
UKM93;08-Aug-2020;1;456
UKM93;09-Aug-2020;0;456
UKM93;10-Aug-2020;2;458
UKM93;11-Aug-2020;0;458
UKM93;12-Aug-2020;0;458
UKM93;13-Aug-2020;0;458
UKM93;14-Aug-2020;0;458
UKM93;15-Aug-2020;0;458
UKM93;16-Aug-2020;0;458
UKM93;17-Aug-2020;0;458
UKM93;18-Aug-2020;0;458
UKM93;19-Aug-2020;1;459
UKM93;20-Aug-2020;2;461
UKM93;21-Aug-2020;0;461
UKM93;22-Aug-2020;0;461
UKM93;23-Aug-2020;0;461
UKM93;24-Aug-2020;0;461
UKM93;25-Aug-2020;1;462
UKM93;26-Aug-2020;5;467
UKM93;27-Aug-2020;4;471
UKM93;28-Aug-2020;3;474
UKM93;29-Aug-2020;0;474
UKM93;30-Aug-2020;1;475
UKM93;31-Aug-2020;2;477
UKM93;01-Sep-2020;3;480
UKM93;02-Sep-2020;6;486
UKM93;03-Sep-2020;1;487
UKM93;04-Sep-2020;4;491
UKM93;05-Sep-2020;4;495
UKM93;06-Sep-2020;2;497
UKM93;07-Sep-2020;2;499
UKM93;08-Sep-2020;2;501
UKM93;09-Sep-2020;6;507
UKM93;10-Sep-2020;1;508
UKM93;11-Sep-2020;2;510
UKM93;12-Sep-2020;3;513
UKM93;13-Sep-2020;1;514
UKM93;14-Sep-2020;1;515
UKM93;15-Sep-2020;2;517
UKM93;16-Sep-2020;2;519
UKM93;17-Sep-2020;6;525
UKM93;18-Sep-2020;2;527
UKM93;19-Sep-2020;4;531
UKM93;20-Sep-2020;2;533
UKM93;21-Sep-2020;4;537
UKM93;22-Sep-2020;5;542
UKM93;23-Sep-2020;8;550
UKM93;24-Sep-2020;10;560
UKM93;25-Sep-2020;12;572
UKM93;26-Sep-2020;7;579
UKM93;27-Sep-2020;4;583
UKM93;28-Sep-2020;7;590
UKM93;29-Sep-2020;12;602
UKM93;30-Sep-2020;15;617
UKM93;01-Oct-2020;14;631
UKM93;02-Oct-2020;16;647
UKM93;03-Oct-2020;11;658
UKM93;04-Oct-2020;14;672
UKM93;05-Oct-2020;33;705
UKM93;06-Oct-2020;35;740
UKM93;07-Oct-2020;38;778
UKM93;08-Oct-2020;57;835
UKM93;09-Oct-2020;28;863
UKM93;10-Oct-2020;43;906
UKM93;11-Oct-2020;36;942
UKM93;12-Oct-2020;43;985
UKM93;13-Oct-2020;44;1029
UKM93;14-Oct-2020;48;1077
UKM93;15-Oct-2020;41;1118
UKM93;16-Oct-2020;31;1149
UKM93;17-Oct-2020;27;1176
UKM93;18-Oct-2020;19;1195
UKM93;19-Oct-2020;36;1231
UKM93;20-Oct-2020;53;1284
UKM93;21-Oct-2020;50;1334
UKM93;22-Oct-2020;50;1384
UKM93;23-Oct-2020;48;1432
UKM93;24-Oct-2020;27;1459
UKM93;25-Oct-2020;33;1492
UKM93;26-Oct-2020;33;1525
UKM93;27-Oct-2020;72;1597
UKM93;28-Oct-2020;37;1634
UKM93;29-Oct-2020;21;1655
UKM93;30-Oct-2020;24;1679
UKM93;31-Oct-2020;18;1697
UKM93;01-Nov-2020;27;1724
UKM93;02-Nov-2020;27;1751
UKM93;03-Nov-2020;34;1785
UKM93;04-Nov-2020;30;1815
UKM93;05-Nov-2020;39;1854
UKM93;06-Nov-2020;35;1889
UKM93;07-Nov-2020;25;1914
UKM93;08-Nov-2020;30;1944
UKM93;09-Nov-2020;30;1974
UKM93;10-Nov-2020;26;2000
UKM93;11-Nov-2020;32;2032
UKM93;12-Nov-2020;43;2075
UKM93;13-Nov-2020;22;2097
UKM93;14-Nov-2020;16;2113
UKM93;15-Nov-2020;16;2129
UKM93;16-Nov-2020;24;2153
UKM93;17-Nov-2020;28;2181
UKM93;18-Nov-2020;33;2214
UKM93;19-Nov-2020;36;2250
UKM93;20-Nov-2020;18;2268
UKM93;21-Nov-2020;24;2292
UKM93;22-Nov-2020;18;2310
UKM93;23-Nov-2020;22;2332
UKM93;24-Nov-2020;37;2369
UKM93;25-Nov-2020;19;2388
UKM93;26-Nov-2020;19;2407
UKM93;27-Nov-2020;21;2428
UKM93;28-Nov-2020;18;2446
UKM93;29-Nov-2020;13;2459
UKM93;30-Nov-2020;25;2484
UKM93;01-Dec-2020;26;2510
UKM93;02-Dec-2020;24;2534
UKM93;03-Dec-2020;30;2564
UKM93;04-Dec-2020;23;2587
UKM93;05-Dec-2020;22;2609
UKM93;06-Dec-2020;26;2635
UKM93;07-Dec-2020;33;2668
UKM93;08-Dec-2020;37;2705
UKM93;09-Dec-2020;25;2730
UKM93;10-Dec-2020;27;2757
UKM93;11-Dec-2020;29;2786
UKM93;12-Dec-2020;23;2809
UKM93;13-Dec-2020;20;2829
UKM93;14-Dec-2020;45;2874
UKM93;15-Dec-2020;25;2899
UKM93;16-Dec-2020;26;2925
UKM93;17-Dec-2020;25;2950
UKM93;18-Dec-2020;37;2987
UKM93;19-Dec-2020;22;3009
UKM93;20-Dec-2020;36;3045
UKM93;21-Dec-2020;40;3085
UKM93;22-Dec-2020;62;3147
UKM93;23-Dec-2020;19;3166
UKM93;24-Dec-2020;26;3192
UKM93;25-Dec-2020;17;3209
UKM93;26-Dec-2020;36;3245
UKM93;27-Dec-2020;48;3293
UKM93;28-Dec-2020;51;3344
UKM93;29-Dec-2020;89;3433
UKM93;30-Dec-2020;102;3535
UKM93;31-Dec-2020;63;3598
UKM93;01-Jan-2121;24;3622
UKM93;02-Jan-2121;71;3693
UKM93;03-Jan-2121;62;3755
UKM93;04-Jan-2121;55;3810
UKM93;05-Jan-2121;72;3882
UKM93;06-Jan-2121;69;3951
UKM93;07-Jan-2121;42;3993
UKM93;08-Jan-2121;57;4050
UKM93;09-Jan-2121;37;4087
UKM93;10-Jan-2121;39;4126
UKM93;11-Jan-2121;51;4177
UKM93;12-Jan-2121;48;4225
UKM93;13-Jan-2121;48;4273
UKM93;14-Jan-2121;50;4323
UKM93;15-Jan-2121;47;4370
UKM93;16-Jan-2121;34;4404
UKM93;17-Jan-2121;45;4449
UKM93;18-Jan-2121;48;4497
UKM93;19-Jan-2121;42;4539
UKM93;20-Jan-2121;58;4597
UKM93;21-Jan-2121;26;4623
UKM93;22-Jan-2121;30;4653
UKM93;23-Jan-2121;42;4695
UKM93;24-Jan-2121;25;4720
UKM93;25-Jan-2121;34;4754
UKM93;26-Jan-2121;38;4792
UKM93;27-Jan-2121;30;4822
UKM93;28-Jan-2121;26;4848
UKM93;29-Jan-2121;24;4872
UKM93;30-Jan-2121;22;4894
UKM93;31-Jan-2121;29;4923
UKM93;01-Feb-2121;34;4957
UKM93;02-Feb-2121;27;4984
UKM93;03-Feb-2121;27;5011
UKM93;04-Feb-2121;26;5037
UKM93;05-Feb-2121;30;5067
UKM93;06-Feb-2121;15;5082
UKM93;07-Feb-2121;21;5103
UKM93;08-Feb-2121;5;5108
UKM94;28-Feb-2020;0;0
UKM94;29-Feb-2020;0;0
UKM94;01-Mar-2020;0;0
UKM94;02-Mar-2020;0;0
UKM94;03-Mar-2020;0;0
UKM94;04-Mar-2020;0;0
UKM94;05-Mar-2020;0;0
UKM94;06-Mar-2020;0;0
UKM94;07-Mar-2020;0;0
UKM94;08-Mar-2020;0;0
UKM94;09-Mar-2020;1;1
UKM94;10-Mar-2020;0;1
UKM94;11-Mar-2020;0;1
UKM94;12-Mar-2020;2;3
UKM94;13-Mar-2020;1;4
UKM94;14-Mar-2020;0;4
UKM94;15-Mar-2020;0;4
UKM94;16-Mar-2020;0;4
UKM94;17-Mar-2020;2;6
UKM94;18-Mar-2020;0;6
UKM94;19-Mar-2020;1;7
UKM94;20-Mar-2020;1;8
UKM94;21-Mar-2020;4;12
UKM94;22-Mar-2020;4;16
UKM94;23-Mar-2020;2;18
UKM94;24-Mar-2020;10;28
UKM94;25-Mar-2020;8;36
UKM94;26-Mar-2020;6;42
UKM94;27-Mar-2020;10;52
UKM94;28-Mar-2020;6;58
UKM94;29-Mar-2020;6;64
UKM94;30-Mar-2020;10;74
UKM94;31-Mar-2020;7;81
UKM94;01-Apr-2020;7;88
UKM94;02-Apr-2020;5;93
UKM94;03-Apr-2020;8;101
UKM94;04-Apr-2020;5;106
UKM94;05-Apr-2020;3;109
UKM94;06-Apr-2020;9;118
UKM94;07-Apr-2020;8;126
UKM94;08-Apr-2020;10;136
UKM94;09-Apr-2020;3;139
UKM94;10-Apr-2020;6;145
UKM94;11-Apr-2020;1;146
UKM94;12-Apr-2020;5;151
UKM94;13-Apr-2020;6;157
UKM94;14-Apr-2020;8;165
UKM94;15-Apr-2020;9;174
UKM94;16-Apr-2020;9;183
UKM94;17-Apr-2020;14;197
UKM94;18-Apr-2020;4;201
UKM94;19-Apr-2020;6;207
UKM94;20-Apr-2020;13;220
UKM94;21-Apr-2020;5;225
UKM94;22-Apr-2020;3;228
UKM94;23-Apr-2020;4;232
UKM94;24-Apr-2020;3;235
UKM94;25-Apr-2020;4;239
UKM94;26-Apr-2020;5;244
UKM94;27-Apr-2020;5;249
UKM94;28-Apr-2020;6;255
UKM94;29-Apr-2020;4;259
UKM94;30-Apr-2020;5;264
UKM94;01-May-2020;9;273
UKM94;02-May-2020;9;282
UKM94;03-May-2020;3;285
UKM94;04-May-2020;10;295
UKM94;05-May-2020;5;300
UKM94;06-May-2020;10;310
UKM94;07-May-2020;9;319
UKM94;08-May-2020;6;325
UKM94;09-May-2020;11;336
UKM94;10-May-2020;3;339
UKM94;11-May-2020;3;342
UKM94;12-May-2020;5;347
UKM94;13-May-2020;6;353
UKM94;14-May-2020;3;356
UKM94;15-May-2020;6;362
UKM94;16-May-2020;5;367
UKM94;17-May-2020;3;370
UKM94;18-May-2020;2;372
UKM94;19-May-2020;0;372
UKM94;20-May-2020;3;375
UKM94;21-May-2020;2;377
UKM94;22-May-2020;2;379
UKM94;23-May-2020;0;379
UKM94;24-May-2020;2;381
UKM94;25-May-2020;5;386
UKM94;26-May-2020;9;395
UKM94;27-May-2020;2;397
UKM94;28-May-2020;0;397
UKM94;29-May-2020;0;397
UKM94;30-May-2020;1;398
UKM94;31-May-2020;0;398
UKM94;01-Jun-2020;0;398
UKM94;02-Jun-2020;1;399
UKM94;03-Jun-2020;1;400
UKM94;04-Jun-2020;0;400
UKM94;05-Jun-2020;0;400
UKM94;06-Jun-2020;0;400
UKM94;07-Jun-2020;0;400
UKM94;08-Jun-2020;0;400
UKM94;09-Jun-2020;0;400
UKM94;10-Jun-2020;0;400
UKM94;11-Jun-2020;0;400
UKM94;12-Jun-2020;0;400
UKM94;13-Jun-2020;0;400
UKM94;14-Jun-2020;0;400
UKM94;15-Jun-2020;0;400
UKM94;16-Jun-2020;0;400
UKM94;17-Jun-2020;0;400
UKM94;18-Jun-2020;0;400
UKM94;19-Jun-2020;0;400
UKM94;20-Jun-2020;0;400
UKM94;21-Jun-2020;0;400
UKM94;22-Jun-2020;0;400
UKM94;23-Jun-2020;0;400
UKM94;24-Jun-2020;0;400
UKM94;25-Jun-2020;0;400
UKM94;26-Jun-2020;0;400
UKM94;27-Jun-2020;0;400
UKM94;28-Jun-2020;0;400
UKM94;29-Jun-2020;0;400
UKM94;30-Jun-2020;0;400
UKM94;01-Jul-2020;1;401
UKM94;02-Jul-2020;0;401
UKM94;03-Jul-2020;0;401
UKM94;04-Jul-2020;0;401
UKM94;05-Jul-2020;0;401
UKM94;06-Jul-2020;0;401
UKM94;07-Jul-2020;0;401
UKM94;08-Jul-2020;0;401
UKM94;09-Jul-2020;0;401
UKM94;10-Jul-2020;0;401
UKM94;11-Jul-2020;1;402
UKM94;12-Jul-2020;0;402
UKM94;13-Jul-2020;0;402
UKM94;14-Jul-2020;0;402
UKM94;15-Jul-2020;0;402
UKM94;16-Jul-2020;0;402
UKM94;17-Jul-2020;0;402
UKM94;18-Jul-2020;2;404
UKM94;19-Jul-2020;1;405
UKM94;20-Jul-2020;0;405
UKM94;21-Jul-2020;0;405
UKM94;22-Jul-2020;0;405
UKM94;23-Jul-2020;0;405
UKM94;24-Jul-2020;0;405
UKM94;25-Jul-2020;0;405
UKM94;26-Jul-2020;0;405
UKM94;27-Jul-2020;0;405
UKM94;28-Jul-2020;0;405
UKM94;29-Jul-2020;0;405
UKM94;30-Jul-2020;0;405
UKM94;31-Jul-2020;0;405
UKM94;01-Aug-2020;0;405
UKM94;02-Aug-2020;0;405
UKM94;03-Aug-2020;1;406
UKM94;04-Aug-2020;0;406
UKM94;05-Aug-2020;0;406
UKM94;06-Aug-2020;1;407
UKM94;07-Aug-2020;0;407
UKM94;08-Aug-2020;0;407
UKM94;09-Aug-2020;0;407
UKM94;10-Aug-2020;0;407
UKM94;11-Aug-2020;1;408
UKM94;12-Aug-2020;1;409
UKM94;13-Aug-2020;0;409
UKM94;14-Aug-2020;0;409
UKM94;15-Aug-2020;0;409
UKM94;16-Aug-2020;0;409
UKM94;17-Aug-2020;1;410
UKM94;18-Aug-2020;0;410
UKM94;19-Aug-2020;0;410
UKM94;20-Aug-2020;1;411
UKM94;21-Aug-2020;1;412
UKM94;22-Aug-2020;0;412
UKM94;23-Aug-2020;3;415
UKM94;24-Aug-2020;0;415
UKM94;25-Aug-2020;2;417
UKM94;26-Aug-2020;8;425
UKM94;27-Aug-2020;4;429
UKM94;28-Aug-2020;2;431
UKM94;29-Aug-2020;3;434
UKM94;30-Aug-2020;4;438
UKM94;31-Aug-2020;2;440
UKM94;01-Sep-2020;3;443
UKM94;02-Sep-2020;5;448
UKM94;03-Sep-2020;6;454
UKM94;04-Sep-2020;4;458
UKM94;05-Sep-2020;2;460
UKM94;06-Sep-2020;3;463
UKM94;07-Sep-2020;3;466
UKM94;08-Sep-2020;4;470
UKM94;09-Sep-2020;7;477
UKM94;10-Sep-2020;1;478
UKM94;11-Sep-2020;3;481
UKM94;12-Sep-2020;4;485
UKM94;13-Sep-2020;1;486
UKM94;14-Sep-2020;5;491
UKM94;15-Sep-2020;3;494
UKM94;16-Sep-2020;4;498
UKM94;17-Sep-2020;1;499
UKM94;18-Sep-2020;1;500
UKM94;19-Sep-2020;0;500
UKM94;20-Sep-2020;1;501
UKM94;21-Sep-2020;6;507
UKM94;22-Sep-2020;6;513
UKM94;23-Sep-2020;7;520
UKM94;24-Sep-2020;11;531
UKM94;25-Sep-2020;10;541
UKM94;26-Sep-2020;7;548
UKM94;27-Sep-2020;2;550
UKM94;28-Sep-2020;4;554
UKM94;29-Sep-2020;2;556
UKM94;30-Sep-2020;10;566
UKM94;01-Oct-2020;14;580
UKM94;02-Oct-2020;10;590
UKM94;03-Oct-2020;10;600
UKM94;04-Oct-2020;3;603
UKM94;05-Oct-2020;9;612
UKM94;06-Oct-2020;12;624
UKM94;07-Oct-2020;8;632
UKM94;08-Oct-2020;19;651
UKM94;09-Oct-2020;21;672
UKM94;10-Oct-2020;17;689
UKM94;11-Oct-2020;13;702
UKM94;12-Oct-2020;20;722
UKM94;13-Oct-2020;40;762
UKM94;14-Oct-2020;27;789
UKM94;15-Oct-2020;24;813
UKM94;16-Oct-2020;17;830
UKM94;17-Oct-2020;12;842
UKM94;18-Oct-2020;13;855
UKM94;19-Oct-2020;20;875
UKM94;20-Oct-2020;29;904
UKM94;21-Oct-2020;41;945
UKM94;22-Oct-2020;36;981
UKM94;23-Oct-2020;33;1014
UKM94;24-Oct-2020;16;1030
UKM94;25-Oct-2020;16;1046
UKM94;26-Oct-2020;23;1069
UKM94;27-Oct-2020;28;1097
UKM94;28-Oct-2020;16;1113
UKM94;29-Oct-2020;39;1152
UKM94;30-Oct-2020;17;1169
UKM94;31-Oct-2020;28;1197
UKM94;01-Nov-2020;43;1240
UKM94;02-Nov-2020;27;1267
UKM94;03-Nov-2020;36;1303
UKM94;04-Nov-2020;27;1330
UKM94;05-Nov-2020;21;1351
UKM94;06-Nov-2020;24;1375
UKM94;07-Nov-2020;14;1389
UKM94;08-Nov-2020;24;1413
UKM94;09-Nov-2020;40;1453
UKM94;10-Nov-2020;15;1468
UKM94;11-Nov-2020;39;1507
UKM94;12-Nov-2020;17;1524
UKM94;13-Nov-2020;31;1555
UKM94;14-Nov-2020;29;1584
UKM94;15-Nov-2020;14;1598
UKM94;16-Nov-2020;29;1627
UKM94;17-Nov-2020;26;1653
UKM94;18-Nov-2020;31;1684
UKM94;19-Nov-2020;13;1697
UKM94;20-Nov-2020;11;1708
UKM94;21-Nov-2020;18;1726
UKM94;22-Nov-2020;13;1739
UKM94;23-Nov-2020;30;1769
UKM94;24-Nov-2020;33;1802
UKM94;25-Nov-2020;15;1817
UKM94;26-Nov-2020;16;1833
UKM94;27-Nov-2020;19;1852
UKM94;28-Nov-2020;12;1864
UKM94;29-Nov-2020;14;1878
UKM94;30-Nov-2020;17;1895
UKM94;01-Dec-2020;17;1912
UKM94;02-Dec-2020;20;1932
UKM94;03-Dec-2020;15;1947
UKM94;04-Dec-2020;13;1960
UKM94;05-Dec-2020;14;1974
UKM94;06-Dec-2020;11;1985
UKM94;07-Dec-2020;25;2010
UKM94;08-Dec-2020;22;2032
UKM94;09-Dec-2020;28;2060
UKM94;10-Dec-2020;10;2070
UKM94;11-Dec-2020;14;2084
UKM94;12-Dec-2020;21;2105
UKM94;13-Dec-2020;25;2130
UKM94;14-Dec-2020;14;2144
UKM94;15-Dec-2020;25;2169
UKM94;16-Dec-2020;11;2180
UKM94;17-Dec-2020;21;2201
UKM94;18-Dec-2020;19;2220
UKM94;19-Dec-2020;7;2227
UKM94;20-Dec-2020;11;2238
UKM94;21-Dec-2020;24;2262
UKM94;22-Dec-2020;18;2280
UKM94;23-Dec-2020;18;2298
UKM94;24-Dec-2020;16;2314
UKM94;25-Dec-2020;10;2324
UKM94;26-Dec-2020;19;2343
UKM94;27-Dec-2020;22;2365
UKM94;28-Dec-2020;16;2381
UKM94;29-Dec-2020;56;2437
UKM94;30-Dec-2020;48;2485
UKM94;31-Dec-2020;29;2514
UKM94;01-Jan-2121;32;2546
UKM94;02-Jan-2121;40;2586
UKM94;03-Jan-2121;43;2629
UKM94;04-Jan-2121;55;2684
UKM94;05-Jan-2121;57;2741
UKM94;06-Jan-2121;38;2779
UKM94;07-Jan-2121;38;2817
UKM94;08-Jan-2121;41;2858
UKM94;09-Jan-2121;27;2885
UKM94;10-Jan-2121;37;2922
UKM94;11-Jan-2121;38;2960
UKM94;12-Jan-2121;34;2994
UKM94;13-Jan-2121;38;3032
UKM94;14-Jan-2121;43;3075
UKM94;15-Jan-2121;45;3120
UKM94;16-Jan-2121;25;3145
UKM94;17-Jan-2121;30;3175
UKM94;18-Jan-2121;28;3203
UKM94;19-Jan-2121;27;3230
UKM94;20-Jan-2121;34;3264
UKM94;21-Jan-2121;34;3298
UKM94;22-Jan-2121;23;3321
UKM94;23-Jan-2121;18;3339
UKM94;24-Jan-2121;14;3353
UKM94;25-Jan-2121;27;3380
UKM94;26-Jan-2121;23;3403
UKM94;27-Jan-2121;15;3418
UKM94;28-Jan-2121;37;3455
UKM94;29-Jan-2121;17;3472
UKM94;30-Jan-2121;14;3486
UKM94;31-Jan-2121;13;3499
UKM94;01-Feb-2121;20;3519
UKM94;02-Feb-2121;21;3540
UKM94;03-Feb-2121;15;3555
UKM94;04-Feb-2121;15;3570
UKM94;05-Feb-2121;26;3596
UKM94;06-Feb-2121;14;3610
UKM94;07-Feb-2121;12;3622
UKM94;08-Feb-2121;8;3630
UKM95;28-Feb-2020;0;0
UKM95;29-Feb-2020;0;0
UKM95;01-Mar-2020;0;0
UKM95;02-Mar-2020;0;0
UKM95;03-Mar-2020;0;0
UKM95;04-Mar-2020;0;0
UKM95;05-Mar-2020;0;0
UKM95;06-Mar-2020;1;1
UKM95;07-Mar-2020;0;1
UKM95;08-Mar-2020;0;1
UKM95;09-Mar-2020;0;1
UKM95;10-Mar-2020;0;1
UKM95;11-Mar-2020;1;2
UKM95;12-Mar-2020;0;2
UKM95;13-Mar-2020;3;5
UKM95;14-Mar-2020;2;7
UKM95;15-Mar-2020;0;7
UKM95;16-Mar-2020;1;8
UKM95;17-Mar-2020;1;9
UKM95;18-Mar-2020;2;11
UKM95;19-Mar-2020;1;12
UKM95;20-Mar-2020;3;15
UKM95;21-Mar-2020;4;19
UKM95;22-Mar-2020;9;28
UKM95;23-Mar-2020;9;37
UKM95;24-Mar-2020;16;53
UKM95;25-Mar-2020;10;63
UKM95;26-Mar-2020;12;75
UKM95;27-Mar-2020;10;85
UKM95;28-Mar-2020;13;98
UKM95;29-Mar-2020;10;108
UKM95;30-Mar-2020;25;133
UKM95;31-Mar-2020;15;148
UKM95;01-Apr-2020;34;182
UKM95;02-Apr-2020;18;200
UKM95;03-Apr-2020;34;234
UKM95;04-Apr-2020;12;246
UKM95;05-Apr-2020;17;263
UKM95;06-Apr-2020;17;280
UKM95;07-Apr-2020;30;310
UKM95;08-Apr-2020;20;330
UKM95;09-Apr-2020;27;357
UKM95;10-Apr-2020;17;374
UKM95;11-Apr-2020;16;390
UKM95;12-Apr-2020;15;405
UKM95;13-Apr-2020;19;424
UKM95;14-Apr-2020;14;438
UKM95;15-Apr-2020;24;462
UKM95;16-Apr-2020;20;482
UKM95;17-Apr-2020;16;498
UKM95;18-Apr-2020;11;509
UKM95;19-Apr-2020;12;521
UKM95;20-Apr-2020;86;607
UKM95;21-Apr-2020;19;626
UKM95;22-Apr-2020;20;646
UKM95;23-Apr-2020;6;652
UKM95;24-Apr-2020;14;666
UKM95;25-Apr-2020;18;684
UKM95;26-Apr-2020;12;696
UKM95;27-Apr-2020;23;719
UKM95;28-Apr-2020;22;741
UKM95;29-Apr-2020;27;768
UKM95;30-Apr-2020;16;784
UKM95;01-May-2020;27;811
UKM95;02-May-2020;24;835
UKM95;03-May-2020;17;852
UKM95;04-May-2020;33;885
UKM95;05-May-2020;30;915
UKM95;06-May-2020;46;961
UKM95;07-May-2020;16;977
UKM95;08-May-2020;33;1010
UKM95;09-May-2020;18;1028
UKM95;10-May-2020;18;1046
UKM95;11-May-2020;19;1065
UKM95;12-May-2020;23;1088
UKM95;13-May-2020;21;1109
UKM95;14-May-2020;20;1129
UKM95;15-May-2020;23;1152
UKM95;16-May-2020;9;1161
UKM95;17-May-2020;5;1166
UKM95;18-May-2020;6;1172
UKM95;19-May-2020;17;1189
UKM95;20-May-2020;11;1200
UKM95;21-May-2020;13;1213
UKM95;22-May-2020;7;1220
UKM95;23-May-2020;8;1228
UKM95;24-May-2020;7;1235
UKM95;25-May-2020;6;1241
UKM95;26-May-2020;11;1252
UKM95;27-May-2020;3;1255
UKM95;28-May-2020;4;1259
UKM95;29-May-2020;1;1260
UKM95;30-May-2020;5;1265
UKM95;31-May-2020;3;1268
UKM95;01-Jun-2020;3;1271
UKM95;02-Jun-2020;3;1274
UKM95;03-Jun-2020;4;1278
UKM95;04-Jun-2020;1;1279
UKM95;05-Jun-2020;3;1282
UKM95;06-Jun-2020;3;1285
UKM95;07-Jun-2020;5;1290
UKM95;08-Jun-2020;2;1292
UKM95;09-Jun-2020;6;1298
UKM95;10-Jun-2020;2;1300
UKM95;11-Jun-2020;2;1302
UKM95;12-Jun-2020;5;1307
UKM95;13-Jun-2020;2;1309
UKM95;14-Jun-2020;2;1311
UKM95;15-Jun-2020;3;1314
UKM95;16-Jun-2020;4;1318
UKM95;17-Jun-2020;11;1329
UKM95;18-Jun-2020;4;1333
UKM95;19-Jun-2020;3;1336
UKM95;20-Jun-2020;1;1337
UKM95;21-Jun-2020;0;1337
UKM95;22-Jun-2020;2;1339
UKM95;23-Jun-2020;2;1341
UKM95;24-Jun-2020;0;1341
UKM95;25-Jun-2020;3;1344
UKM95;26-Jun-2020;0;1344
UKM95;27-Jun-2020;1;1345
UKM95;28-Jun-2020;0;1345
UKM95;29-Jun-2020;1;1346
UKM95;30-Jun-2020;1;1347
UKM95;01-Jul-2020;1;1348
UKM95;02-Jul-2020;1;1349
UKM95;03-Jul-2020;0;1349
UKM95;04-Jul-2020;0;1349
UKM95;05-Jul-2020;0;1349
UKM95;06-Jul-2020;0;1349
UKM95;07-Jul-2020;0;1349
UKM95;08-Jul-2020;0;1349
UKM95;09-Jul-2020;1;1350
UKM95;10-Jul-2020;0;1350
UKM95;11-Jul-2020;0;1350
UKM95;12-Jul-2020;0;1350
UKM95;13-Jul-2020;2;1352
UKM95;14-Jul-2020;1;1353
UKM95;15-Jul-2020;0;1353
UKM95;16-Jul-2020;1;1354
UKM95;17-Jul-2020;0;1354
UKM95;18-Jul-2020;2;1356
UKM95;19-Jul-2020;2;1358
UKM95;20-Jul-2020;0;1358
UKM95;21-Jul-2020;2;1360
UKM95;22-Jul-2020;0;1360
UKM95;23-Jul-2020;3;1363
UKM95;24-Jul-2020;0;1363
UKM95;25-Jul-2020;0;1363
UKM95;26-Jul-2020;0;1363
UKM95;27-Jul-2020;0;1363
UKM95;28-Jul-2020;1;1364
UKM95;29-Jul-2020;1;1365
UKM95;30-Jul-2020;0;1365
UKM95;31-Jul-2020;0;1365
UKM95;01-Aug-2020;0;1365
UKM95;02-Aug-2020;0;1365
UKM95;03-Aug-2020;3;1368
UKM95;04-Aug-2020;0;1368
UKM95;05-Aug-2020;0;1368
UKM95;06-Aug-2020;3;1371
UKM95;07-Aug-2020;1;1372
UKM95;08-Aug-2020;0;1372
UKM95;09-Aug-2020;0;1372
UKM95;10-Aug-2020;0;1372
UKM95;11-Aug-2020;1;1373
UKM95;12-Aug-2020;0;1373
UKM95;13-Aug-2020;1;1374
UKM95;14-Aug-2020;1;1375
UKM95;15-Aug-2020;0;1375
UKM95;16-Aug-2020;0;1375
UKM95;17-Aug-2020;2;1377
UKM95;18-Aug-2020;3;1380
UKM95;19-Aug-2020;2;1382
UKM95;20-Aug-2020;6;1388
UKM95;21-Aug-2020;5;1393
UKM95;22-Aug-2020;4;1397
UKM95;23-Aug-2020;7;1404
UKM95;24-Aug-2020;2;1406
UKM95;25-Aug-2020;7;1413
UKM95;26-Aug-2020;5;1418
UKM95;27-Aug-2020;7;1425
UKM95;28-Aug-2020;8;1433
UKM95;29-Aug-2020;7;1440
UKM95;30-Aug-2020;8;1448
UKM95;31-Aug-2020;10;1458
UKM95;01-Sep-2020;19;1477
UKM95;02-Sep-2020;11;1488
UKM95;03-Sep-2020;15;1503
UKM95;04-Sep-2020;17;1520
UKM95;05-Sep-2020;9;1529
UKM95;06-Sep-2020;8;1537
UKM95;07-Sep-2020;12;1549
UKM95;08-Sep-2020;11;1560
UKM95;09-Sep-2020;27;1587
UKM95;10-Sep-2020;18;1605
UKM95;11-Sep-2020;26;1631
UKM95;12-Sep-2020;25;1656
UKM95;13-Sep-2020;14;1670
UKM95;14-Sep-2020;10;1680
UKM95;15-Sep-2020;17;1697
UKM95;16-Sep-2020;15;1712
UKM95;17-Sep-2020;20;1732
UKM95;18-Sep-2020;17;1749
UKM95;19-Sep-2020;14;1763
UKM95;20-Sep-2020;21;1784
UKM95;21-Sep-2020;48;1832
UKM95;22-Sep-2020;43;1875
UKM95;23-Sep-2020;31;1906
UKM95;24-Sep-2020;44;1950
UKM95;25-Sep-2020;37;1987
UKM95;26-Sep-2020;20;2007
UKM95;27-Sep-2020;21;2028
UKM95;28-Sep-2020;29;2057
UKM95;29-Sep-2020;60;2117
UKM95;30-Sep-2020;65;2182
UKM95;01-Oct-2020;63;2245
UKM95;02-Oct-2020;82;2327
UKM95;03-Oct-2020;84;2411
UKM95;04-Oct-2020;78;2489
UKM95;05-Oct-2020;118;2607
UKM95;06-Oct-2020;126;2733
UKM95;07-Oct-2020;153;2886
UKM95;08-Oct-2020;131;3017
UKM95;09-Oct-2020;158;3175
UKM95;10-Oct-2020;122;3297
UKM95;11-Oct-2020;127;3424
UKM95;12-Oct-2020;176;3600
UKM95;13-Oct-2020;198;3798
UKM95;14-Oct-2020;188;3986
UKM95;15-Oct-2020;166;4152
UKM95;16-Oct-2020;163;4315
UKM95;17-Oct-2020;128;4443
UKM95;18-Oct-2020;130;4573
UKM95;19-Oct-2020;186;4759
UKM95;20-Oct-2020;248;5007
UKM95;21-Oct-2020;228;5235
UKM95;22-Oct-2020;179;5414
UKM95;23-Oct-2020;162;5576
UKM95;24-Oct-2020;132;5708
UKM95;25-Oct-2020;128;5836
UKM95;26-Oct-2020;142;5978
UKM95;27-Oct-2020;168;6146
UKM95;28-Oct-2020;140;6286
UKM95;29-Oct-2020;145;6431
UKM95;30-Oct-2020;132;6563
UKM95;31-Oct-2020;81;6644
UKM95;01-Nov-2020;114;6758
UKM95;02-Nov-2020;148;6906
UKM95;03-Nov-2020;176;7082
UKM95;04-Nov-2020;159;7241
UKM95;05-Nov-2020;132;7373
UKM95;06-Nov-2020;123;7496
UKM95;07-Nov-2020;85;7581
UKM95;08-Nov-2020;86;7667
UKM95;09-Nov-2020;121;7788
UKM95;10-Nov-2020;128;7916
UKM95;11-Nov-2020;115;8031
UKM95;12-Nov-2020;116;8147
UKM95;13-Nov-2020;98;8245
UKM95;14-Nov-2020;81;8326
UKM95;15-Nov-2020;90;8416
UKM95;16-Nov-2020;134;8550
UKM95;17-Nov-2020;115;8665
UKM95;18-Nov-2020;114;8779
UKM95;19-Nov-2020;117;8896
UKM95;20-Nov-2020;89;8985
UKM95;21-Nov-2020;78;9063
UKM95;22-Nov-2020;76;9139
UKM95;23-Nov-2020;118;9257
UKM95;24-Nov-2020;106;9363
UKM95;25-Nov-2020;108;9471
UKM95;26-Nov-2020;69;9540
UKM95;27-Nov-2020;89;9629
UKM95;28-Nov-2020;38;9667
UKM95;29-Nov-2020;42;9709
UKM95;30-Nov-2020;90;9799
UKM95;01-Dec-2020;70;9869
UKM95;02-Dec-2020;63;9932
UKM95;03-Dec-2020;64;9996
UKM95;04-Dec-2020;44;10040
UKM95;05-Dec-2020;59;10099
UKM95;06-Dec-2020;52;10151
UKM95;07-Dec-2020;61;10212
UKM95;08-Dec-2020;75;10287
UKM95;09-Dec-2020;64;10351
UKM95;10-Dec-2020;67;10418
UKM95;11-Dec-2020;58;10476
UKM95;12-Dec-2020;31;10507
UKM95;13-Dec-2020;39;10546
UKM95;14-Dec-2020;63;10609
UKM95;15-Dec-2020;78;10687
UKM95;16-Dec-2020;82;10769
UKM95;17-Dec-2020;59;10828
UKM95;18-Dec-2020;51;10879
UKM95;19-Dec-2020;48;10927
UKM95;20-Dec-2020;55;10982
UKM95;21-Dec-2020;99;11081
UKM95;22-Dec-2020;119;11200
UKM95;23-Dec-2020;94;11294
UKM95;24-Dec-2020;87;11381
UKM95;25-Dec-2020;39;11420
UKM95;26-Dec-2020;59;11479
UKM95;27-Dec-2020;94;11573
UKM95;28-Dec-2020;114;11687
UKM95;29-Dec-2020;187;11874
UKM95;30-Dec-2020;153;12027
UKM95;31-Dec-2020;130;12157
UKM95;01-Jan-2121;68;12225
UKM95;02-Jan-2121;128;12353
UKM95;03-Jan-2121;159;12512
UKM95;04-Jan-2121;155;12667
UKM95;05-Jan-2121;201;12868
UKM95;06-Jan-2121;201;13069
UKM95;07-Jan-2121;131;13200
UKM95;08-Jan-2121;115;13315
UKM95;09-Jan-2121;101;13416
UKM95;10-Jan-2121;81;13497
UKM95;11-Jan-2121;164;13661
UKM95;12-Jan-2121;132;13793
UKM95;13-Jan-2121;135;13928
UKM95;14-Jan-2121;118;14046
UKM95;15-Jan-2121;94;14140
UKM95;16-Jan-2121;90;14230
UKM95;17-Jan-2121;87;14317
UKM95;18-Jan-2121;136;14453
UKM95;19-Jan-2121;85;14538
UKM95;20-Jan-2121;133;14671
UKM95;21-Jan-2121;129;14800
UKM95;22-Jan-2121;97;14897
UKM95;23-Jan-2121;70;14967
UKM95;24-Jan-2121;81;15048
UKM95;25-Jan-2121;100;15148
UKM95;26-Jan-2121;86;15234
UKM95;27-Jan-2121;97;15331
UKM95;28-Jan-2121;93;15424
UKM95;29-Jan-2121;85;15509
UKM95;30-Jan-2121;86;15595
UKM95;31-Jan-2121;62;15657
UKM95;01-Feb-2121;80;15737
UKM95;02-Feb-2121;63;15800
UKM95;03-Feb-2121;75;15875
UKM95;04-Feb-2121;58;15933
UKM95;05-Feb-2121;112;16045
UKM95;06-Feb-2121;34;16079
UKM95;07-Feb-2121;44;16123
UKM95;08-Feb-2121;31;16154
