nuts3_id;date;cases_daily;cases
UKM50;28-Feb-2020;0;0
UKM50;29-Feb-2020;0;0
UKM50;01-Mar-2020;0;0
UKM50;02-Mar-2020;0;0
UKM50;03-Mar-2020;1;1
UKM50;04-Mar-2020;1;2
UKM50;05-Mar-2020;0;2
UKM50;06-Mar-2020;0;2
UKM50;07-Mar-2020;2;4
UKM50;08-Mar-2020;1;5
UKM50;09-Mar-2020;0;5
UKM50;10-Mar-2020;1;6
UKM50;11-Mar-2020;0;6
UKM50;12-Mar-2020;5;11
UKM50;13-Mar-2020;3;14
UKM50;14-Mar-2020;0;14
UKM50;15-Mar-2020;1;15
UKM50;16-Mar-2020;0;15
UKM50;17-Mar-2020;2;17
UKM50;18-Mar-2020;2;19
UKM50;19-Mar-2020;0;19
UKM50;20-Mar-2020;2;21
UKM50;21-Mar-2020;0;21
UKM50;22-Mar-2020;0;21
UKM50;23-Mar-2020;5;26
UKM50;24-Mar-2020;6;32
UKM50;25-Mar-2020;7;39
UKM50;26-Mar-2020;8;47
UKM50;27-Mar-2020;5;52
UKM50;28-Mar-2020;6;58
UKM50;29-Mar-2020;13;71
UKM50;30-Mar-2020;18;89
UKM50;31-Mar-2020;23;112
UKM50;01-Apr-2020;36;148
UKM50;02-Apr-2020;8;156
UKM50;03-Apr-2020;14;170
UKM50;04-Apr-2020;13;183
UKM50;05-Apr-2020;8;191
UKM50;06-Apr-2020;7;198
UKM50;07-Apr-2020;13;211
UKM50;08-Apr-2020;9;220
UKM50;09-Apr-2020;11;231
UKM50;10-Apr-2020;23;254
UKM50;11-Apr-2020;22;276
UKM50;12-Apr-2020;14;290
UKM50;13-Apr-2020;19;309
UKM50;14-Apr-2020;39;348
UKM50;15-Apr-2020;12;360
UKM50;16-Apr-2020;25;385
UKM50;17-Apr-2020;37;422
UKM50;18-Apr-2020;24;446
UKM50;19-Apr-2020;16;462
UKM50;20-Apr-2020;53;515
UKM50;21-Apr-2020;57;572
UKM50;22-Apr-2020;36;608
UKM50;23-Apr-2020;46;654
UKM50;24-Apr-2020;51;705
UKM50;25-Apr-2020;22;727
UKM50;26-Apr-2020;16;743
UKM50;27-Apr-2020;40;783
UKM50;28-Apr-2020;28;811
UKM50;29-Apr-2020;24;835
UKM50;30-Apr-2020;24;859
UKM50;01-May-2020;30;889
UKM50;02-May-2020;22;911
UKM50;03-May-2020;10;921
UKM50;04-May-2020;16;937
UKM50;05-May-2020;17;954
UKM50;06-May-2020;30;984
UKM50;07-May-2020;22;1006
UKM50;08-May-2020;23;1029
UKM50;09-May-2020;27;1056
UKM50;10-May-2020;16;1072
UKM50;11-May-2020;39;1111
UKM50;12-May-2020;23;1134
UKM50;13-May-2020;13;1147
UKM50;14-May-2020;19;1166
UKM50;15-May-2020;15;1181
UKM50;16-May-2020;6;1187
UKM50;17-May-2020;3;1190
UKM50;18-May-2020;14;1204
UKM50;19-May-2020;13;1217
UKM50;20-May-2020;6;1223
UKM50;21-May-2020;6;1229
UKM50;22-May-2020;8;1237
UKM50;23-May-2020;7;1244
UKM50;24-May-2020;5;1249
UKM50;25-May-2020;3;1252
UKM50;26-May-2020;6;1258
UKM50;27-May-2020;8;1266
UKM50;28-May-2020;2;1268
UKM50;29-May-2020;1;1269
UKM50;30-May-2020;5;1274
UKM50;31-May-2020;2;1276
UKM50;01-Jun-2020;2;1278
UKM50;02-Jun-2020;7;1285
UKM50;03-Jun-2020;1;1286
UKM50;04-Jun-2020;0;1286
UKM50;05-Jun-2020;1;1287
UKM50;06-Jun-2020;0;1287
UKM50;07-Jun-2020;1;1288
UKM50;08-Jun-2020;2;1290
UKM50;09-Jun-2020;1;1291
UKM50;10-Jun-2020;0;1291
UKM50;11-Jun-2020;0;1291
UKM50;12-Jun-2020;2;1293
UKM50;13-Jun-2020;4;1297
UKM50;14-Jun-2020;0;1297
UKM50;15-Jun-2020;4;1301
UKM50;16-Jun-2020;1;1302
UKM50;17-Jun-2020;0;1302
UKM50;18-Jun-2020;1;1303
UKM50;19-Jun-2020;2;1305
UKM50;20-Jun-2020;0;1305
UKM50;21-Jun-2020;1;1306
UKM50;22-Jun-2020;0;1306
UKM50;23-Jun-2020;1;1307
UKM50;24-Jun-2020;0;1307
UKM50;25-Jun-2020;3;1310
UKM50;26-Jun-2020;2;1312
UKM50;27-Jun-2020;0;1312
UKM50;28-Jun-2020;0;1312
UKM50;29-Jun-2020;2;1314
UKM50;30-Jun-2020;2;1316
UKM50;01-Jul-2020;0;1316
UKM50;02-Jul-2020;2;1318
UKM50;03-Jul-2020;0;1318
UKM50;04-Jul-2020;0;1318
UKM50;05-Jul-2020;0;1318
UKM50;06-Jul-2020;1;1319
UKM50;07-Jul-2020;1;1320
UKM50;08-Jul-2020;1;1321
UKM50;09-Jul-2020;0;1321
UKM50;10-Jul-2020;1;1322
UKM50;11-Jul-2020;1;1323
UKM50;12-Jul-2020;1;1324
UKM50;13-Jul-2020;0;1324
UKM50;14-Jul-2020;0;1324
UKM50;15-Jul-2020;2;1326
UKM50;16-Jul-2020;3;1329
UKM50;17-Jul-2020;0;1329
UKM50;18-Jul-2020;0;1329
UKM50;19-Jul-2020;0;1329
UKM50;20-Jul-2020;0;1329
UKM50;21-Jul-2020;1;1330
UKM50;22-Jul-2020;1;1331
UKM50;23-Jul-2020;3;1334
UKM50;24-Jul-2020;0;1334
UKM50;25-Jul-2020;0;1334
UKM50;26-Jul-2020;0;1334
UKM50;27-Jul-2020;0;1334
UKM50;28-Jul-2020;3;1337
UKM50;29-Jul-2020;0;1337
UKM50;30-Jul-2020;5;1342
UKM50;31-Jul-2020;12;1354
UKM50;01-Aug-2020;11;1365
UKM50;02-Aug-2020;10;1375
UKM50;03-Aug-2020;31;1406
UKM50;04-Aug-2020;30;1436
UKM50;05-Aug-2020;45;1481
UKM50;06-Aug-2020;37;1518
UKM50;07-Aug-2020;24;1542
UKM50;08-Aug-2020;23;1565
UKM50;09-Aug-2020;16;1581
UKM50;10-Aug-2020;23;1604
UKM50;11-Aug-2020;32;1636
UKM50;12-Aug-2020;25;1661
UKM50;13-Aug-2020;17;1678
UKM50;14-Aug-2020;22;1700
UKM50;15-Aug-2020;8;1708
UKM50;16-Aug-2020;4;1712
UKM50;17-Aug-2020;8;1720
UKM50;18-Aug-2020;11;1731
UKM50;19-Aug-2020;7;1738
UKM50;20-Aug-2020;8;1746
UKM50;21-Aug-2020;4;1750
UKM50;22-Aug-2020;5;1755
UKM50;23-Aug-2020;3;1758
UKM50;24-Aug-2020;2;1760
UKM50;25-Aug-2020;5;1765
UKM50;26-Aug-2020;4;1769
UKM50;27-Aug-2020;5;1774
UKM50;28-Aug-2020;1;1775
UKM50;29-Aug-2020;1;1776
UKM50;30-Aug-2020;0;1776
UKM50;31-Aug-2020;2;1778
UKM50;01-Sep-2020;10;1788
UKM50;02-Sep-2020;8;1796
UKM50;03-Sep-2020;8;1804
UKM50;04-Sep-2020;8;1812
UKM50;05-Sep-2020;4;1816
UKM50;06-Sep-2020;4;1820
UKM50;07-Sep-2020;2;1822
UKM50;08-Sep-2020;3;1825
UKM50;09-Sep-2020;3;1828
UKM50;10-Sep-2020;2;1830
UKM50;11-Sep-2020;5;1835
UKM50;12-Sep-2020;4;1839
UKM50;13-Sep-2020;4;1843
UKM50;14-Sep-2020;7;1850
UKM50;15-Sep-2020;3;1853
UKM50;16-Sep-2020;12;1865
UKM50;17-Sep-2020;9;1874
UKM50;18-Sep-2020;21;1895
UKM50;19-Sep-2020;10;1905
UKM50;20-Sep-2020;8;1913
UKM50;21-Sep-2020;12;1925
UKM50;22-Sep-2020;15;1940
UKM50;23-Sep-2020;11;1951
UKM50;24-Sep-2020;25;1976
UKM50;25-Sep-2020;29;2005
UKM50;26-Sep-2020;17;2022
UKM50;27-Sep-2020;27;2049
UKM50;28-Sep-2020;34;2083
UKM50;29-Sep-2020;20;2103
UKM50;30-Sep-2020;26;2129
UKM50;01-Oct-2020;15;2144
UKM50;02-Oct-2020;23;2167
UKM50;03-Oct-2020;23;2190
UKM50;04-Oct-2020;16;2206
UKM50;05-Oct-2020;47;2253
UKM50;06-Oct-2020;41;2294
UKM50;07-Oct-2020;56;2350
UKM50;08-Oct-2020;46;2396
UKM50;09-Oct-2020;46;2442
UKM50;10-Oct-2020;31;2473
UKM50;11-Oct-2020;30;2503
UKM50;12-Oct-2020;46;2549
UKM50;13-Oct-2020;30;2579
UKM50;14-Oct-2020;33;2612
UKM50;15-Oct-2020;36;2648
UKM50;16-Oct-2020;36;2684
UKM50;17-Oct-2020;16;2700
UKM50;18-Oct-2020;23;2723
UKM50;19-Oct-2020;27;2750
UKM50;20-Oct-2020;28;2778
UKM50;21-Oct-2020;21;2799
UKM50;22-Oct-2020;24;2823
UKM50;23-Oct-2020;28;2851
UKM50;24-Oct-2020;28;2879
UKM50;25-Oct-2020;15;2894
UKM50;26-Oct-2020;26;2920
UKM50;27-Oct-2020;21;2941
UKM50;28-Oct-2020;21;2962
UKM50;29-Oct-2020;40;3002
UKM50;30-Oct-2020;22;3024
UKM50;31-Oct-2020;7;3031
UKM50;01-Nov-2020;13;3044
UKM50;02-Nov-2020;41;3085
UKM50;03-Nov-2020;17;3102
UKM50;04-Nov-2020;30;3132
UKM50;05-Nov-2020;18;3150
UKM50;06-Nov-2020;30;3180
UKM50;07-Nov-2020;15;3195
UKM50;08-Nov-2020;16;3211
UKM50;09-Nov-2020;47;3258
UKM50;10-Nov-2020;47;3305
UKM50;11-Nov-2020;47;3352
UKM50;12-Nov-2020;53;3405
UKM50;13-Nov-2020;46;3451
UKM50;14-Nov-2020;33;3484
UKM50;15-Nov-2020;26;3510
UKM50;16-Nov-2020;38;3548
UKM50;17-Nov-2020;57;3605
UKM50;18-Nov-2020;55;3660
UKM50;19-Nov-2020;42;3702
UKM50;20-Nov-2020;37;3739
UKM50;21-Nov-2020;42;3781
UKM50;22-Nov-2020;39;3820
UKM50;23-Nov-2020;5;3825
UKM61;28-Feb-2020;0;0
UKM61;29-Feb-2020;0;0
UKM61;01-Mar-2020;0;0
UKM61;02-Mar-2020;0;0
UKM61;03-Mar-2020;0;0
UKM61;04-Mar-2020;0;0
UKM61;05-Mar-2020;0;0
UKM61;06-Mar-2020;0;0
UKM61;07-Mar-2020;0;0
UKM61;08-Mar-2020;0;0
UKM61;09-Mar-2020;0;0
UKM61;10-Mar-2020;1;1
UKM61;11-Mar-2020;0;1
UKM61;12-Mar-2020;0;1
UKM61;13-Mar-2020;4;5
UKM61;14-Mar-2020;0;5
UKM61;15-Mar-2020;0;5
UKM61;16-Mar-2020;0;5
UKM61;17-Mar-2020;1;6
UKM61;18-Mar-2020;0;6
UKM61;19-Mar-2020;1;7
UKM61;20-Mar-2020;1;8
UKM61;21-Mar-2020;1;9
UKM61;22-Mar-2020;2;11
UKM61;23-Mar-2020;3;14
UKM61;24-Mar-2020;0;14
UKM61;25-Mar-2020;3;17
UKM61;26-Mar-2020;2;19
UKM61;27-Mar-2020;1;20
UKM61;28-Mar-2020;2;22
UKM61;29-Mar-2020;3;25
UKM61;30-Mar-2020;4;29
UKM61;31-Mar-2020;6;35
UKM61;01-Apr-2020;1;36
UKM61;02-Apr-2020;8;44
UKM61;03-Apr-2020;9;53
UKM61;04-Apr-2020;4;57
UKM61;05-Apr-2020;5;62
UKM61;06-Apr-2020;5;67
UKM61;07-Apr-2020;13;80
UKM61;08-Apr-2020;3;83
UKM61;09-Apr-2020;2;85
UKM61;10-Apr-2020;3;88
UKM61;11-Apr-2020;4;92
UKM61;12-Apr-2020;5;97
UKM61;13-Apr-2020;10;107
UKM61;14-Apr-2020;4;111
UKM61;15-Apr-2020;2;113
UKM61;16-Apr-2020;6;119
UKM61;17-Apr-2020;2;121
UKM61;18-Apr-2020;0;121
UKM61;19-Apr-2020;0;121
UKM61;20-Apr-2020;3;124
UKM61;21-Apr-2020;0;124
UKM61;22-Apr-2020;0;124
UKM61;23-Apr-2020;1;125
UKM61;24-Apr-2020;1;126
UKM61;25-Apr-2020;1;127
UKM61;26-Apr-2020;3;130
UKM61;27-Apr-2020;4;134
UKM61;28-Apr-2020;4;138
UKM61;29-Apr-2020;21;159
UKM61;30-Apr-2020;28;187
UKM61;01-May-2020;0;187
UKM61;02-May-2020;1;188
UKM61;03-May-2020;0;188
UKM61;04-May-2020;2;190
UKM61;05-May-2020;1;191
UKM61;06-May-2020;0;191
UKM61;07-May-2020;0;191
UKM61;08-May-2020;2;193
UKM61;09-May-2020;0;193
UKM61;10-May-2020;1;194
UKM61;11-May-2020;1;195
UKM61;12-May-2020;5;200
UKM61;13-May-2020;2;202
UKM61;14-May-2020;1;203
UKM61;15-May-2020;0;203
UKM61;16-May-2020;1;204
UKM61;17-May-2020;1;205
UKM61;18-May-2020;0;205
UKM61;19-May-2020;1;206
UKM61;20-May-2020;0;206
UKM61;21-May-2020;1;207
UKM61;22-May-2020;0;207
UKM61;23-May-2020;0;207
UKM61;24-May-2020;0;207
UKM61;25-May-2020;0;207
UKM61;26-May-2020;1;208
UKM61;27-May-2020;0;208
UKM61;28-May-2020;0;208
UKM61;29-May-2020;0;208
UKM61;30-May-2020;1;209
UKM61;31-May-2020;0;209
UKM61;01-Jun-2020;1;210
UKM61;02-Jun-2020;0;210
UKM61;03-Jun-2020;0;210
UKM61;04-Jun-2020;0;210
UKM61;05-Jun-2020;0;210
UKM61;06-Jun-2020;0;210
UKM61;07-Jun-2020;0;210
UKM61;08-Jun-2020;0;210
UKM61;09-Jun-2020;1;211
UKM61;10-Jun-2020;0;211
UKM61;11-Jun-2020;0;211
UKM61;12-Jun-2020;1;212
UKM61;13-Jun-2020;0;212
UKM61;14-Jun-2020;0;212
UKM61;15-Jun-2020;0;212
UKM61;16-Jun-2020;0;212
UKM61;17-Jun-2020;0;212
UKM61;18-Jun-2020;0;212
UKM61;19-Jun-2020;0;212
UKM61;20-Jun-2020;0;212
UKM61;21-Jun-2020;0;212
UKM61;22-Jun-2020;0;212
UKM61;23-Jun-2020;0;212
UKM61;24-Jun-2020;0;212
UKM61;25-Jun-2020;0;212
UKM61;26-Jun-2020;0;212
UKM61;27-Jun-2020;0;212
UKM61;28-Jun-2020;0;212
UKM61;29-Jun-2020;0;212
UKM61;30-Jun-2020;0;212
UKM61;01-Jul-2020;0;212
UKM61;02-Jul-2020;0;212
UKM61;03-Jul-2020;1;213
UKM61;04-Jul-2020;0;213
UKM61;05-Jul-2020;0;213
UKM61;06-Jul-2020;0;213
UKM61;07-Jul-2020;1;214
UKM61;08-Jul-2020;0;214
UKM61;09-Jul-2020;0;214
UKM61;10-Jul-2020;0;214
UKM61;11-Jul-2020;0;214
UKM61;12-Jul-2020;0;214
UKM61;13-Jul-2020;0;214
UKM61;14-Jul-2020;0;214
UKM61;15-Jul-2020;0;214
UKM61;16-Jul-2020;0;214
UKM61;17-Jul-2020;0;214
UKM61;18-Jul-2020;0;214
UKM61;19-Jul-2020;0;214
UKM61;20-Jul-2020;0;214
UKM61;21-Jul-2020;1;215
UKM61;22-Jul-2020;1;216
UKM61;23-Jul-2020;0;216
UKM61;24-Jul-2020;0;216
UKM61;25-Jul-2020;0;216
UKM61;26-Jul-2020;0;216
UKM61;27-Jul-2020;0;216
UKM61;28-Jul-2020;0;216
UKM61;29-Jul-2020;1;217
UKM61;30-Jul-2020;0;217
UKM61;31-Jul-2020;0;217
UKM61;01-Aug-2020;0;217
UKM61;02-Aug-2020;0;217
UKM61;03-Aug-2020;0;217
UKM61;04-Aug-2020;0;217
UKM61;05-Aug-2020;0;217
UKM61;06-Aug-2020;0;217
UKM61;07-Aug-2020;3;220
UKM61;08-Aug-2020;0;220
UKM61;09-Aug-2020;0;220
UKM61;10-Aug-2020;0;220
UKM61;11-Aug-2020;0;220
UKM61;12-Aug-2020;0;220
UKM61;13-Aug-2020;0;220
UKM61;14-Aug-2020;0;220
UKM61;15-Aug-2020;0;220
UKM61;16-Aug-2020;1;221
UKM61;17-Aug-2020;2;223
UKM61;18-Aug-2020;1;224
UKM61;19-Aug-2020;1;225
UKM61;20-Aug-2020;2;227
UKM61;21-Aug-2020;0;227
UKM61;22-Aug-2020;0;227
UKM61;23-Aug-2020;1;228
UKM61;24-Aug-2020;2;230
UKM61;25-Aug-2020;0;230
UKM61;26-Aug-2020;1;231
UKM61;27-Aug-2020;3;234
UKM61;28-Aug-2020;5;239
UKM61;29-Aug-2020;1;240
UKM61;30-Aug-2020;1;241
UKM61;31-Aug-2020;3;244
UKM61;01-Sep-2020;19;263
UKM61;02-Sep-2020;3;266
UKM61;03-Sep-2020;4;270
UKM61;04-Sep-2020;5;275
UKM61;05-Sep-2020;5;280
UKM61;06-Sep-2020;3;283
UKM61;07-Sep-2020;0;283
UKM61;08-Sep-2020;2;285
UKM61;09-Sep-2020;2;287
UKM61;10-Sep-2020;2;289
UKM61;11-Sep-2020;4;293
UKM61;12-Sep-2020;6;299
UKM61;13-Sep-2020;3;302
UKM61;14-Sep-2020;3;305
UKM61;15-Sep-2020;7;312
UKM61;16-Sep-2020;8;320
UKM61;17-Sep-2020;7;327
UKM61;18-Sep-2020;9;336
UKM61;19-Sep-2020;2;338
UKM61;20-Sep-2020;3;341
UKM61;21-Sep-2020;7;348
UKM61;22-Sep-2020;10;358
UKM61;23-Sep-2020;9;367
UKM61;24-Sep-2020;7;374
UKM61;25-Sep-2020;6;380
UKM61;26-Sep-2020;0;380
UKM61;27-Sep-2020;2;382
UKM61;28-Sep-2020;9;391
UKM61;29-Sep-2020;8;399
UKM61;30-Sep-2020;8;407
UKM61;01-Oct-2020;10;417
UKM61;02-Oct-2020;10;427
UKM61;03-Oct-2020;5;432
UKM61;04-Oct-2020;4;436
UKM61;05-Oct-2020;10;446
UKM61;06-Oct-2020;5;451
UKM61;07-Oct-2020;3;454
UKM61;08-Oct-2020;3;457
UKM61;09-Oct-2020;7;464
UKM61;10-Oct-2020;2;466
UKM61;11-Oct-2020;8;474
UKM61;12-Oct-2020;2;476
UKM61;13-Oct-2020;13;489
UKM61;14-Oct-2020;8;497
UKM61;15-Oct-2020;6;503
UKM61;16-Oct-2020;11;514
UKM61;17-Oct-2020;5;519
UKM61;18-Oct-2020;8;527
UKM61;19-Oct-2020;6;533
UKM61;20-Oct-2020;13;546
UKM61;21-Oct-2020;2;548
UKM61;22-Oct-2020;5;553
UKM61;23-Oct-2020;6;559
UKM61;24-Oct-2020;2;561
UKM61;25-Oct-2020;2;563
UKM61;26-Oct-2020;13;576
UKM61;27-Oct-2020;7;583
UKM61;28-Oct-2020;10;593
UKM61;29-Oct-2020;7;600
UKM61;30-Oct-2020;14;614
UKM61;31-Oct-2020;4;618
UKM61;01-Nov-2020;4;622
UKM61;02-Nov-2020;6;628
UKM61;03-Nov-2020;15;643
UKM61;04-Nov-2020;11;654
UKM61;05-Nov-2020;9;663
UKM61;06-Nov-2020;14;677
UKM61;07-Nov-2020;1;678
UKM61;08-Nov-2020;5;683
UKM61;09-Nov-2020;5;688
UKM61;10-Nov-2020;11;699
UKM61;11-Nov-2020;7;706
UKM61;12-Nov-2020;11;717
UKM61;13-Nov-2020;8;725
UKM61;14-Nov-2020;7;732
UKM61;15-Nov-2020;2;734
UKM61;16-Nov-2020;16;750
UKM61;17-Nov-2020;4;754
UKM61;18-Nov-2020;5;759
UKM61;19-Nov-2020;4;763
UKM61;20-Nov-2020;7;770
UKM61;21-Nov-2020;6;776
UKM61;22-Nov-2020;2;778
UKM61;23-Nov-2020;1;779
UKM62;28-Feb-2020;0;0
UKM62;29-Feb-2020;0;0
UKM62;01-Mar-2020;1;1
UKM62;02-Mar-2020;0;1
UKM62;03-Mar-2020;0;1
UKM62;04-Mar-2020;1;2
UKM62;05-Mar-2020;0;2
UKM62;06-Mar-2020;0;2
UKM62;07-Mar-2020;0;2
UKM62;08-Mar-2020;0;2
UKM62;09-Mar-2020;0;2
UKM62;10-Mar-2020;0;2
UKM62;11-Mar-2020;0;2
UKM62;12-Mar-2020;0;2
UKM62;13-Mar-2020;0;2
UKM62;14-Mar-2020;0;2
UKM62;15-Mar-2020;0;2
UKM62;16-Mar-2020;0;2
UKM62;17-Mar-2020;0;2
UKM62;18-Mar-2020;0;2
UKM62;19-Mar-2020;0;2
UKM62;20-Mar-2020;0;2
UKM62;21-Mar-2020;0;2
UKM62;22-Mar-2020;0;2
UKM62;23-Mar-2020;0;2
UKM62;24-Mar-2020;0;2
UKM62;25-Mar-2020;0;2
UKM62;26-Mar-2020;2;4
UKM62;27-Mar-2020;0;4
UKM62;28-Mar-2020;1;5
UKM62;29-Mar-2020;1;6
UKM62;30-Mar-2020;0;6
UKM62;31-Mar-2020;1;7
UKM62;01-Apr-2020;2;9
UKM62;02-Apr-2020;0;9
UKM62;03-Apr-2020;1;10
UKM62;04-Apr-2020;0;10
UKM62;05-Apr-2020;0;10
UKM62;06-Apr-2020;2;12
UKM62;07-Apr-2020;0;12
UKM62;08-Apr-2020;1;13
UKM62;09-Apr-2020;3;16
UKM62;10-Apr-2020;3;19
UKM62;11-Apr-2020;2;21
UKM62;12-Apr-2020;0;21
UKM62;13-Apr-2020;1;22
UKM62;14-Apr-2020;1;23
UKM62;15-Apr-2020;0;23
UKM62;16-Apr-2020;2;25
UKM62;17-Apr-2020;2;27
UKM62;18-Apr-2020;2;29
UKM62;19-Apr-2020;0;29
UKM62;20-Apr-2020;0;29
UKM62;21-Apr-2020;2;31
UKM62;22-Apr-2020;0;31
UKM62;23-Apr-2020;1;32
UKM62;24-Apr-2020;1;33
UKM62;25-Apr-2020;1;34
UKM62;26-Apr-2020;1;35
UKM62;27-Apr-2020;1;36
UKM62;28-Apr-2020;2;38
UKM62;29-Apr-2020;0;38
UKM62;30-Apr-2020;2;40
UKM62;01-May-2020;1;41
UKM62;02-May-2020;0;41
UKM62;03-May-2020;0;41
UKM62;04-May-2020;3;44
UKM62;05-May-2020;3;47
UKM62;06-May-2020;4;51
UKM62;07-May-2020;0;51
UKM62;08-May-2020;1;52
UKM62;09-May-2020;4;56
UKM62;10-May-2020;3;59
UKM62;11-May-2020;4;63
UKM62;12-May-2020;5;68
UKM62;13-May-2020;5;73
UKM62;14-May-2020;2;75
UKM62;15-May-2020;2;77
UKM62;16-May-2020;0;77
UKM62;17-May-2020;0;77
UKM62;18-May-2020;2;79
UKM62;19-May-2020;2;81
UKM62;20-May-2020;0;81
UKM62;21-May-2020;0;81
UKM62;22-May-2020;2;83
UKM62;23-May-2020;0;83
UKM62;24-May-2020;0;83
UKM62;25-May-2020;0;83
UKM62;26-May-2020;1;84
UKM62;27-May-2020;0;84
UKM62;28-May-2020;0;84
UKM62;29-May-2020;0;84
UKM62;30-May-2020;0;84
UKM62;31-May-2020;0;84
UKM62;01-Jun-2020;0;84
UKM62;02-Jun-2020;0;84
UKM62;03-Jun-2020;0;84
UKM62;04-Jun-2020;0;84
UKM62;05-Jun-2020;0;84
UKM62;06-Jun-2020;0;84
UKM62;07-Jun-2020;0;84
UKM62;08-Jun-2020;0;84
UKM62;09-Jun-2020;0;84
UKM62;10-Jun-2020;0;84
UKM62;11-Jun-2020;0;84
UKM62;12-Jun-2020;0;84
UKM62;13-Jun-2020;0;84
UKM62;14-Jun-2020;0;84
UKM62;15-Jun-2020;0;84
UKM62;16-Jun-2020;0;84
UKM62;17-Jun-2020;0;84
UKM62;18-Jun-2020;0;84
UKM62;19-Jun-2020;0;84
UKM62;20-Jun-2020;0;84
UKM62;21-Jun-2020;0;84
UKM62;22-Jun-2020;0;84
UKM62;23-Jun-2020;0;84
UKM62;24-Jun-2020;0;84
UKM62;25-Jun-2020;0;84
UKM62;26-Jun-2020;0;84
UKM62;27-Jun-2020;0;84
UKM62;28-Jun-2020;0;84
UKM62;29-Jun-2020;0;84
UKM62;30-Jun-2020;0;84
UKM62;01-Jul-2020;0;84
UKM62;02-Jul-2020;0;84
UKM62;03-Jul-2020;1;85
UKM62;04-Jul-2020;0;85
UKM62;05-Jul-2020;0;85
UKM62;06-Jul-2020;0;85
UKM62;07-Jul-2020;0;85
UKM62;08-Jul-2020;0;85
UKM62;09-Jul-2020;0;85
UKM62;10-Jul-2020;0;85
UKM62;11-Jul-2020;0;85
UKM62;12-Jul-2020;0;85
UKM62;13-Jul-2020;0;85
UKM62;14-Jul-2020;0;85
UKM62;15-Jul-2020;0;85
UKM62;16-Jul-2020;2;87
UKM62;17-Jul-2020;1;88
UKM62;18-Jul-2020;0;88
UKM62;19-Jul-2020;0;88
UKM62;20-Jul-2020;0;88
UKM62;21-Jul-2020;0;88
UKM62;22-Jul-2020;0;88
UKM62;23-Jul-2020;0;88
UKM62;24-Jul-2020;0;88
UKM62;25-Jul-2020;0;88
UKM62;26-Jul-2020;0;88
UKM62;27-Jul-2020;0;88
UKM62;28-Jul-2020;0;88
UKM62;29-Jul-2020;2;90
UKM62;30-Jul-2020;0;90
UKM62;31-Jul-2020;0;90
UKM62;01-Aug-2020;1;91
UKM62;02-Aug-2020;0;91
UKM62;03-Aug-2020;0;91
UKM62;04-Aug-2020;0;91
UKM62;05-Aug-2020;0;91
UKM62;06-Aug-2020;0;91
UKM62;07-Aug-2020;0;91
UKM62;08-Aug-2020;0;91
UKM62;09-Aug-2020;1;92
UKM62;10-Aug-2020;2;94
UKM62;11-Aug-2020;0;94
UKM62;12-Aug-2020;1;95
UKM62;13-Aug-2020;2;97
UKM62;14-Aug-2020;0;97
UKM62;15-Aug-2020;0;97
UKM62;16-Aug-2020;1;98
UKM62;17-Aug-2020;1;99
UKM62;18-Aug-2020;1;100
UKM62;19-Aug-2020;1;101
UKM62;20-Aug-2020;0;101
UKM62;21-Aug-2020;0;101
UKM62;22-Aug-2020;1;102
UKM62;23-Aug-2020;0;102
UKM62;24-Aug-2020;1;103
UKM62;25-Aug-2020;1;104
UKM62;26-Aug-2020;0;104
UKM62;27-Aug-2020;0;104
UKM62;28-Aug-2020;0;104
UKM62;29-Aug-2020;0;104
UKM62;30-Aug-2020;0;104
UKM62;31-Aug-2020;2;106
UKM62;01-Sep-2020;4;110
UKM62;02-Sep-2020;0;110
UKM62;03-Sep-2020;1;111
UKM62;04-Sep-2020;0;111
UKM62;05-Sep-2020;0;111
UKM62;06-Sep-2020;1;112
UKM62;07-Sep-2020;0;112
UKM62;08-Sep-2020;2;114
UKM62;09-Sep-2020;0;114
UKM62;10-Sep-2020;1;115
UKM62;11-Sep-2020;4;119
UKM62;12-Sep-2020;3;122
UKM62;13-Sep-2020;0;122
UKM62;14-Sep-2020;0;122
UKM62;15-Sep-2020;0;122
UKM62;16-Sep-2020;2;124
UKM62;17-Sep-2020;1;125
UKM62;18-Sep-2020;0;125
UKM62;19-Sep-2020;1;126
UKM62;20-Sep-2020;1;127
UKM62;21-Sep-2020;1;128
UKM62;22-Sep-2020;1;129
UKM62;23-Sep-2020;1;130
UKM62;24-Sep-2020;1;131
UKM62;25-Sep-2020;0;131
UKM62;26-Sep-2020;0;131
UKM62;27-Sep-2020;1;132
UKM62;28-Sep-2020;2;134
UKM62;29-Sep-2020;2;136
UKM62;30-Sep-2020;0;136
UKM62;01-Oct-2020;0;136
UKM62;02-Oct-2020;1;137
UKM62;03-Oct-2020;0;137
UKM62;04-Oct-2020;2;139
UKM62;05-Oct-2020;2;141
UKM62;06-Oct-2020;2;143
UKM62;07-Oct-2020;3;146
UKM62;08-Oct-2020;6;152
UKM62;09-Oct-2020;2;154
UKM62;10-Oct-2020;2;156
UKM62;11-Oct-2020;1;157
UKM62;12-Oct-2020;2;159
UKM62;13-Oct-2020;2;161
UKM62;14-Oct-2020;5;166
UKM62;15-Oct-2020;1;167
UKM62;16-Oct-2020;3;170
UKM62;17-Oct-2020;2;172
UKM62;18-Oct-2020;0;172
UKM62;19-Oct-2020;3;175
UKM62;20-Oct-2020;5;180
UKM62;21-Oct-2020;3;183
UKM62;22-Oct-2020;1;184
UKM62;23-Oct-2020;4;188
UKM62;24-Oct-2020;2;190
UKM62;25-Oct-2020;0;190
UKM62;26-Oct-2020;1;191
UKM62;27-Oct-2020;2;193
UKM62;28-Oct-2020;3;196
UKM62;29-Oct-2020;2;198
UKM62;30-Oct-2020;1;199
UKM62;31-Oct-2020;0;199
UKM62;01-Nov-2020;0;199
UKM62;02-Nov-2020;3;202
UKM62;03-Nov-2020;8;210
UKM62;04-Nov-2020;1;211
UKM62;05-Nov-2020;2;213
UKM62;06-Nov-2020;5;218
UKM62;07-Nov-2020;4;222
UKM62;08-Nov-2020;4;226
UKM62;09-Nov-2020;1;227
UKM62;10-Nov-2020;9;236
UKM62;11-Nov-2020;1;237
UKM62;12-Nov-2020;10;247
UKM62;13-Nov-2020;3;250
UKM62;14-Nov-2020;2;252
UKM62;15-Nov-2020;0;252
UKM62;16-Nov-2020;6;258
UKM62;17-Nov-2020;5;263
UKM62;18-Nov-2020;3;266
UKM62;19-Nov-2020;2;268
UKM62;20-Nov-2020;0;268
UKM62;21-Nov-2020;2;270
UKM62;22-Nov-2020;0;270
UKM62;23-Nov-2020;0;270
UKM63;28-Feb-2020;0;0
UKM63;29-Feb-2020;0;0
UKM63;01-Mar-2020;0;0
UKM63;02-Mar-2020;1;1
UKM63;03-Mar-2020;0;1
UKM63;04-Mar-2020;0;1
UKM63;05-Mar-2020;0;1
UKM63;06-Mar-2020;0;1
UKM63;07-Mar-2020;0;1
UKM63;08-Mar-2020;0;1
UKM63;09-Mar-2020;0;1
UKM63;10-Mar-2020;1;2
UKM63;11-Mar-2020;1;3
UKM63;12-Mar-2020;0;3
UKM63;13-Mar-2020;0;3
UKM63;14-Mar-2020;0;3
UKM63;15-Mar-2020;1;4
UKM63;16-Mar-2020;1;5
UKM63;17-Mar-2020;1;6
UKM63;18-Mar-2020;2;8
UKM63;19-Mar-2020;2;10
UKM63;20-Mar-2020;3;13
UKM63;21-Mar-2020;2;15
UKM63;22-Mar-2020;3;18
UKM63;23-Mar-2020;6;24
UKM63;24-Mar-2020;12;36
UKM63;25-Mar-2020;3;39
UKM63;26-Mar-2020;6;45
UKM63;27-Mar-2020;16;61
UKM63;28-Mar-2020;8;69
UKM63;29-Mar-2020;6;75
UKM63;30-Mar-2020;12;87
UKM63;31-Mar-2020;8;95
UKM63;01-Apr-2020;11;106
UKM63;02-Apr-2020;11;117
UKM63;03-Apr-2020;11;128
UKM63;04-Apr-2020;9;137
UKM63;05-Apr-2020;6;143
UKM63;06-Apr-2020;10;153
UKM63;07-Apr-2020;10;163
UKM63;08-Apr-2020;13;176
UKM63;09-Apr-2020;7;183
UKM63;10-Apr-2020;10;193
UKM63;11-Apr-2020;2;195
UKM63;12-Apr-2020;3;198
UKM63;13-Apr-2020;8;206
UKM63;14-Apr-2020;15;221
UKM63;15-Apr-2020;9;230
UKM63;16-Apr-2020;11;241
UKM63;17-Apr-2020;13;254
UKM63;18-Apr-2020;10;264
UKM63;19-Apr-2020;8;272
UKM63;20-Apr-2020;25;297
UKM63;21-Apr-2020;7;304
UKM63;22-Apr-2020;6;310
UKM63;23-Apr-2020;12;322
UKM63;24-Apr-2020;12;334
UKM63;25-Apr-2020;2;336
UKM63;26-Apr-2020;7;343
UKM63;27-Apr-2020;10;353
UKM63;28-Apr-2020;9;362
UKM63;29-Apr-2020;15;377
UKM63;30-Apr-2020;5;382
UKM63;01-May-2020;12;394
UKM63;02-May-2020;11;405
UKM63;03-May-2020;11;416
UKM63;04-May-2020;2;418
UKM63;05-May-2020;5;423
UKM63;06-May-2020;13;436
UKM63;07-May-2020;2;438
UKM63;08-May-2020;3;441
UKM63;09-May-2020;15;456
UKM63;10-May-2020;32;488
UKM63;11-May-2020;3;491
UKM63;12-May-2020;5;496
UKM63;13-May-2020;5;501
UKM63;14-May-2020;1;502
UKM63;15-May-2020;1;503
UKM63;16-May-2020;2;505
UKM63;17-May-2020;4;509
UKM63;18-May-2020;0;509
UKM63;19-May-2020;4;513
UKM63;20-May-2020;3;516
UKM63;21-May-2020;2;518
UKM63;22-May-2020;1;519
UKM63;23-May-2020;0;519
UKM63;24-May-2020;1;520
UKM63;25-May-2020;5;525
UKM63;26-May-2020;3;528
UKM63;27-May-2020;3;531
UKM63;28-May-2020;8;539
UKM63;29-May-2020;1;540
UKM63;30-May-2020;1;541
UKM63;31-May-2020;0;541
UKM63;01-Jun-2020;2;543
UKM63;02-Jun-2020;2;545
UKM63;03-Jun-2020;2;547
UKM63;04-Jun-2020;3;550
UKM63;05-Jun-2020;3;553
UKM63;06-Jun-2020;1;554
UKM63;07-Jun-2020;1;555
UKM63;08-Jun-2020;0;555
UKM63;09-Jun-2020;1;556
UKM63;10-Jun-2020;3;559
UKM63;11-Jun-2020;2;561
UKM63;12-Jun-2020;0;561
UKM63;13-Jun-2020;0;561
UKM63;14-Jun-2020;1;562
UKM63;15-Jun-2020;0;562
UKM63;16-Jun-2020;0;562
UKM63;17-Jun-2020;1;563
UKM63;18-Jun-2020;2;565
UKM63;19-Jun-2020;0;565
UKM63;20-Jun-2020;0;565
UKM63;21-Jun-2020;2;567
UKM63;22-Jun-2020;0;567
UKM63;23-Jun-2020;0;567
UKM63;24-Jun-2020;0;567
UKM63;25-Jun-2020;0;567
UKM63;26-Jun-2020;0;567
UKM63;27-Jun-2020;0;567
UKM63;28-Jun-2020;0;567
UKM63;29-Jun-2020;0;567
UKM63;30-Jun-2020;0;567
UKM63;01-Jul-2020;0;567
UKM63;02-Jul-2020;0;567
UKM63;03-Jul-2020;1;568
UKM63;04-Jul-2020;0;568
UKM63;05-Jul-2020;0;568
UKM63;06-Jul-2020;0;568
UKM63;07-Jul-2020;0;568
UKM63;08-Jul-2020;0;568
UKM63;09-Jul-2020;1;569
UKM63;10-Jul-2020;0;569
UKM63;11-Jul-2020;0;569
UKM63;12-Jul-2020;0;569
UKM63;13-Jul-2020;0;569
UKM63;14-Jul-2020;2;571
UKM63;15-Jul-2020;0;571
UKM63;16-Jul-2020;1;572
UKM63;17-Jul-2020;2;574
UKM63;18-Jul-2020;0;574
UKM63;19-Jul-2020;0;574
UKM63;20-Jul-2020;1;575
UKM63;21-Jul-2020;1;576
UKM63;22-Jul-2020;2;578
UKM63;23-Jul-2020;0;578
UKM63;24-Jul-2020;0;578
UKM63;25-Jul-2020;0;578
UKM63;26-Jul-2020;0;578
UKM63;27-Jul-2020;0;578
UKM63;28-Jul-2020;0;578
UKM63;29-Jul-2020;1;579
UKM63;30-Jul-2020;0;579
UKM63;31-Jul-2020;0;579
UKM63;01-Aug-2020;0;579
UKM63;02-Aug-2020;0;579
UKM63;03-Aug-2020;1;580
UKM63;04-Aug-2020;2;582
UKM63;05-Aug-2020;0;582
UKM63;06-Aug-2020;0;582
UKM63;07-Aug-2020;0;582
UKM63;08-Aug-2020;0;582
UKM63;09-Aug-2020;0;582
UKM63;10-Aug-2020;1;583
UKM63;11-Aug-2020;0;583
UKM63;12-Aug-2020;0;583
UKM63;13-Aug-2020;0;583
UKM63;14-Aug-2020;3;586
UKM63;15-Aug-2020;1;587
UKM63;16-Aug-2020;0;587
UKM63;17-Aug-2020;0;587
UKM63;18-Aug-2020;2;589
UKM63;19-Aug-2020;2;591
UKM63;20-Aug-2020;4;595
UKM63;21-Aug-2020;2;597
UKM63;22-Aug-2020;0;597
UKM63;23-Aug-2020;0;597
UKM63;24-Aug-2020;0;597
UKM63;25-Aug-2020;1;598
UKM63;26-Aug-2020;5;603
UKM63;27-Aug-2020;2;605
UKM63;28-Aug-2020;1;606
UKM63;29-Aug-2020;0;606
UKM63;30-Aug-2020;8;614
UKM63;31-Aug-2020;4;618
UKM63;01-Sep-2020;2;620
UKM63;02-Sep-2020;3;623
UKM63;03-Sep-2020;4;627
UKM63;04-Sep-2020;2;629
UKM63;05-Sep-2020;2;631
UKM63;06-Sep-2020;5;636
UKM63;07-Sep-2020;0;636
UKM63;08-Sep-2020;3;639
UKM63;09-Sep-2020;5;644
UKM63;10-Sep-2020;6;650
UKM63;11-Sep-2020;6;656
UKM63;12-Sep-2020;16;672
UKM63;13-Sep-2020;6;678
UKM63;14-Sep-2020;7;685
UKM63;15-Sep-2020;6;691
UKM63;16-Sep-2020;9;700
UKM63;17-Sep-2020;5;705
UKM63;18-Sep-2020;5;710
UKM63;19-Sep-2020;0;710
UKM63;20-Sep-2020;2;712
UKM63;21-Sep-2020;6;718
UKM63;22-Sep-2020;11;729
UKM63;23-Sep-2020;7;736
UKM63;24-Sep-2020;14;750
UKM63;25-Sep-2020;11;761
UKM63;26-Sep-2020;13;774
UKM63;27-Sep-2020;5;779
UKM63;28-Sep-2020;16;795
UKM63;29-Sep-2020;20;815
UKM63;30-Sep-2020;16;831
UKM63;01-Oct-2020;25;856
UKM63;02-Oct-2020;24;880
UKM63;03-Oct-2020;14;894
UKM63;04-Oct-2020;25;919
UKM63;05-Oct-2020;35;954
UKM63;06-Oct-2020;37;991
UKM63;07-Oct-2020;37;1028
UKM63;08-Oct-2020;32;1060
UKM63;09-Oct-2020;26;1086
UKM63;10-Oct-2020;26;1112
UKM63;11-Oct-2020;43;1155
UKM63;12-Oct-2020;43;1198
UKM63;13-Oct-2020;46;1244
UKM63;14-Oct-2020;44;1288
UKM63;15-Oct-2020;45;1333
UKM63;16-Oct-2020;27;1360
UKM63;17-Oct-2020;37;1397
UKM63;18-Oct-2020;22;1419
UKM63;19-Oct-2020;45;1464
UKM63;20-Oct-2020;78;1542
UKM63;21-Oct-2020;83;1625
UKM63;22-Oct-2020;57;1682
UKM63;23-Oct-2020;42;1724
UKM63;24-Oct-2020;38;1762
UKM63;25-Oct-2020;55;1817
UKM63;26-Oct-2020;56;1873
UKM63;27-Oct-2020;30;1903
UKM63;28-Oct-2020;36;1939
UKM63;29-Oct-2020;32;1971
UKM63;30-Oct-2020;44;2015
UKM63;31-Oct-2020;20;2035
UKM63;01-Nov-2020;35;2070
UKM63;02-Nov-2020;40;2110
UKM63;03-Nov-2020;38;2148
UKM63;04-Nov-2020;35;2183
UKM63;05-Nov-2020;54;2237
UKM63;06-Nov-2020;33;2270
UKM63;07-Nov-2020;39;2309
UKM63;08-Nov-2020;32;2341
UKM63;09-Nov-2020;33;2374
UKM63;10-Nov-2020;39;2413
UKM63;11-Nov-2020;32;2445
UKM63;12-Nov-2020;26;2471
UKM63;13-Nov-2020;15;2486
UKM63;14-Nov-2020;21;2507
UKM63;15-Nov-2020;18;2525
UKM63;16-Nov-2020;43;2568
UKM63;17-Nov-2020;29;2597
UKM63;18-Nov-2020;26;2623
UKM63;19-Nov-2020;27;2650
UKM63;20-Nov-2020;34;2684
UKM63;21-Nov-2020;24;2708
UKM63;22-Nov-2020;17;2725
UKM63;23-Nov-2020;11;2736
UKM64;28-Feb-2020;0;0
UKM64;29-Feb-2020;0;0
UKM64;01-Mar-2020;0;0
UKM64;02-Mar-2020;0;0
UKM64;03-Mar-2020;0;0
UKM64;04-Mar-2020;0;0
UKM64;05-Mar-2020;0;0
UKM64;06-Mar-2020;0;0
UKM64;07-Mar-2020;0;0
UKM64;08-Mar-2020;0;0
UKM64;09-Mar-2020;0;0
UKM64;10-Mar-2020;0;0
UKM64;11-Mar-2020;0;0
UKM64;12-Mar-2020;0;0
UKM64;13-Mar-2020;0;0
UKM64;14-Mar-2020;0;0
UKM64;15-Mar-2020;0;0
UKM64;16-Mar-2020;0;0
UKM64;17-Mar-2020;0;0
UKM64;18-Mar-2020;0;0
UKM64;19-Mar-2020;0;0
UKM64;20-Mar-2020;0;0
UKM64;21-Mar-2020;0;0
UKM64;22-Mar-2020;0;0
UKM64;23-Mar-2020;0;0
UKM64;24-Mar-2020;0;0
UKM64;25-Mar-2020;0;0
UKM64;26-Mar-2020;1;1
UKM64;27-Mar-2020;0;1
UKM64;28-Mar-2020;0;1
UKM64;29-Mar-2020;1;2
UKM64;30-Mar-2020;1;3
UKM64;31-Mar-2020;0;3
UKM64;01-Apr-2020;0;3
UKM64;02-Apr-2020;1;4
UKM64;03-Apr-2020;0;4
UKM64;04-Apr-2020;0;4
UKM64;05-Apr-2020;1;5
UKM64;06-Apr-2020;0;5
UKM64;07-Apr-2020;1;6
UKM64;08-Apr-2020;0;6
UKM64;09-Apr-2020;0;6
UKM64;10-Apr-2020;0;6
UKM64;11-Apr-2020;0;6
UKM64;12-Apr-2020;0;6
UKM64;13-Apr-2020;0;6
UKM64;14-Apr-2020;0;6
UKM64;15-Apr-2020;0;6
UKM64;16-Apr-2020;0;6
UKM64;17-Apr-2020;0;6
UKM64;18-Apr-2020;0;6
UKM64;19-Apr-2020;0;6
UKM64;20-Apr-2020;0;6
UKM64;21-Apr-2020;0;6
UKM64;22-Apr-2020;0;6
UKM64;23-Apr-2020;0;6
UKM64;24-Apr-2020;0;6
UKM64;25-Apr-2020;0;6
UKM64;26-Apr-2020;0;6
UKM64;27-Apr-2020;0;6
UKM64;28-Apr-2020;0;6
UKM64;29-Apr-2020;0;6
UKM64;30-Apr-2020;0;6
UKM64;01-May-2020;0;6
UKM64;02-May-2020;0;6
UKM64;03-May-2020;0;6
UKM64;04-May-2020;0;6
UKM64;05-May-2020;0;6
UKM64;06-May-2020;0;6
UKM64;07-May-2020;0;6
UKM64;08-May-2020;0;6
UKM64;09-May-2020;0;6
UKM64;10-May-2020;0;6
UKM64;11-May-2020;0;6
UKM64;12-May-2020;0;6
UKM64;13-May-2020;0;6
UKM64;14-May-2020;0;6
UKM64;15-May-2020;0;6
UKM64;16-May-2020;0;6
UKM64;17-May-2020;0;6
UKM64;18-May-2020;0;6
UKM64;19-May-2020;0;6
UKM64;20-May-2020;0;6
UKM64;21-May-2020;0;6
UKM64;22-May-2020;0;6
UKM64;23-May-2020;0;6
UKM64;24-May-2020;0;6
UKM64;25-May-2020;0;6
UKM64;26-May-2020;0;6
UKM64;27-May-2020;0;6
UKM64;28-May-2020;0;6
UKM64;29-May-2020;0;6
UKM64;30-May-2020;0;6
UKM64;31-May-2020;0;6
UKM64;01-Jun-2020;0;6
UKM64;02-Jun-2020;1;7
UKM64;03-Jun-2020;0;7
UKM64;04-Jun-2020;0;7
UKM64;05-Jun-2020;0;7
UKM64;06-Jun-2020;0;7
UKM64;07-Jun-2020;0;7
UKM64;08-Jun-2020;0;7
UKM64;09-Jun-2020;0;7
UKM64;10-Jun-2020;0;7
UKM64;11-Jun-2020;0;7
UKM64;12-Jun-2020;0;7
UKM64;13-Jun-2020;0;7
UKM64;14-Jun-2020;0;7
UKM64;15-Jun-2020;0;7
UKM64;16-Jun-2020;0;7
UKM64;17-Jun-2020;0;7
UKM64;18-Jun-2020;0;7
UKM64;19-Jun-2020;0;7
UKM64;20-Jun-2020;0;7
UKM64;21-Jun-2020;0;7
UKM64;22-Jun-2020;0;7
UKM64;23-Jun-2020;0;7
UKM64;24-Jun-2020;0;7
UKM64;25-Jun-2020;0;7
UKM64;26-Jun-2020;0;7
UKM64;27-Jun-2020;0;7
UKM64;28-Jun-2020;0;7
UKM64;29-Jun-2020;0;7
UKM64;30-Jun-2020;0;7
UKM64;01-Jul-2020;0;7
UKM64;02-Jul-2020;0;7
UKM64;03-Jul-2020;0;7
UKM64;04-Jul-2020;0;7
UKM64;05-Jul-2020;0;7
UKM64;06-Jul-2020;0;7
UKM64;07-Jul-2020;0;7
UKM64;08-Jul-2020;0;7
UKM64;09-Jul-2020;0;7
UKM64;10-Jul-2020;0;7
UKM64;11-Jul-2020;0;7
UKM64;12-Jul-2020;0;7
UKM64;13-Jul-2020;0;7
UKM64;14-Jul-2020;0;7
UKM64;15-Jul-2020;0;7
UKM64;16-Jul-2020;0;7
UKM64;17-Jul-2020;0;7
UKM64;18-Jul-2020;0;7
UKM64;19-Jul-2020;0;7
UKM64;20-Jul-2020;0;7
UKM64;21-Jul-2020;0;7
UKM64;22-Jul-2020;0;7
UKM64;23-Jul-2020;0;7
UKM64;24-Jul-2020;0;7
UKM64;25-Jul-2020;0;7
UKM64;26-Jul-2020;0;7
UKM64;27-Jul-2020;0;7
UKM64;28-Jul-2020;0;7
UKM64;29-Jul-2020;0;7
UKM64;30-Jul-2020;0;7
UKM64;31-Jul-2020;0;7
UKM64;01-Aug-2020;0;7
UKM64;02-Aug-2020;0;7
UKM64;03-Aug-2020;0;7
UKM64;04-Aug-2020;0;7
UKM64;05-Aug-2020;0;7
UKM64;06-Aug-2020;0;7
UKM64;07-Aug-2020;0;7
UKM64;08-Aug-2020;0;7
UKM64;09-Aug-2020;0;7
UKM64;10-Aug-2020;0;7
UKM64;11-Aug-2020;0;7
UKM64;12-Aug-2020;0;7
UKM64;13-Aug-2020;0;7
UKM64;14-Aug-2020;0;7
UKM64;15-Aug-2020;0;7
UKM64;16-Aug-2020;0;7
UKM64;17-Aug-2020;0;7
UKM64;18-Aug-2020;0;7
UKM64;19-Aug-2020;0;7
UKM64;20-Aug-2020;0;7
UKM64;21-Aug-2020;0;7
UKM64;22-Aug-2020;0;7
UKM64;23-Aug-2020;0;7
UKM64;24-Aug-2020;0;7
UKM64;25-Aug-2020;0;7
UKM64;26-Aug-2020;0;7
UKM64;27-Aug-2020;0;7
UKM64;28-Aug-2020;0;7
UKM64;29-Aug-2020;0;7
UKM64;30-Aug-2020;0;7
UKM64;31-Aug-2020;0;7
UKM64;01-Sep-2020;0;7
UKM64;02-Sep-2020;2;9
UKM64;03-Sep-2020;0;9
UKM64;04-Sep-2020;0;9
UKM64;05-Sep-2020;0;9
UKM64;06-Sep-2020;0;9
UKM64;07-Sep-2020;0;9
UKM64;08-Sep-2020;0;9
UKM64;09-Sep-2020;0;9
UKM64;10-Sep-2020;0;9
UKM64;11-Sep-2020;0;9
UKM64;12-Sep-2020;0;9
UKM64;13-Sep-2020;0;9
UKM64;14-Sep-2020;0;9
UKM64;15-Sep-2020;1;10
UKM64;16-Sep-2020;0;10
UKM64;17-Sep-2020;0;10
UKM64;18-Sep-2020;0;10
UKM64;19-Sep-2020;0;10
UKM64;20-Sep-2020;0;10
UKM64;21-Sep-2020;0;10
UKM64;22-Sep-2020;0;10
UKM64;23-Sep-2020;3;13
UKM64;24-Sep-2020;0;13
UKM64;25-Sep-2020;9;22
UKM64;26-Sep-2020;4;26
UKM64;27-Sep-2020;2;28
UKM64;28-Sep-2020;1;29
UKM64;29-Sep-2020;2;31
UKM64;30-Sep-2020;7;38
UKM64;01-Oct-2020;2;40
UKM64;02-Oct-2020;6;46
UKM64;03-Oct-2020;1;47
UKM64;04-Oct-2020;1;48
UKM64;05-Oct-2020;2;50
UKM64;06-Oct-2020;3;53
UKM64;07-Oct-2020;3;56
UKM64;08-Oct-2020;0;56
UKM64;09-Oct-2020;0;56
UKM64;10-Oct-2020;2;58
UKM64;11-Oct-2020;0;58
UKM64;12-Oct-2020;0;58
UKM64;13-Oct-2020;0;58
UKM64;14-Oct-2020;2;60
UKM64;15-Oct-2020;2;62
UKM64;16-Oct-2020;0;62
UKM64;17-Oct-2020;0;62
UKM64;18-Oct-2020;0;62
UKM64;19-Oct-2020;2;64
UKM64;20-Oct-2020;0;64
UKM64;21-Oct-2020;1;65
UKM64;22-Oct-2020;3;68
UKM64;23-Oct-2020;0;68
UKM64;24-Oct-2020;0;68
UKM64;25-Oct-2020;0;68
UKM64;26-Oct-2020;1;69
UKM64;27-Oct-2020;0;69
UKM64;28-Oct-2020;0;69
UKM64;29-Oct-2020;0;69
UKM64;30-Oct-2020;0;69
UKM64;31-Oct-2020;0;69
UKM64;01-Nov-2020;0;69
UKM64;02-Nov-2020;0;69
UKM64;03-Nov-2020;0;69
UKM64;04-Nov-2020;0;69
UKM64;05-Nov-2020;0;69
UKM64;06-Nov-2020;0;69
UKM64;07-Nov-2020;1;70
UKM64;08-Nov-2020;0;70
UKM64;09-Nov-2020;2;72
UKM64;10-Nov-2020;0;72
UKM64;11-Nov-2020;0;72
UKM64;12-Nov-2020;2;74
UKM64;13-Nov-2020;1;75
UKM64;14-Nov-2020;0;75
UKM64;15-Nov-2020;0;75
UKM64;16-Nov-2020;0;75
UKM64;17-Nov-2020;0;75
UKM64;18-Nov-2020;0;75
UKM64;19-Nov-2020;0;75
UKM64;20-Nov-2020;0;75
UKM64;21-Nov-2020;0;75
UKM64;22-Nov-2020;0;75
UKM64;23-Nov-2020;0;75
UKM65;28-Feb-2020;0;0
UKM65;29-Feb-2020;0;0
UKM65;01-Mar-2020;0;0
UKM65;02-Mar-2020;0;0
UKM65;03-Mar-2020;0;0
UKM65;04-Mar-2020;0;0
UKM65;05-Mar-2020;0;0
UKM65;06-Mar-2020;0;0
UKM65;07-Mar-2020;0;0
UKM65;08-Mar-2020;0;0
UKM65;09-Mar-2020;0;0
UKM65;10-Mar-2020;0;0
UKM65;11-Mar-2020;0;0
UKM65;12-Mar-2020;0;0
UKM65;13-Mar-2020;0;0
UKM65;14-Mar-2020;0;0
UKM65;15-Mar-2020;0;0
UKM65;16-Mar-2020;0;0
UKM65;17-Mar-2020;0;0
UKM65;18-Mar-2020;0;0
UKM65;19-Mar-2020;0;0
UKM65;20-Mar-2020;0;0
UKM65;21-Mar-2020;0;0
UKM65;22-Mar-2020;0;0
UKM65;23-Mar-2020;0;0
UKM65;24-Mar-2020;0;0
UKM65;25-Mar-2020;0;0
UKM65;26-Mar-2020;0;0
UKM65;27-Mar-2020;0;0
UKM65;28-Mar-2020;1;1
UKM65;29-Mar-2020;1;2
UKM65;30-Mar-2020;0;2
UKM65;31-Mar-2020;1;3
UKM65;01-Apr-2020;0;3
UKM65;02-Apr-2020;1;4
UKM65;03-Apr-2020;0;4
UKM65;04-Apr-2020;0;4
UKM65;05-Apr-2020;0;4
UKM65;06-Apr-2020;0;4
UKM65;07-Apr-2020;0;4
UKM65;08-Apr-2020;0;4
UKM65;09-Apr-2020;1;5
UKM65;10-Apr-2020;0;5
UKM65;11-Apr-2020;0;5
UKM65;12-Apr-2020;0;5
UKM65;13-Apr-2020;0;5
UKM65;14-Apr-2020;0;5
UKM65;15-Apr-2020;0;5
UKM65;16-Apr-2020;0;5
UKM65;17-Apr-2020;1;6
UKM65;18-Apr-2020;0;6
UKM65;19-Apr-2020;0;6
UKM65;20-Apr-2020;0;6
UKM65;21-Apr-2020;1;7
UKM65;22-Apr-2020;0;7
UKM65;23-Apr-2020;0;7
UKM65;24-Apr-2020;0;7
UKM65;25-Apr-2020;0;7
UKM65;26-Apr-2020;0;7
UKM65;27-Apr-2020;0;7
UKM65;28-Apr-2020;0;7
UKM65;29-Apr-2020;0;7
UKM65;30-Apr-2020;0;7
UKM65;01-May-2020;0;7
UKM65;02-May-2020;0;7
UKM65;03-May-2020;0;7
UKM65;04-May-2020;0;7
UKM65;05-May-2020;0;7
UKM65;06-May-2020;0;7
UKM65;07-May-2020;0;7
UKM65;08-May-2020;0;7
UKM65;09-May-2020;0;7
UKM65;10-May-2020;0;7
UKM65;11-May-2020;0;7
UKM65;12-May-2020;0;7
UKM65;13-May-2020;0;7
UKM65;14-May-2020;0;7
UKM65;15-May-2020;0;7
UKM65;16-May-2020;0;7
UKM65;17-May-2020;0;7
UKM65;18-May-2020;0;7
UKM65;19-May-2020;0;7
UKM65;20-May-2020;0;7
UKM65;21-May-2020;0;7
UKM65;22-May-2020;0;7
UKM65;23-May-2020;0;7
UKM65;24-May-2020;0;7
UKM65;25-May-2020;0;7
UKM65;26-May-2020;0;7
UKM65;27-May-2020;1;8
UKM65;28-May-2020;0;8
UKM65;29-May-2020;0;8
UKM65;30-May-2020;1;9
UKM65;31-May-2020;0;9
UKM65;01-Jun-2020;0;9
UKM65;02-Jun-2020;0;9
UKM65;03-Jun-2020;0;9
UKM65;04-Jun-2020;0;9
UKM65;05-Jun-2020;0;9
UKM65;06-Jun-2020;0;9
UKM65;07-Jun-2020;0;9
UKM65;08-Jun-2020;0;9
UKM65;09-Jun-2020;0;9
UKM65;10-Jun-2020;0;9
UKM65;11-Jun-2020;0;9
UKM65;12-Jun-2020;0;9
UKM65;13-Jun-2020;0;9
UKM65;14-Jun-2020;0;9
UKM65;15-Jun-2020;0;9
UKM65;16-Jun-2020;0;9
UKM65;17-Jun-2020;0;9
UKM65;18-Jun-2020;0;9
UKM65;19-Jun-2020;0;9
UKM65;20-Jun-2020;0;9
UKM65;21-Jun-2020;0;9
UKM65;22-Jun-2020;0;9
UKM65;23-Jun-2020;0;9
UKM65;24-Jun-2020;0;9
UKM65;25-Jun-2020;0;9
UKM65;26-Jun-2020;0;9
UKM65;27-Jun-2020;0;9
UKM65;28-Jun-2020;0;9
UKM65;29-Jun-2020;0;9
UKM65;30-Jun-2020;0;9
UKM65;01-Jul-2020;0;9
UKM65;02-Jul-2020;0;9
UKM65;03-Jul-2020;0;9
UKM65;04-Jul-2020;0;9
UKM65;05-Jul-2020;0;9
UKM65;06-Jul-2020;0;9
UKM65;07-Jul-2020;0;9
UKM65;08-Jul-2020;0;9
UKM65;09-Jul-2020;0;9
UKM65;10-Jul-2020;0;9
UKM65;11-Jul-2020;0;9
UKM65;12-Jul-2020;0;9
UKM65;13-Jul-2020;0;9
UKM65;14-Jul-2020;0;9
UKM65;15-Jul-2020;0;9
UKM65;16-Jul-2020;0;9
UKM65;17-Jul-2020;0;9
UKM65;18-Jul-2020;0;9
UKM65;19-Jul-2020;0;9
UKM65;20-Jul-2020;0;9
UKM65;21-Jul-2020;0;9
UKM65;22-Jul-2020;0;9
UKM65;23-Jul-2020;0;9
UKM65;24-Jul-2020;0;9
UKM65;25-Jul-2020;0;9
UKM65;26-Jul-2020;0;9
UKM65;27-Jul-2020;0;9
UKM65;28-Jul-2020;0;9
UKM65;29-Jul-2020;0;9
UKM65;30-Jul-2020;0;9
UKM65;31-Jul-2020;0;9
UKM65;01-Aug-2020;0;9
UKM65;02-Aug-2020;0;9
UKM65;03-Aug-2020;0;9
UKM65;04-Aug-2020;0;9
UKM65;05-Aug-2020;0;9
UKM65;06-Aug-2020;0;9
UKM65;07-Aug-2020;0;9
UKM65;08-Aug-2020;0;9
UKM65;09-Aug-2020;0;9
UKM65;10-Aug-2020;1;10
UKM65;11-Aug-2020;2;12
UKM65;12-Aug-2020;2;14
UKM65;13-Aug-2020;1;15
UKM65;14-Aug-2020;1;16
UKM65;15-Aug-2020;0;16
UKM65;16-Aug-2020;0;16
UKM65;17-Aug-2020;0;16
UKM65;18-Aug-2020;0;16
UKM65;19-Aug-2020;0;16
UKM65;20-Aug-2020;0;16
UKM65;21-Aug-2020;0;16
UKM65;22-Aug-2020;0;16
UKM65;23-Aug-2020;0;16
UKM65;24-Aug-2020;0;16
UKM65;25-Aug-2020;0;16
UKM65;26-Aug-2020;0;16
UKM65;27-Aug-2020;0;16
UKM65;28-Aug-2020;0;16
UKM65;29-Aug-2020;0;16
UKM65;30-Aug-2020;1;17
UKM65;31-Aug-2020;0;17
UKM65;01-Sep-2020;0;17
UKM65;02-Sep-2020;0;17
UKM65;03-Sep-2020;0;17
UKM65;04-Sep-2020;0;17
UKM65;05-Sep-2020;0;17
UKM65;06-Sep-2020;0;17
UKM65;07-Sep-2020;0;17
UKM65;08-Sep-2020;0;17
UKM65;09-Sep-2020;0;17
UKM65;10-Sep-2020;0;17
UKM65;11-Sep-2020;0;17
UKM65;12-Sep-2020;0;17
UKM65;13-Sep-2020;0;17
UKM65;14-Sep-2020;0;17
UKM65;15-Sep-2020;0;17
UKM65;16-Sep-2020;2;19
UKM65;17-Sep-2020;0;19
UKM65;18-Sep-2020;0;19
UKM65;19-Sep-2020;0;19
UKM65;20-Sep-2020;0;19
UKM65;21-Sep-2020;0;19
UKM65;22-Sep-2020;1;20
UKM65;23-Sep-2020;0;20
UKM65;24-Sep-2020;1;21
UKM65;25-Sep-2020;2;23
UKM65;26-Sep-2020;0;23
UKM65;27-Sep-2020;0;23
UKM65;28-Sep-2020;0;23
UKM65;29-Sep-2020;0;23
UKM65;30-Sep-2020;0;23
UKM65;01-Oct-2020;0;23
UKM65;02-Oct-2020;0;23
UKM65;03-Oct-2020;0;23
UKM65;04-Oct-2020;0;23
UKM65;05-Oct-2020;0;23
UKM65;06-Oct-2020;0;23
UKM65;07-Oct-2020;0;23
UKM65;08-Oct-2020;0;23
UKM65;09-Oct-2020;1;24
UKM65;10-Oct-2020;0;24
UKM65;11-Oct-2020;0;24
UKM65;12-Oct-2020;0;24
UKM65;13-Oct-2020;0;24
UKM65;14-Oct-2020;0;24
UKM65;15-Oct-2020;2;26
UKM65;16-Oct-2020;0;26
UKM65;17-Oct-2020;0;26
UKM65;18-Oct-2020;0;26
UKM65;19-Oct-2020;1;27
UKM65;20-Oct-2020;1;28
UKM65;21-Oct-2020;1;29
UKM65;22-Oct-2020;2;31
UKM65;23-Oct-2020;0;31
UKM65;24-Oct-2020;0;31
UKM65;25-Oct-2020;0;31
UKM65;26-Oct-2020;1;32
UKM65;27-Oct-2020;0;32
UKM65;28-Oct-2020;1;33
UKM65;29-Oct-2020;0;33
UKM65;30-Oct-2020;0;33
UKM65;31-Oct-2020;0;33
UKM65;01-Nov-2020;0;33
UKM65;02-Nov-2020;0;33
UKM65;03-Nov-2020;0;33
UKM65;04-Nov-2020;0;33
UKM65;05-Nov-2020;1;34
UKM65;06-Nov-2020;0;34
UKM65;07-Nov-2020;0;34
UKM65;08-Nov-2020;0;34
UKM65;09-Nov-2020;0;34
UKM65;10-Nov-2020;0;34
UKM65;11-Nov-2020;1;35
UKM65;12-Nov-2020;0;35
UKM65;13-Nov-2020;0;35
UKM65;14-Nov-2020;0;35
UKM65;15-Nov-2020;0;35
UKM65;16-Nov-2020;1;36
UKM65;17-Nov-2020;0;36
UKM65;18-Nov-2020;0;36
UKM65;19-Nov-2020;0;36
UKM65;20-Nov-2020;0;36
UKM65;21-Nov-2020;0;36
UKM65;22-Nov-2020;0;36
UKM65;23-Nov-2020;0;36
UKM66;28-Feb-2020;0;0
UKM66;29-Feb-2020;0;0
UKM66;01-Mar-2020;0;0
UKM66;02-Mar-2020;0;0
UKM66;03-Mar-2020;0;0
UKM66;04-Mar-2020;0;0
UKM66;05-Mar-2020;0;0
UKM66;06-Mar-2020;2;2
UKM66;07-Mar-2020;0;2
UKM66;08-Mar-2020;0;2
UKM66;09-Mar-2020;4;6
UKM66;10-Mar-2020;5;11
UKM66;11-Mar-2020;0;11
UKM66;12-Mar-2020;0;11
UKM66;13-Mar-2020;11;22
UKM66;14-Mar-2020;2;24
UKM66;15-Mar-2020;0;24
UKM66;16-Mar-2020;0;24
UKM66;17-Mar-2020;0;24
UKM66;18-Mar-2020;0;24
UKM66;19-Mar-2020;0;24
UKM66;20-Mar-2020;0;24
UKM66;21-Mar-2020;0;24
UKM66;22-Mar-2020;0;24
UKM66;23-Mar-2020;0;24
UKM66;24-Mar-2020;0;24
UKM66;25-Mar-2020;2;26
UKM66;26-Mar-2020;1;27
UKM66;27-Mar-2020;1;28
UKM66;28-Mar-2020;2;30
UKM66;29-Mar-2020;0;30
UKM66;30-Mar-2020;2;32
UKM66;31-Mar-2020;4;36
UKM66;01-Apr-2020;3;39
UKM66;02-Apr-2020;1;40
UKM66;03-Apr-2020;2;42
UKM66;04-Apr-2020;0;42
UKM66;05-Apr-2020;1;43
UKM66;06-Apr-2020;0;43
UKM66;07-Apr-2020;0;43
UKM66;08-Apr-2020;0;43
UKM66;09-Apr-2020;0;43
UKM66;10-Apr-2020;2;45
UKM66;11-Apr-2020;0;45
UKM66;12-Apr-2020;0;45
UKM66;13-Apr-2020;0;45
UKM66;14-Apr-2020;0;45
UKM66;15-Apr-2020;0;45
UKM66;16-Apr-2020;6;51
UKM66;17-Apr-2020;0;51
UKM66;18-Apr-2020;0;51
UKM66;19-Apr-2020;0;51
UKM66;20-Apr-2020;3;54
UKM66;21-Apr-2020;0;54
UKM66;22-Apr-2020;0;54
UKM66;23-Apr-2020;0;54
UKM66;24-Apr-2020;0;54
UKM66;25-Apr-2020;0;54
UKM66;26-Apr-2020;0;54
UKM66;27-Apr-2020;0;54
UKM66;28-Apr-2020;0;54
UKM66;29-Apr-2020;0;54
UKM66;30-Apr-2020;0;54
UKM66;01-May-2020;0;54
UKM66;02-May-2020;0;54
UKM66;03-May-2020;0;54
UKM66;04-May-2020;0;54
UKM66;05-May-2020;0;54
UKM66;06-May-2020;0;54
UKM66;07-May-2020;0;54
UKM66;08-May-2020;0;54
UKM66;09-May-2020;0;54
UKM66;10-May-2020;0;54
UKM66;11-May-2020;0;54
UKM66;12-May-2020;0;54
UKM66;13-May-2020;0;54
UKM66;14-May-2020;0;54
UKM66;15-May-2020;0;54
UKM66;16-May-2020;0;54
UKM66;17-May-2020;0;54
UKM66;18-May-2020;0;54
UKM66;19-May-2020;0;54
UKM66;20-May-2020;0;54
UKM66;21-May-2020;0;54
UKM66;22-May-2020;0;54
UKM66;23-May-2020;0;54
UKM66;24-May-2020;0;54
UKM66;25-May-2020;0;54
UKM66;26-May-2020;0;54
UKM66;27-May-2020;0;54
UKM66;28-May-2020;0;54
UKM66;29-May-2020;0;54
UKM66;30-May-2020;0;54
UKM66;31-May-2020;0;54
UKM66;01-Jun-2020;0;54
UKM66;02-Jun-2020;0;54
UKM66;03-Jun-2020;0;54
UKM66;04-Jun-2020;0;54
UKM66;05-Jun-2020;0;54
UKM66;06-Jun-2020;0;54
UKM66;07-Jun-2020;0;54
UKM66;08-Jun-2020;0;54
UKM66;09-Jun-2020;0;54
UKM66;10-Jun-2020;0;54
UKM66;11-Jun-2020;0;54
UKM66;12-Jun-2020;0;54
UKM66;13-Jun-2020;0;54
UKM66;14-Jun-2020;0;54
UKM66;15-Jun-2020;0;54
UKM66;16-Jun-2020;0;54
UKM66;17-Jun-2020;0;54
UKM66;18-Jun-2020;0;54
UKM66;19-Jun-2020;0;54
UKM66;20-Jun-2020;0;54
UKM66;21-Jun-2020;0;54
UKM66;22-Jun-2020;0;54
UKM66;23-Jun-2020;0;54
UKM66;24-Jun-2020;0;54
UKM66;25-Jun-2020;0;54
UKM66;26-Jun-2020;0;54
UKM66;27-Jun-2020;0;54
UKM66;28-Jun-2020;0;54
UKM66;29-Jun-2020;0;54
UKM66;30-Jun-2020;0;54
UKM66;01-Jul-2020;0;54
UKM66;02-Jul-2020;0;54
UKM66;03-Jul-2020;0;54
UKM66;04-Jul-2020;0;54
UKM66;05-Jul-2020;0;54
UKM66;06-Jul-2020;0;54
UKM66;07-Jul-2020;0;54
UKM66;08-Jul-2020;0;54
UKM66;09-Jul-2020;0;54
UKM66;10-Jul-2020;0;54
UKM66;11-Jul-2020;0;54
UKM66;12-Jul-2020;0;54
UKM66;13-Jul-2020;0;54
UKM66;14-Jul-2020;0;54
UKM66;15-Jul-2020;0;54
UKM66;16-Jul-2020;0;54
UKM66;17-Jul-2020;0;54
UKM66;18-Jul-2020;0;54
UKM66;19-Jul-2020;0;54
UKM66;20-Jul-2020;0;54
UKM66;21-Jul-2020;0;54
UKM66;22-Jul-2020;0;54
UKM66;23-Jul-2020;0;54
UKM66;24-Jul-2020;0;54
UKM66;25-Jul-2020;0;54
UKM66;26-Jul-2020;0;54
UKM66;27-Jul-2020;0;54
UKM66;28-Jul-2020;0;54
UKM66;29-Jul-2020;0;54
UKM66;30-Jul-2020;0;54
UKM66;31-Jul-2020;0;54
UKM66;01-Aug-2020;0;54
UKM66;02-Aug-2020;0;54
UKM66;03-Aug-2020;0;54
UKM66;04-Aug-2020;0;54
UKM66;05-Aug-2020;0;54
UKM66;06-Aug-2020;0;54
UKM66;07-Aug-2020;1;55
UKM66;08-Aug-2020;0;55
UKM66;09-Aug-2020;1;56
UKM66;10-Aug-2020;0;56
UKM66;11-Aug-2020;0;56
UKM66;12-Aug-2020;0;56
UKM66;13-Aug-2020;0;56
UKM66;14-Aug-2020;0;56
UKM66;15-Aug-2020;0;56
UKM66;16-Aug-2020;0;56
UKM66;17-Aug-2020;0;56
UKM66;18-Aug-2020;0;56
UKM66;19-Aug-2020;0;56
UKM66;20-Aug-2020;0;56
UKM66;21-Aug-2020;0;56
UKM66;22-Aug-2020;0;56
UKM66;23-Aug-2020;0;56
UKM66;24-Aug-2020;0;56
UKM66;25-Aug-2020;0;56
UKM66;26-Aug-2020;0;56
UKM66;27-Aug-2020;0;56
UKM66;28-Aug-2020;0;56
UKM66;29-Aug-2020;0;56
UKM66;30-Aug-2020;0;56
UKM66;31-Aug-2020;0;56
UKM66;01-Sep-2020;0;56
UKM66;02-Sep-2020;0;56
UKM66;03-Sep-2020;0;56
UKM66;04-Sep-2020;0;56
UKM66;05-Sep-2020;0;56
UKM66;06-Sep-2020;0;56
UKM66;07-Sep-2020;0;56
UKM66;08-Sep-2020;0;56
UKM66;09-Sep-2020;1;57
UKM66;10-Sep-2020;0;57
UKM66;11-Sep-2020;0;57
UKM66;12-Sep-2020;0;57
UKM66;13-Sep-2020;0;57
UKM66;14-Sep-2020;0;57
UKM66;15-Sep-2020;0;57
UKM66;16-Sep-2020;3;60
UKM66;17-Sep-2020;0;60
UKM66;18-Sep-2020;0;60
UKM66;19-Sep-2020;0;60
UKM66;20-Sep-2020;0;60
UKM66;21-Sep-2020;0;60
UKM66;22-Sep-2020;0;60
UKM66;23-Sep-2020;0;60
UKM66;24-Sep-2020;0;60
UKM66;25-Sep-2020;0;60
UKM66;26-Sep-2020;0;60
UKM66;27-Sep-2020;0;60
UKM66;28-Sep-2020;0;60
UKM66;29-Sep-2020;0;60
UKM66;30-Sep-2020;0;60
UKM66;01-Oct-2020;0;60
UKM66;02-Oct-2020;0;60
UKM66;03-Oct-2020;0;60
UKM66;04-Oct-2020;0;60
UKM66;05-Oct-2020;0;60
UKM66;06-Oct-2020;0;60
UKM66;07-Oct-2020;0;60
UKM66;08-Oct-2020;1;61
UKM66;09-Oct-2020;1;62
UKM66;10-Oct-2020;0;62
UKM66;11-Oct-2020;0;62
UKM66;12-Oct-2020;0;62
UKM66;13-Oct-2020;1;63
UKM66;14-Oct-2020;0;63
UKM66;15-Oct-2020;0;63
UKM66;16-Oct-2020;0;63
UKM66;17-Oct-2020;0;63
UKM66;18-Oct-2020;0;63
UKM66;19-Oct-2020;1;64
UKM66;20-Oct-2020;1;65
UKM66;21-Oct-2020;0;65
UKM66;22-Oct-2020;0;65
UKM66;23-Oct-2020;1;66
UKM66;24-Oct-2020;0;66
UKM66;25-Oct-2020;0;66
UKM66;26-Oct-2020;0;66
UKM66;27-Oct-2020;1;67
UKM66;28-Oct-2020;0;67
UKM66;29-Oct-2020;0;67
UKM66;30-Oct-2020;1;68
UKM66;31-Oct-2020;0;68
UKM66;01-Nov-2020;0;68
UKM66;02-Nov-2020;1;69
UKM66;03-Nov-2020;1;70
UKM66;04-Nov-2020;0;70
UKM66;05-Nov-2020;0;70
UKM66;06-Nov-2020;0;70
UKM66;07-Nov-2020;0;70
UKM66;08-Nov-2020;0;70
UKM66;09-Nov-2020;0;70
UKM66;10-Nov-2020;0;70
UKM66;11-Nov-2020;0;70
UKM66;12-Nov-2020;0;70
UKM66;13-Nov-2020;0;70
UKM66;14-Nov-2020;0;70
UKM66;15-Nov-2020;1;71
UKM66;16-Nov-2020;0;71
UKM66;17-Nov-2020;0;71
UKM66;18-Nov-2020;0;71
UKM66;19-Nov-2020;0;71
UKM66;20-Nov-2020;0;71
UKM66;21-Nov-2020;0;71
UKM66;22-Nov-2020;0;71
UKM66;23-Nov-2020;0;71
UKM71;28-Feb-2020;1;1
UKM71;29-Feb-2020;0;1
UKM71;01-Mar-2020;0;1
UKM71;02-Mar-2020;0;1
UKM71;03-Mar-2020;0;1
UKM71;04-Mar-2020;0;1
UKM71;05-Mar-2020;0;1
UKM71;06-Mar-2020;0;1
UKM71;07-Mar-2020;0;1
UKM71;08-Mar-2020;0;1
UKM71;09-Mar-2020;3;4
UKM71;10-Mar-2020;0;4
UKM71;11-Mar-2020;0;4
UKM71;12-Mar-2020;8;12
UKM71;13-Mar-2020;1;13
UKM71;14-Mar-2020;1;14
UKM71;15-Mar-2020;1;15
UKM71;16-Mar-2020;2;17
UKM71;17-Mar-2020;1;18
UKM71;18-Mar-2020;3;21
UKM71;19-Mar-2020;3;24
UKM71;20-Mar-2020;9;33
UKM71;21-Mar-2020;4;37
UKM71;22-Mar-2020;4;41
UKM71;23-Mar-2020;9;50
UKM71;24-Mar-2020;15;65
UKM71;25-Mar-2020;20;85
UKM71;26-Mar-2020;24;109
UKM71;27-Mar-2020;37;146
UKM71;28-Mar-2020;9;155
UKM71;29-Mar-2020;9;164
UKM71;30-Mar-2020;28;192
UKM71;31-Mar-2020;47;239
UKM71;01-Apr-2020;42;281
UKM71;02-Apr-2020;45;326
UKM71;03-Apr-2020;51;377
UKM71;04-Apr-2020;28;405
UKM71;05-Apr-2020;11;416
UKM71;06-Apr-2020;63;479
UKM71;07-Apr-2020;38;517
UKM71;08-Apr-2020;45;562
UKM71;09-Apr-2020;36;598
UKM71;10-Apr-2020;39;637
UKM71;11-Apr-2020;8;645
UKM71;12-Apr-2020;7;652
UKM71;13-Apr-2020;66;718
UKM71;14-Apr-2020;25;743
UKM71;15-Apr-2020;33;776
UKM71;16-Apr-2020;33;809
UKM71;17-Apr-2020;24;833
UKM71;18-Apr-2020;18;851
UKM71;19-Apr-2020;2;853
UKM71;20-Apr-2020;33;886
UKM71;21-Apr-2020;36;922
UKM71;22-Apr-2020;28;950
UKM71;23-Apr-2020;16;966
UKM71;24-Apr-2020;32;998
UKM71;25-Apr-2020;2;1000
UKM71;26-Apr-2020;1;1001
UKM71;27-Apr-2020;43;1044
UKM71;28-Apr-2020;27;1071
UKM71;29-Apr-2020;28;1099
UKM71;30-Apr-2020;18;1117
UKM71;01-May-2020;12;1129
UKM71;02-May-2020;10;1139
UKM71;03-May-2020;3;1142
UKM71;04-May-2020;15;1157
UKM71;05-May-2020;18;1175
UKM71;06-May-2020;12;1187
UKM71;07-May-2020;10;1197
UKM71;08-May-2020;12;1209
UKM71;09-May-2020;7;1216
UKM71;10-May-2020;5;1221
UKM71;11-May-2020;10;1231
UKM71;12-May-2020;21;1252
UKM71;13-May-2020;16;1268
UKM71;14-May-2020;26;1294
UKM71;15-May-2020;6;1300
UKM71;16-May-2020;11;1311
UKM71;17-May-2020;3;1314
UKM71;18-May-2020;21;1335
UKM71;19-May-2020;16;1351
UKM71;20-May-2020;9;1360
UKM71;21-May-2020;15;1375
UKM71;22-May-2020;2;1377
UKM71;23-May-2020;2;1379
UKM71;24-May-2020;2;1381
UKM71;25-May-2020;5;1386
UKM71;26-May-2020;5;1391
UKM71;27-May-2020;1;1392
UKM71;28-May-2020;2;1394
UKM71;29-May-2020;1;1395
UKM71;30-May-2020;0;1395
UKM71;31-May-2020;0;1395
UKM71;01-Jun-2020;0;1395
UKM71;02-Jun-2020;2;1397
UKM71;03-Jun-2020;0;1397
UKM71;04-Jun-2020;4;1401
UKM71;05-Jun-2020;1;1402
UKM71;06-Jun-2020;4;1406
UKM71;07-Jun-2020;2;1408
UKM71;08-Jun-2020;3;1411
UKM71;09-Jun-2020;1;1412
UKM71;10-Jun-2020;1;1413
UKM71;11-Jun-2020;0;1413
UKM71;12-Jun-2020;2;1415
UKM71;13-Jun-2020;0;1415
UKM71;14-Jun-2020;0;1415
UKM71;15-Jun-2020;0;1415
UKM71;16-Jun-2020;0;1415
UKM71;17-Jun-2020;0;1415
UKM71;18-Jun-2020;0;1415
UKM71;19-Jun-2020;0;1415
UKM71;20-Jun-2020;1;1416
UKM71;21-Jun-2020;1;1417
UKM71;22-Jun-2020;1;1418
UKM71;23-Jun-2020;4;1422
UKM71;24-Jun-2020;0;1422
UKM71;25-Jun-2020;1;1423
UKM71;26-Jun-2020;0;1423
UKM71;27-Jun-2020;0;1423
UKM71;28-Jun-2020;1;1424
UKM71;29-Jun-2020;0;1424
UKM71;30-Jun-2020;0;1424
UKM71;01-Jul-2020;1;1425
UKM71;02-Jul-2020;2;1427
UKM71;03-Jul-2020;0;1427
UKM71;04-Jul-2020;0;1427
UKM71;05-Jul-2020;0;1427
UKM71;06-Jul-2020;0;1427
UKM71;07-Jul-2020;0;1427
UKM71;08-Jul-2020;0;1427
UKM71;09-Jul-2020;1;1428
UKM71;10-Jul-2020;0;1428
UKM71;11-Jul-2020;0;1428
UKM71;12-Jul-2020;0;1428
UKM71;13-Jul-2020;1;1429
UKM71;14-Jul-2020;2;1431
UKM71;15-Jul-2020;1;1432
UKM71;16-Jul-2020;1;1433
UKM71;17-Jul-2020;0;1433
UKM71;18-Jul-2020;0;1433
UKM71;19-Jul-2020;1;1434
UKM71;20-Jul-2020;0;1434
UKM71;21-Jul-2020;1;1435
UKM71;22-Jul-2020;0;1435
UKM71;23-Jul-2020;1;1436
UKM71;24-Jul-2020;0;1436
UKM71;25-Jul-2020;0;1436
UKM71;26-Jul-2020;0;1436
UKM71;27-Jul-2020;0;1436
UKM71;28-Jul-2020;2;1438
UKM71;29-Jul-2020;2;1440
UKM71;30-Jul-2020;2;1442
UKM71;31-Jul-2020;0;1442
UKM71;01-Aug-2020;1;1443
UKM71;02-Aug-2020;0;1443
UKM71;03-Aug-2020;1;1444
UKM71;04-Aug-2020;3;1447
UKM71;05-Aug-2020;0;1447
UKM71;06-Aug-2020;3;1450
UKM71;07-Aug-2020;2;1452
UKM71;08-Aug-2020;0;1452
UKM71;09-Aug-2020;1;1453
UKM71;10-Aug-2020;3;1456
UKM71;11-Aug-2020;3;1459
UKM71;12-Aug-2020;3;1462
UKM71;13-Aug-2020;2;1464
UKM71;14-Aug-2020;1;1465
UKM71;15-Aug-2020;0;1465
UKM71;16-Aug-2020;4;1469
UKM71;17-Aug-2020;14;1483
UKM71;18-Aug-2020;21;1504
UKM71;19-Aug-2020;26;1530
UKM71;20-Aug-2020;33;1563
UKM71;21-Aug-2020;14;1577
UKM71;22-Aug-2020;9;1586
UKM71;23-Aug-2020;7;1593
UKM71;24-Aug-2020;6;1599
UKM71;25-Aug-2020;5;1604
UKM71;26-Aug-2020;2;1606
UKM71;27-Aug-2020;4;1610
UKM71;28-Aug-2020;2;1612
UKM71;29-Aug-2020;1;1613
UKM71;30-Aug-2020;5;1618
UKM71;31-Aug-2020;3;1621
UKM71;01-Sep-2020;3;1624
UKM71;02-Sep-2020;4;1628
UKM71;03-Sep-2020;4;1632
UKM71;04-Sep-2020;1;1633
UKM71;05-Sep-2020;4;1637
UKM71;06-Sep-2020;5;1642
UKM71;07-Sep-2020;3;1645
UKM71;08-Sep-2020;4;1649
UKM71;09-Sep-2020;2;1651
UKM71;10-Sep-2020;0;1651
UKM71;11-Sep-2020;5;1656
UKM71;12-Sep-2020;3;1659
UKM71;13-Sep-2020;9;1668
UKM71;14-Sep-2020;3;1671
UKM71;15-Sep-2020;3;1674
UKM71;16-Sep-2020;12;1686
UKM71;17-Sep-2020;2;1688
UKM71;18-Sep-2020;8;1696
UKM71;19-Sep-2020;1;1697
UKM71;20-Sep-2020;5;1702
UKM71;21-Sep-2020;9;1711
UKM71;22-Sep-2020;9;1720
UKM71;23-Sep-2020;25;1745
UKM71;24-Sep-2020;64;1809
UKM71;25-Sep-2020;42;1851
UKM71;26-Sep-2020;14;1865
UKM71;27-Sep-2020;8;1873
UKM71;28-Sep-2020;20;1893
UKM71;29-Sep-2020;17;1910
UKM71;30-Sep-2020;24;1934
UKM71;01-Oct-2020;23;1957
UKM71;02-Oct-2020;28;1985
UKM71;03-Oct-2020;21;2006
UKM71;04-Oct-2020;23;2029
UKM71;05-Oct-2020;37;2066
UKM71;06-Oct-2020;28;2094
UKM71;07-Oct-2020;45;2139
UKM71;08-Oct-2020;53;2192
UKM71;09-Oct-2020;43;2235
UKM71;10-Oct-2020;35;2270
UKM71;11-Oct-2020;36;2306
UKM71;12-Oct-2020;60;2366
UKM71;13-Oct-2020;69;2435
UKM71;14-Oct-2020;48;2483
UKM71;15-Oct-2020;44;2527
UKM71;16-Oct-2020;48;2575
UKM71;17-Oct-2020;27;2602
UKM71;18-Oct-2020;30;2632
UKM71;19-Oct-2020;47;2679
UKM71;20-Oct-2020;67;2746
UKM71;21-Oct-2020;57;2803
UKM71;22-Oct-2020;57;2860
UKM71;23-Oct-2020;43;2903
UKM71;24-Oct-2020;39;2942
UKM71;25-Oct-2020;33;2975
UKM71;26-Oct-2020;63;3038
UKM71;27-Oct-2020;38;3076
UKM71;28-Oct-2020;63;3139
UKM71;29-Oct-2020;45;3184
UKM71;30-Oct-2020;35;3219
UKM71;31-Oct-2020;22;3241
UKM71;01-Nov-2020;28;3269
UKM71;02-Nov-2020;49;3318
UKM71;03-Nov-2020;43;3361
UKM71;04-Nov-2020;48;3409
UKM71;05-Nov-2020;47;3456
UKM71;06-Nov-2020;40;3496
UKM71;07-Nov-2020;23;3519
UKM71;08-Nov-2020;35;3554
UKM71;09-Nov-2020;57;3611
UKM71;10-Nov-2020;60;3671
UKM71;11-Nov-2020;46;3717
UKM71;12-Nov-2020;48;3765
UKM71;13-Nov-2020;40;3805
UKM71;14-Nov-2020;34;3839
UKM71;15-Nov-2020;29;3868
UKM71;16-Nov-2020;49;3917
UKM71;17-Nov-2020;44;3961
UKM71;18-Nov-2020;31;3992
UKM71;19-Nov-2020;35;4027
UKM71;20-Nov-2020;35;4062
UKM71;21-Nov-2020;37;4099
UKM71;22-Nov-2020;22;4121
UKM71;23-Nov-2020;8;4129
UKM72;28-Feb-2020;0;0
UKM72;29-Feb-2020;0;0
UKM72;01-Mar-2020;1;1
UKM72;02-Mar-2020;0;1
UKM72;03-Mar-2020;1;2
UKM72;04-Mar-2020;2;4
UKM72;05-Mar-2020;0;4
UKM72;06-Mar-2020;0;4
UKM72;07-Mar-2020;0;4
UKM72;08-Mar-2020;0;4
UKM72;09-Mar-2020;1;5
UKM72;10-Mar-2020;0;5
UKM72;11-Mar-2020;1;6
UKM72;12-Mar-2020;4;10
UKM72;13-Mar-2020;1;11
UKM72;14-Mar-2020;1;12
UKM72;15-Mar-2020;2;14
UKM72;16-Mar-2020;0;14
UKM72;17-Mar-2020;1;15
UKM72;18-Mar-2020;2;17
UKM72;19-Mar-2020;2;19
UKM72;20-Mar-2020;7;26
UKM72;21-Mar-2020;2;28
UKM72;22-Mar-2020;4;32
UKM72;23-Mar-2020;13;45
UKM72;24-Mar-2020;3;48
UKM72;25-Mar-2020;11;59
UKM72;26-Mar-2020;13;72
UKM72;27-Mar-2020;13;85
UKM72;28-Mar-2020;13;98
UKM72;29-Mar-2020;13;111
UKM72;30-Mar-2020;20;131
UKM72;31-Mar-2020;33;164
UKM72;01-Apr-2020;31;195
UKM72;02-Apr-2020;37;232
UKM72;03-Apr-2020;26;258
UKM72;04-Apr-2020;15;273
UKM72;05-Apr-2020;15;288
UKM72;06-Apr-2020;35;323
UKM72;07-Apr-2020;14;337
UKM72;08-Apr-2020;35;372
UKM72;09-Apr-2020;27;399
UKM72;10-Apr-2020;25;424
UKM72;11-Apr-2020;7;431
UKM72;12-Apr-2020;13;444
UKM72;13-Apr-2020;27;471
UKM72;14-Apr-2020;33;504
UKM72;15-Apr-2020;32;536
UKM72;16-Apr-2020;47;583
UKM72;17-Apr-2020;26;609
UKM72;18-Apr-2020;16;625
UKM72;19-Apr-2020;8;633
UKM72;20-Apr-2020;45;678
UKM72;21-Apr-2020;29;707
UKM72;22-Apr-2020;32;739
UKM72;23-Apr-2020;19;758
UKM72;24-Apr-2020;23;781
UKM72;25-Apr-2020;14;795
UKM72;26-Apr-2020;9;804
UKM72;27-Apr-2020;27;831
UKM72;28-Apr-2020;21;852
UKM72;29-Apr-2020;33;885
UKM72;30-Apr-2020;19;904
UKM72;01-May-2020;39;943
UKM72;02-May-2020;3;946
UKM72;03-May-2020;2;948
UKM72;04-May-2020;14;962
UKM72;05-May-2020;11;973
UKM72;06-May-2020;5;978
UKM72;07-May-2020;16;994
UKM72;08-May-2020;6;1000
UKM72;09-May-2020;5;1005
UKM72;10-May-2020;1;1006
UKM72;11-May-2020;3;1009
UKM72;12-May-2020;3;1012
UKM72;13-May-2020;11;1023
UKM72;14-May-2020;3;1026
UKM72;15-May-2020;2;1028
UKM72;16-May-2020;4;1032
UKM72;17-May-2020;5;1037
UKM72;18-May-2020;5;1042
UKM72;19-May-2020;12;1054
UKM72;20-May-2020;6;1060
UKM72;21-May-2020;5;1065
UKM72;22-May-2020;4;1069
UKM72;23-May-2020;0;1069
UKM72;24-May-2020;2;1071
UKM72;25-May-2020;6;1077
UKM72;26-May-2020;8;1085
UKM72;27-May-2020;5;1090
UKM72;28-May-2020;2;1092
UKM72;29-May-2020;1;1093
UKM72;30-May-2020;3;1096
UKM72;31-May-2020;0;1096
UKM72;01-Jun-2020;6;1102
UKM72;02-Jun-2020;1;1103
UKM72;03-Jun-2020;1;1104
UKM72;04-Jun-2020;0;1104
UKM72;05-Jun-2020;2;1106
UKM72;06-Jun-2020;0;1106
UKM72;07-Jun-2020;0;1106
UKM72;08-Jun-2020;1;1107
UKM72;09-Jun-2020;3;1110
UKM72;10-Jun-2020;2;1112
UKM72;11-Jun-2020;3;1115
UKM72;12-Jun-2020;0;1115
UKM72;13-Jun-2020;1;1116
UKM72;14-Jun-2020;1;1117
UKM72;15-Jun-2020;1;1118
UKM72;16-Jun-2020;1;1119
UKM72;17-Jun-2020;0;1119
UKM72;18-Jun-2020;0;1119
UKM72;19-Jun-2020;0;1119
UKM72;20-Jun-2020;0;1119
UKM72;21-Jun-2020;0;1119
UKM72;22-Jun-2020;0;1119
UKM72;23-Jun-2020;1;1120
UKM72;24-Jun-2020;1;1121
UKM72;25-Jun-2020;2;1123
UKM72;26-Jun-2020;2;1125
UKM72;27-Jun-2020;0;1125
UKM72;28-Jun-2020;0;1125
UKM72;29-Jun-2020;0;1125
UKM72;30-Jun-2020;0;1125
UKM72;01-Jul-2020;2;1127
UKM72;02-Jul-2020;0;1127
UKM72;03-Jul-2020;0;1127
UKM72;04-Jul-2020;0;1127
UKM72;05-Jul-2020;1;1128
UKM72;06-Jul-2020;0;1128
UKM72;07-Jul-2020;1;1129
UKM72;08-Jul-2020;0;1129
UKM72;09-Jul-2020;0;1129
UKM72;10-Jul-2020;0;1129
UKM72;11-Jul-2020;0;1129
UKM72;12-Jul-2020;0;1129
UKM72;13-Jul-2020;0;1129
UKM72;14-Jul-2020;0;1129
UKM72;15-Jul-2020;2;1131
UKM72;16-Jul-2020;2;1133
UKM72;17-Jul-2020;0;1133
UKM72;18-Jul-2020;0;1133
UKM72;19-Jul-2020;1;1134
UKM72;20-Jul-2020;2;1136
UKM72;21-Jul-2020;0;1136
UKM72;22-Jul-2020;0;1136
UKM72;23-Jul-2020;1;1137
UKM72;24-Jul-2020;0;1137
UKM72;25-Jul-2020;0;1137
UKM72;26-Jul-2020;1;1138
UKM72;27-Jul-2020;1;1139
UKM72;28-Jul-2020;0;1139
UKM72;29-Jul-2020;2;1141
UKM72;30-Jul-2020;3;1144
UKM72;31-Jul-2020;0;1144
UKM72;01-Aug-2020;0;1144
UKM72;02-Aug-2020;0;1144
UKM72;03-Aug-2020;1;1145
UKM72;04-Aug-2020;2;1147
UKM72;05-Aug-2020;3;1150
UKM72;06-Aug-2020;0;1150
UKM72;07-Aug-2020;2;1152
UKM72;08-Aug-2020;2;1154
UKM72;09-Aug-2020;0;1154
UKM72;10-Aug-2020;0;1154
UKM72;11-Aug-2020;1;1155
UKM72;12-Aug-2020;2;1157
UKM72;13-Aug-2020;4;1161
UKM72;14-Aug-2020;2;1163
UKM72;15-Aug-2020;2;1165
UKM72;16-Aug-2020;0;1165
UKM72;17-Aug-2020;0;1165
UKM72;18-Aug-2020;2;1167
UKM72;19-Aug-2020;1;1168
UKM72;20-Aug-2020;3;1171
UKM72;21-Aug-2020;5;1176
UKM72;22-Aug-2020;0;1176
UKM72;23-Aug-2020;2;1178
UKM72;24-Aug-2020;0;1178
UKM72;25-Aug-2020;3;1181
UKM72;26-Aug-2020;6;1187
UKM72;27-Aug-2020;4;1191
UKM72;28-Aug-2020;2;1193
UKM72;29-Aug-2020;2;1195
UKM72;30-Aug-2020;4;1199
UKM72;31-Aug-2020;2;1201
UKM72;01-Sep-2020;5;1206
UKM72;02-Sep-2020;5;1211
UKM72;03-Sep-2020;7;1218
UKM72;04-Sep-2020;8;1226
UKM72;05-Sep-2020;2;1228
UKM72;06-Sep-2020;4;1232
UKM72;07-Sep-2020;7;1239
UKM72;08-Sep-2020;6;1245
UKM72;09-Sep-2020;3;1248
UKM72;10-Sep-2020;8;1256
UKM72;11-Sep-2020;2;1258
UKM72;12-Sep-2020;1;1259
UKM72;13-Sep-2020;2;1261
UKM72;14-Sep-2020;3;1264
UKM72;15-Sep-2020;14;1278
UKM72;16-Sep-2020;5;1283
UKM72;17-Sep-2020;17;1300
UKM72;18-Sep-2020;25;1325
UKM72;19-Sep-2020;17;1342
UKM72;20-Sep-2020;12;1354
UKM72;21-Sep-2020;20;1374
UKM72;22-Sep-2020;19;1393
UKM72;23-Sep-2020;20;1413
UKM72;24-Sep-2020;44;1457
UKM72;25-Sep-2020;28;1485
UKM72;26-Sep-2020;17;1502
UKM72;27-Sep-2020;15;1517
UKM72;28-Sep-2020;35;1552
UKM72;29-Sep-2020;28;1580
UKM72;30-Sep-2020;20;1600
UKM72;01-Oct-2020;24;1624
UKM72;02-Oct-2020;27;1651
UKM72;03-Oct-2020;30;1681
UKM72;04-Oct-2020;27;1708
UKM72;05-Oct-2020;44;1752
UKM72;06-Oct-2020;38;1790
UKM72;07-Oct-2020;41;1831
UKM72;08-Oct-2020;42;1873
UKM72;09-Oct-2020;41;1914
UKM72;10-Oct-2020;34;1948
UKM72;11-Oct-2020;40;1988
UKM72;12-Oct-2020;46;2034
UKM72;13-Oct-2020;65;2099
UKM72;14-Oct-2020;42;2141
UKM72;15-Oct-2020;42;2183
UKM72;16-Oct-2020;43;2226
UKM72;17-Oct-2020;29;2255
UKM72;18-Oct-2020;28;2283
UKM72;19-Oct-2020;43;2326
UKM72;20-Oct-2020;64;2390
UKM72;21-Oct-2020;62;2452
UKM72;22-Oct-2020;71;2523
UKM72;23-Oct-2020;81;2604
UKM72;24-Oct-2020;43;2647
UKM72;25-Oct-2020;44;2691
UKM72;26-Oct-2020;50;2741
UKM72;27-Oct-2020;55;2796
UKM72;28-Oct-2020;61;2857
UKM72;29-Oct-2020;40;2897
UKM72;30-Oct-2020;54;2951
UKM72;31-Oct-2020;38;2989
UKM72;01-Nov-2020;43;3032
UKM72;02-Nov-2020;95;3127
UKM72;03-Nov-2020;81;3208
UKM72;04-Nov-2020;71;3279
UKM72;05-Nov-2020;72;3351
UKM72;06-Nov-2020;48;3399
UKM72;07-Nov-2020;57;3456
UKM72;08-Nov-2020;50;3506
UKM72;09-Nov-2020;76;3582
UKM72;10-Nov-2020;91;3673
UKM72;11-Nov-2020;142;3815
UKM72;12-Nov-2020;100;3915
UKM72;13-Nov-2020;82;3997
UKM72;14-Nov-2020;72;4069
UKM72;15-Nov-2020;53;4122
UKM72;16-Nov-2020;87;4209
UKM72;17-Nov-2020;74;4283
UKM72;18-Nov-2020;74;4357
UKM72;19-Nov-2020;74;4431
UKM72;20-Nov-2020;54;4485
UKM72;21-Nov-2020;46;4531
UKM72;22-Nov-2020;55;4586
UKM72;23-Nov-2020;22;4608
UKM73;28-Feb-2020;0;0
UKM73;29-Feb-2020;0;0
UKM73;01-Mar-2020;0;0
UKM73;02-Mar-2020;0;0
UKM73;03-Mar-2020;0;0
UKM73;04-Mar-2020;0;0
UKM73;05-Mar-2020;0;0
UKM73;06-Mar-2020;1;1
UKM73;07-Mar-2020;0;1
UKM73;08-Mar-2020;0;1
UKM73;09-Mar-2020;0;1
UKM73;10-Mar-2020;0;1
UKM73;11-Mar-2020;2;3
UKM73;12-Mar-2020;0;3
UKM73;13-Mar-2020;0;3
UKM73;14-Mar-2020;0;3
UKM73;15-Mar-2020;0;3
UKM73;16-Mar-2020;0;3
UKM73;17-Mar-2020;0;3
UKM73;18-Mar-2020;0;3
UKM73;19-Mar-2020;2;5
UKM73;20-Mar-2020;2;7
UKM73;21-Mar-2020;5;12
UKM73;22-Mar-2020;2;14
UKM73;23-Mar-2020;1;15
UKM73;24-Mar-2020;5;20
UKM73;25-Mar-2020;7;27
UKM73;26-Mar-2020;6;33
UKM73;27-Mar-2020;13;46
UKM73;28-Mar-2020;5;51
UKM73;29-Mar-2020;6;57
UKM73;30-Mar-2020;17;74
UKM73;31-Mar-2020;5;79
UKM73;01-Apr-2020;9;88
UKM73;02-Apr-2020;21;109
UKM73;03-Apr-2020;8;117
UKM73;04-Apr-2020;12;129
UKM73;05-Apr-2020;4;133
UKM73;06-Apr-2020;30;163
UKM73;07-Apr-2020;19;182
UKM73;08-Apr-2020;18;200
UKM73;09-Apr-2020;21;221
UKM73;10-Apr-2020;17;238
UKM73;11-Apr-2020;5;243
UKM73;12-Apr-2020;9;252
UKM73;13-Apr-2020;7;259
UKM73;14-Apr-2020;24;283
UKM73;15-Apr-2020;23;306
UKM73;16-Apr-2020;16;322
UKM73;17-Apr-2020;36;358
UKM73;18-Apr-2020;14;372
UKM73;19-Apr-2020;10;382
UKM73;20-Apr-2020;42;424
UKM73;21-Apr-2020;17;441
UKM73;22-Apr-2020;20;461
UKM73;23-Apr-2020;13;474
UKM73;24-Apr-2020;8;482
UKM73;25-Apr-2020;2;484
UKM73;26-Apr-2020;9;493
UKM73;27-Apr-2020;36;529
UKM73;28-Apr-2020;15;544
UKM73;29-Apr-2020;20;564
UKM73;30-Apr-2020;11;575
UKM73;01-May-2020;6;581
UKM73;02-May-2020;8;589
UKM73;03-May-2020;10;599
UKM73;04-May-2020;13;612
UKM73;05-May-2020;19;631
UKM73;06-May-2020;13;644
UKM73;07-May-2020;11;655
UKM73;08-May-2020;12;667
UKM73;09-May-2020;4;671
UKM73;10-May-2020;7;678
UKM73;11-May-2020;13;691
UKM73;12-May-2020;9;700
UKM73;13-May-2020;12;712
UKM73;14-May-2020;11;723
UKM73;15-May-2020;8;731
UKM73;16-May-2020;4;735
UKM73;17-May-2020;3;738
UKM73;18-May-2020;4;742
UKM73;19-May-2020;7;749
UKM73;20-May-2020;9;758
UKM73;21-May-2020;3;761
UKM73;22-May-2020;3;764
UKM73;23-May-2020;4;768
UKM73;24-May-2020;5;773
UKM73;25-May-2020;4;777
UKM73;26-May-2020;2;779
UKM73;27-May-2020;4;783
UKM73;28-May-2020;4;787
UKM73;29-May-2020;0;787
UKM73;30-May-2020;0;787
UKM73;31-May-2020;1;788
UKM73;01-Jun-2020;0;788
UKM73;02-Jun-2020;0;788
UKM73;03-Jun-2020;1;789
UKM73;04-Jun-2020;1;790
UKM73;05-Jun-2020;0;790
UKM73;06-Jun-2020;0;790
UKM73;07-Jun-2020;0;790
UKM73;08-Jun-2020;0;790
UKM73;09-Jun-2020;0;790
UKM73;10-Jun-2020;1;791
UKM73;11-Jun-2020;0;791
UKM73;12-Jun-2020;3;794
UKM73;13-Jun-2020;0;794
UKM73;14-Jun-2020;2;796
UKM73;15-Jun-2020;3;799
UKM73;16-Jun-2020;0;799
UKM73;17-Jun-2020;0;799
UKM73;18-Jun-2020;1;800
UKM73;19-Jun-2020;0;800
UKM73;20-Jun-2020;0;800
UKM73;21-Jun-2020;0;800
UKM73;22-Jun-2020;0;800
UKM73;23-Jun-2020;2;802
UKM73;24-Jun-2020;0;802
UKM73;25-Jun-2020;0;802
UKM73;26-Jun-2020;1;803
UKM73;27-Jun-2020;0;803
UKM73;28-Jun-2020;0;803
UKM73;29-Jun-2020;0;803
UKM73;30-Jun-2020;0;803
UKM73;01-Jul-2020;0;803
UKM73;02-Jul-2020;1;804
UKM73;03-Jul-2020;1;805
UKM73;04-Jul-2020;0;805
UKM73;05-Jul-2020;0;805
UKM73;06-Jul-2020;0;805
UKM73;07-Jul-2020;0;805
UKM73;08-Jul-2020;0;805
UKM73;09-Jul-2020;0;805
UKM73;10-Jul-2020;0;805
UKM73;11-Jul-2020;0;805
UKM73;12-Jul-2020;0;805
UKM73;13-Jul-2020;1;806
UKM73;14-Jul-2020;1;807
UKM73;15-Jul-2020;1;808
UKM73;16-Jul-2020;0;808
UKM73;17-Jul-2020;0;808
UKM73;18-Jul-2020;0;808
UKM73;19-Jul-2020;0;808
UKM73;20-Jul-2020;0;808
UKM73;21-Jul-2020;1;809
UKM73;22-Jul-2020;0;809
UKM73;23-Jul-2020;1;810
UKM73;24-Jul-2020;0;810
UKM73;25-Jul-2020;0;810
UKM73;26-Jul-2020;2;812
UKM73;27-Jul-2020;0;812
UKM73;28-Jul-2020;1;813
UKM73;29-Jul-2020;1;814
UKM73;30-Jul-2020;0;814
UKM73;31-Jul-2020;0;814
UKM73;01-Aug-2020;0;814
UKM73;02-Aug-2020;0;814
UKM73;03-Aug-2020;1;815
UKM73;04-Aug-2020;0;815
UKM73;05-Aug-2020;1;816
UKM73;06-Aug-2020;0;816
UKM73;07-Aug-2020;0;816
UKM73;08-Aug-2020;0;816
UKM73;09-Aug-2020;1;817
UKM73;10-Aug-2020;0;817
UKM73;11-Aug-2020;0;817
UKM73;12-Aug-2020;1;818
UKM73;13-Aug-2020;0;818
UKM73;14-Aug-2020;1;819
UKM73;15-Aug-2020;0;819
UKM73;16-Aug-2020;0;819
UKM73;17-Aug-2020;1;820
UKM73;18-Aug-2020;1;821
UKM73;19-Aug-2020;2;823
UKM73;20-Aug-2020;1;824
UKM73;21-Aug-2020;0;824
UKM73;22-Aug-2020;0;824
UKM73;23-Aug-2020;2;826
UKM73;24-Aug-2020;2;828
UKM73;25-Aug-2020;0;828
UKM73;26-Aug-2020;1;829
UKM73;27-Aug-2020;6;835
UKM73;28-Aug-2020;2;837
UKM73;29-Aug-2020;1;838
UKM73;30-Aug-2020;1;839
UKM73;31-Aug-2020;1;840
UKM73;01-Sep-2020;4;844
UKM73;02-Sep-2020;4;848
UKM73;03-Sep-2020;8;856
UKM73;04-Sep-2020;3;859
UKM73;05-Sep-2020;1;860
UKM73;06-Sep-2020;6;866
UKM73;07-Sep-2020;5;871
UKM73;08-Sep-2020;2;873
UKM73;09-Sep-2020;14;887
UKM73;10-Sep-2020;5;892
UKM73;11-Sep-2020;7;899
UKM73;12-Sep-2020;10;909
UKM73;13-Sep-2020;3;912
UKM73;14-Sep-2020;8;920
UKM73;15-Sep-2020;13;933
UKM73;16-Sep-2020;11;944
UKM73;17-Sep-2020;5;949
UKM73;18-Sep-2020;4;953
UKM73;19-Sep-2020;8;961
UKM73;20-Sep-2020;7;968
UKM73;21-Sep-2020;8;976
UKM73;22-Sep-2020;10;986
UKM73;23-Sep-2020;11;997
UKM73;24-Sep-2020;18;1015
UKM73;25-Sep-2020;13;1028
UKM73;26-Sep-2020;1;1029
UKM73;27-Sep-2020;10;1039
UKM73;28-Sep-2020;22;1061
UKM73;29-Sep-2020;16;1077
UKM73;30-Sep-2020;14;1091
UKM73;01-Oct-2020;18;1109
UKM73;02-Oct-2020;16;1125
UKM73;03-Oct-2020;14;1139
UKM73;04-Oct-2020;13;1152
UKM73;05-Oct-2020;25;1177
UKM73;06-Oct-2020;20;1197
UKM73;07-Oct-2020;20;1217
UKM73;08-Oct-2020;29;1246
UKM73;09-Oct-2020;19;1265
UKM73;10-Oct-2020;16;1281
UKM73;11-Oct-2020;18;1299
UKM73;12-Oct-2020;26;1325
UKM73;13-Oct-2020;16;1341
UKM73;14-Oct-2020;22;1363
UKM73;15-Oct-2020;22;1385
UKM73;16-Oct-2020;29;1414
UKM73;17-Oct-2020;14;1428
UKM73;18-Oct-2020;18;1446
UKM73;19-Oct-2020;32;1478
UKM73;20-Oct-2020;18;1496
UKM73;21-Oct-2020;46;1542
UKM73;22-Oct-2020;28;1570
UKM73;23-Oct-2020;27;1597
UKM73;24-Oct-2020;24;1621
UKM73;25-Oct-2020;27;1648
UKM73;26-Oct-2020;28;1676
UKM73;27-Oct-2020;32;1708
UKM73;28-Oct-2020;30;1738
UKM73;29-Oct-2020;27;1765
UKM73;30-Oct-2020;31;1796
UKM73;31-Oct-2020;14;1810
UKM73;01-Nov-2020;22;1832
UKM73;02-Nov-2020;39;1871
UKM73;03-Nov-2020;30;1901
UKM73;04-Nov-2020;18;1919
UKM73;05-Nov-2020;19;1938
UKM73;06-Nov-2020;14;1952
UKM73;07-Nov-2020;17;1969
UKM73;08-Nov-2020;11;1980
UKM73;09-Nov-2020;24;2004
UKM73;10-Nov-2020;19;2023
UKM73;11-Nov-2020;12;2035
UKM73;12-Nov-2020;23;2058
UKM73;13-Nov-2020;20;2078
UKM73;14-Nov-2020;16;2094
UKM73;15-Nov-2020;15;2109
UKM73;16-Nov-2020;26;2135
UKM73;17-Nov-2020;18;2153
UKM73;18-Nov-2020;35;2188
UKM73;19-Nov-2020;24;2212
UKM73;20-Nov-2020;10;2222
UKM73;21-Nov-2020;20;2242
UKM73;22-Nov-2020;14;2256
UKM73;23-Nov-2020;8;2264
UKM75;28-Feb-2020;0;0
UKM75;29-Feb-2020;0;0
UKM75;01-Mar-2020;0;0
UKM75;02-Mar-2020;0;0
UKM75;03-Mar-2020;0;0
UKM75;04-Mar-2020;1;1
UKM75;05-Mar-2020;1;2
UKM75;06-Mar-2020;1;3
UKM75;07-Mar-2020;2;5
UKM75;08-Mar-2020;2;7
UKM75;09-Mar-2020;1;8
UKM75;10-Mar-2020;1;9
UKM75;11-Mar-2020;4;13
UKM75;12-Mar-2020;5;18
UKM75;13-Mar-2020;2;20
UKM75;14-Mar-2020;3;23
UKM75;15-Mar-2020;1;24
UKM75;16-Mar-2020;1;25
UKM75;17-Mar-2020;3;28
UKM75;18-Mar-2020;3;31
UKM75;19-Mar-2020;3;34
UKM75;20-Mar-2020;5;39
UKM75;21-Mar-2020;9;48
UKM75;22-Mar-2020;6;54
UKM75;23-Mar-2020;13;67
UKM75;24-Mar-2020;20;87
UKM75;25-Mar-2020;10;97
UKM75;26-Mar-2020;11;108
UKM75;27-Mar-2020;19;127
UKM75;28-Mar-2020;16;143
UKM75;29-Mar-2020;12;155
UKM75;30-Mar-2020;25;180
UKM75;31-Mar-2020;31;211
UKM75;01-Apr-2020;36;247
UKM75;02-Apr-2020;31;278
UKM75;03-Apr-2020;35;313
UKM75;04-Apr-2020;27;340
UKM75;05-Apr-2020;22;362
UKM75;06-Apr-2020;53;415
UKM75;07-Apr-2020;23;438
UKM75;08-Apr-2020;29;467
UKM75;09-Apr-2020;34;501
UKM75;10-Apr-2020;28;529
UKM75;11-Apr-2020;14;543
UKM75;12-Apr-2020;34;577
UKM75;13-Apr-2020;39;616
UKM75;14-Apr-2020;36;652
UKM75;15-Apr-2020;37;689
UKM75;16-Apr-2020;40;729
UKM75;17-Apr-2020;68;797
UKM75;18-Apr-2020;28;825
UKM75;19-Apr-2020;12;837
UKM75;20-Apr-2020;74;911
UKM75;21-Apr-2020;38;949
UKM75;22-Apr-2020;53;1002
UKM75;23-Apr-2020;36;1038
UKM75;24-Apr-2020;36;1074
UKM75;25-Apr-2020;13;1087
UKM75;26-Apr-2020;14;1101
UKM75;27-Apr-2020;62;1163
UKM75;28-Apr-2020;42;1205
UKM75;29-Apr-2020;29;1234
UKM75;30-Apr-2020;36;1270
UKM75;01-May-2020;25;1295
UKM75;02-May-2020;21;1316
UKM75;03-May-2020;28;1344
UKM75;04-May-2020;26;1370
UKM75;05-May-2020;28;1398
UKM75;06-May-2020;28;1426
UKM75;07-May-2020;32;1458
UKM75;08-May-2020;23;1481
UKM75;09-May-2020;9;1490
UKM75;10-May-2020;10;1500
UKM75;11-May-2020;25;1525
UKM75;12-May-2020;12;1537
UKM75;13-May-2020;24;1561
UKM75;14-May-2020;23;1584
UKM75;15-May-2020;14;1598
UKM75;16-May-2020;6;1604
UKM75;17-May-2020;7;1611
UKM75;18-May-2020;5;1616
UKM75;19-May-2020;19;1635
UKM75;20-May-2020;16;1651
UKM75;21-May-2020;11;1662
UKM75;22-May-2020;11;1673
UKM75;23-May-2020;4;1677
UKM75;24-May-2020;2;1679
UKM75;25-May-2020;13;1692
UKM75;26-May-2020;8;1700
UKM75;27-May-2020;0;1700
UKM75;28-May-2020;5;1705
UKM75;29-May-2020;6;1711
UKM75;30-May-2020;4;1715
UKM75;31-May-2020;1;1716
UKM75;01-Jun-2020;4;1720
UKM75;02-Jun-2020;2;1722
UKM75;03-Jun-2020;5;1727
UKM75;04-Jun-2020;4;1731
UKM75;05-Jun-2020;3;1734
UKM75;06-Jun-2020;2;1736
UKM75;07-Jun-2020;3;1739
UKM75;08-Jun-2020;1;1740
UKM75;09-Jun-2020;3;1743
UKM75;10-Jun-2020;4;1747
UKM75;11-Jun-2020;4;1751
UKM75;12-Jun-2020;4;1755
UKM75;13-Jun-2020;3;1758
UKM75;14-Jun-2020;2;1760
UKM75;15-Jun-2020;5;1765
UKM75;16-Jun-2020;2;1767
UKM75;17-Jun-2020;4;1771
UKM75;18-Jun-2020;3;1774
UKM75;19-Jun-2020;2;1776
UKM75;20-Jun-2020;0;1776
UKM75;21-Jun-2020;0;1776
UKM75;22-Jun-2020;3;1779
UKM75;23-Jun-2020;2;1781
UKM75;24-Jun-2020;1;1782
UKM75;25-Jun-2020;2;1784
UKM75;26-Jun-2020;0;1784
UKM75;27-Jun-2020;0;1784
UKM75;28-Jun-2020;0;1784
UKM75;29-Jun-2020;0;1784
UKM75;30-Jun-2020;0;1784
UKM75;01-Jul-2020;3;1787
UKM75;02-Jul-2020;2;1789
UKM75;03-Jul-2020;0;1789
UKM75;04-Jul-2020;0;1789
UKM75;05-Jul-2020;0;1789
UKM75;06-Jul-2020;0;1789
UKM75;07-Jul-2020;0;1789
UKM75;08-Jul-2020;3;1792
UKM75;09-Jul-2020;2;1794
UKM75;10-Jul-2020;0;1794
UKM75;11-Jul-2020;0;1794
UKM75;12-Jul-2020;0;1794
UKM75;13-Jul-2020;0;1794
UKM75;14-Jul-2020;1;1795
UKM75;15-Jul-2020;3;1798
UKM75;16-Jul-2020;3;1801
UKM75;17-Jul-2020;0;1801
UKM75;18-Jul-2020;3;1804
UKM75;19-Jul-2020;0;1804
UKM75;20-Jul-2020;0;1804
UKM75;21-Jul-2020;2;1806
UKM75;22-Jul-2020;0;1806
UKM75;23-Jul-2020;2;1808
UKM75;24-Jul-2020;0;1808
UKM75;25-Jul-2020;0;1808
UKM75;26-Jul-2020;0;1808
UKM75;27-Jul-2020;1;1809
UKM75;28-Jul-2020;2;1811
UKM75;29-Jul-2020;4;1815
UKM75;30-Jul-2020;3;1818
UKM75;31-Jul-2020;0;1818
UKM75;01-Aug-2020;2;1820
UKM75;02-Aug-2020;3;1823
UKM75;03-Aug-2020;1;1824
UKM75;04-Aug-2020;1;1825
UKM75;05-Aug-2020;0;1825
UKM75;06-Aug-2020;4;1829
UKM75;07-Aug-2020;4;1833
UKM75;08-Aug-2020;0;1833
UKM75;09-Aug-2020;0;1833
UKM75;10-Aug-2020;2;1835
UKM75;11-Aug-2020;3;1838
UKM75;12-Aug-2020;3;1841
UKM75;13-Aug-2020;3;1844
UKM75;14-Aug-2020;0;1844
UKM75;15-Aug-2020;2;1846
UKM75;16-Aug-2020;1;1847
UKM75;17-Aug-2020;5;1852
UKM75;18-Aug-2020;1;1853
UKM75;19-Aug-2020;1;1854
UKM75;20-Aug-2020;6;1860
UKM75;21-Aug-2020;4;1864
UKM75;22-Aug-2020;9;1873
UKM75;23-Aug-2020;11;1884
UKM75;24-Aug-2020;3;1887
UKM75;25-Aug-2020;4;1891
UKM75;26-Aug-2020;4;1895
UKM75;27-Aug-2020;4;1899
UKM75;28-Aug-2020;5;1904
UKM75;29-Aug-2020;11;1915
UKM75;30-Aug-2020;6;1921
UKM75;31-Aug-2020;11;1932
UKM75;01-Sep-2020;12;1944
UKM75;02-Sep-2020;11;1955
UKM75;03-Sep-2020;17;1972
UKM75;04-Sep-2020;5;1977
UKM75;05-Sep-2020;9;1986
UKM75;06-Sep-2020;11;1997
UKM75;07-Sep-2020;16;2013
UKM75;08-Sep-2020;5;2018
UKM75;09-Sep-2020;21;2039
UKM75;10-Sep-2020;12;2051
UKM75;11-Sep-2020;11;2062
UKM75;12-Sep-2020;12;2074
UKM75;13-Sep-2020;14;2088
UKM75;14-Sep-2020;19;2107
UKM75;15-Sep-2020;25;2132
UKM75;16-Sep-2020;31;2163
UKM75;17-Sep-2020;48;2211
UKM75;18-Sep-2020;37;2248
UKM75;19-Sep-2020;28;2276
UKM75;20-Sep-2020;22;2298
UKM75;21-Sep-2020;32;2330
UKM75;22-Sep-2020;51;2381
UKM75;23-Sep-2020;72;2453
UKM75;24-Sep-2020;73;2526
UKM75;25-Sep-2020;67;2593
UKM75;26-Sep-2020;75;2668
UKM75;27-Sep-2020;75;2743
UKM75;28-Sep-2020;119;2862
UKM75;29-Sep-2020;97;2959
UKM75;30-Sep-2020;137;3096
UKM75;01-Oct-2020;107;3203
UKM75;02-Oct-2020;133;3336
UKM75;03-Oct-2020;103;3439
UKM75;04-Oct-2020;106;3545
UKM75;05-Oct-2020;133;3678
UKM75;06-Oct-2020;124;3802
UKM75;07-Oct-2020;129;3931
UKM75;08-Oct-2020;104;4035
UKM75;09-Oct-2020;105;4140
UKM75;10-Oct-2020;86;4226
UKM75;11-Oct-2020;92;4318
UKM75;12-Oct-2020;120;4438
UKM75;13-Oct-2020;100;4538
UKM75;14-Oct-2020;85;4623
UKM75;15-Oct-2020;76;4699
UKM75;16-Oct-2020;80;4779
UKM75;17-Oct-2020;59;4838
UKM75;18-Oct-2020;45;4883
UKM75;19-Oct-2020;79;4962
UKM75;20-Oct-2020;88;5050
UKM75;21-Oct-2020;67;5117
UKM75;22-Oct-2020;92;5209
UKM75;23-Oct-2020;69;5278
UKM75;24-Oct-2020;35;5313
UKM75;25-Oct-2020;60;5373
UKM75;26-Oct-2020;83;5456
UKM75;27-Oct-2020;69;5525
UKM75;28-Oct-2020;88;5613
UKM75;29-Oct-2020;49;5662
UKM75;30-Oct-2020;50;5712
UKM75;31-Oct-2020;47;5759
UKM75;01-Nov-2020;57;5816
UKM75;02-Nov-2020;66;5882
UKM75;03-Nov-2020;67;5949
UKM75;04-Nov-2020;72;6021
UKM75;05-Nov-2020;64;6085
UKM75;06-Nov-2020;66;6151
UKM75;07-Nov-2020;53;6204
UKM75;08-Nov-2020;59;6263
UKM75;09-Nov-2020;71;6334
UKM75;10-Nov-2020;77;6411
UKM75;11-Nov-2020;87;6498
UKM75;12-Nov-2020;65;6563
UKM75;13-Nov-2020;46;6609
UKM75;14-Nov-2020;51;6660
UKM75;15-Nov-2020;41;6701
UKM75;16-Nov-2020;97;6798
UKM75;17-Nov-2020;67;6865
UKM75;18-Nov-2020;73;6938
UKM75;19-Nov-2020;82;7020
UKM75;20-Nov-2020;62;7082
UKM75;21-Nov-2020;22;7104
UKM75;22-Nov-2020;56;7160
UKM75;23-Nov-2020;20;7180
UKM76;28-Feb-2020;0;0
UKM76;29-Feb-2020;0;0
UKM76;01-Mar-2020;0;0
UKM76;02-Mar-2020;0;0
UKM76;03-Mar-2020;0;0
UKM76;04-Mar-2020;1;1
UKM76;05-Mar-2020;0;1
UKM76;06-Mar-2020;0;1
UKM76;07-Mar-2020;0;1
UKM76;08-Mar-2020;0;1
UKM76;09-Mar-2020;0;1
UKM76;10-Mar-2020;1;2
UKM76;11-Mar-2020;0;2
UKM76;12-Mar-2020;0;2
UKM76;13-Mar-2020;0;2
UKM76;14-Mar-2020;2;4
UKM76;15-Mar-2020;1;5
UKM76;16-Mar-2020;1;6
UKM76;17-Mar-2020;2;8
UKM76;18-Mar-2020;4;12
UKM76;19-Mar-2020;0;12
UKM76;20-Mar-2020;5;17
UKM76;21-Mar-2020;2;19
UKM76;22-Mar-2020;4;23
UKM76;23-Mar-2020;5;28
UKM76;24-Mar-2020;8;36
UKM76;25-Mar-2020;7;43
UKM76;26-Mar-2020;4;47
UKM76;27-Mar-2020;7;54
UKM76;28-Mar-2020;15;69
UKM76;29-Mar-2020;12;81
UKM76;30-Mar-2020;14;95
UKM76;31-Mar-2020;7;102
UKM76;01-Apr-2020;9;111
UKM76;02-Apr-2020;6;117
UKM76;03-Apr-2020;9;126
UKM76;04-Apr-2020;4;130
UKM76;05-Apr-2020;9;139
UKM76;06-Apr-2020;7;146
UKM76;07-Apr-2020;7;153
UKM76;08-Apr-2020;11;164
UKM76;09-Apr-2020;13;177
UKM76;10-Apr-2020;12;189
UKM76;11-Apr-2020;9;198
UKM76;12-Apr-2020;6;204
UKM76;13-Apr-2020;13;217
UKM76;14-Apr-2020;8;225
UKM76;15-Apr-2020;9;234
UKM76;16-Apr-2020;43;277
UKM76;17-Apr-2020;17;294
UKM76;18-Apr-2020;26;320
UKM76;19-Apr-2020;8;328
UKM76;20-Apr-2020;31;359
UKM76;21-Apr-2020;21;380
UKM76;22-Apr-2020;12;392
UKM76;23-Apr-2020;27;419
UKM76;24-Apr-2020;6;425
UKM76;25-Apr-2020;8;433
UKM76;26-Apr-2020;18;451
UKM76;27-Apr-2020;14;465
UKM76;28-Apr-2020;17;482
UKM76;29-Apr-2020;18;500
UKM76;30-Apr-2020;10;510
UKM76;01-May-2020;9;519
UKM76;02-May-2020;3;522
UKM76;03-May-2020;7;529
UKM76;04-May-2020;5;534
UKM76;05-May-2020;10;544
UKM76;06-May-2020;5;549
UKM76;07-May-2020;10;559
UKM76;08-May-2020;3;562
UKM76;09-May-2020;1;563
UKM76;10-May-2020;1;564
UKM76;11-May-2020;5;569
UKM76;12-May-2020;1;570
UKM76;13-May-2020;3;573
UKM76;14-May-2020;3;576
UKM76;15-May-2020;1;577
UKM76;16-May-2020;5;582
UKM76;17-May-2020;12;594
UKM76;18-May-2020;1;595
UKM76;19-May-2020;1;596
UKM76;20-May-2020;3;599
UKM76;21-May-2020;4;603
UKM76;22-May-2020;2;605
UKM76;23-May-2020;1;606
UKM76;24-May-2020;1;607
UKM76;25-May-2020;0;607
UKM76;26-May-2020;0;607
UKM76;27-May-2020;0;607
UKM76;28-May-2020;0;607
UKM76;29-May-2020;7;614
UKM76;30-May-2020;5;619
UKM76;31-May-2020;0;619
UKM76;01-Jun-2020;1;620
UKM76;02-Jun-2020;2;622
UKM76;03-Jun-2020;1;623
UKM76;04-Jun-2020;2;625
UKM76;05-Jun-2020;0;625
UKM76;06-Jun-2020;0;625
UKM76;07-Jun-2020;1;626
UKM76;08-Jun-2020;0;626
UKM76;09-Jun-2020;1;627
UKM76;10-Jun-2020;2;629
UKM76;11-Jun-2020;1;630
UKM76;12-Jun-2020;2;632
UKM76;13-Jun-2020;2;634
UKM76;14-Jun-2020;0;634
UKM76;15-Jun-2020;1;635
UKM76;16-Jun-2020;2;637
UKM76;17-Jun-2020;1;638
UKM76;18-Jun-2020;1;639
UKM76;19-Jun-2020;2;641
UKM76;20-Jun-2020;1;642
UKM76;21-Jun-2020;0;642
UKM76;22-Jun-2020;2;644
UKM76;23-Jun-2020;0;644
UKM76;24-Jun-2020;2;646
UKM76;25-Jun-2020;0;646
UKM76;26-Jun-2020;0;646
UKM76;27-Jun-2020;0;646
UKM76;28-Jun-2020;0;646
UKM76;29-Jun-2020;4;650
UKM76;30-Jun-2020;1;651
UKM76;01-Jul-2020;0;651
UKM76;02-Jul-2020;0;651
UKM76;03-Jul-2020;0;651
UKM76;04-Jul-2020;2;653
UKM76;05-Jul-2020;1;654
UKM76;06-Jul-2020;4;658
UKM76;07-Jul-2020;0;658
UKM76;08-Jul-2020;0;658
UKM76;09-Jul-2020;0;658
UKM76;10-Jul-2020;1;659
UKM76;11-Jul-2020;0;659
UKM76;12-Jul-2020;0;659
UKM76;13-Jul-2020;2;661
UKM76;14-Jul-2020;0;661
UKM76;15-Jul-2020;0;661
UKM76;16-Jul-2020;0;661
UKM76;17-Jul-2020;0;661
UKM76;18-Jul-2020;0;661
UKM76;19-Jul-2020;0;661
UKM76;20-Jul-2020;0;661
UKM76;21-Jul-2020;0;661
UKM76;22-Jul-2020;0;661
UKM76;23-Jul-2020;0;661
UKM76;24-Jul-2020;0;661
UKM76;25-Jul-2020;0;661
UKM76;26-Jul-2020;0;661
UKM76;27-Jul-2020;1;662
UKM76;28-Jul-2020;2;664
UKM76;29-Jul-2020;3;667
UKM76;30-Jul-2020;1;668
UKM76;31-Jul-2020;0;668
UKM76;01-Aug-2020;0;668
UKM76;02-Aug-2020;0;668
UKM76;03-Aug-2020;1;669
UKM76;04-Aug-2020;0;669
UKM76;05-Aug-2020;1;670
UKM76;06-Aug-2020;1;671
UKM76;07-Aug-2020;1;672
UKM76;08-Aug-2020;0;672
UKM76;09-Aug-2020;0;672
UKM76;10-Aug-2020;1;673
UKM76;11-Aug-2020;1;674
UKM76;12-Aug-2020;0;674
UKM76;13-Aug-2020;1;675
UKM76;14-Aug-2020;0;675
UKM76;15-Aug-2020;0;675
UKM76;16-Aug-2020;0;675
UKM76;17-Aug-2020;1;676
UKM76;18-Aug-2020;0;676
UKM76;19-Aug-2020;0;676
UKM76;20-Aug-2020;1;677
UKM76;21-Aug-2020;1;678
UKM76;22-Aug-2020;0;678
UKM76;23-Aug-2020;3;681
UKM76;24-Aug-2020;1;682
UKM76;25-Aug-2020;3;685
UKM76;26-Aug-2020;5;690
UKM76;27-Aug-2020;4;694
UKM76;28-Aug-2020;0;694
UKM76;29-Aug-2020;3;697
UKM76;30-Aug-2020;3;700
UKM76;31-Aug-2020;3;703
UKM76;01-Sep-2020;2;705
UKM76;02-Sep-2020;4;709
UKM76;03-Sep-2020;11;720
UKM76;04-Sep-2020;6;726
UKM76;05-Sep-2020;2;728
UKM76;06-Sep-2020;4;732
UKM76;07-Sep-2020;4;736
UKM76;08-Sep-2020;1;737
UKM76;09-Sep-2020;6;743
UKM76;10-Sep-2020;1;744
UKM76;11-Sep-2020;1;745
UKM76;12-Sep-2020;6;751
UKM76;13-Sep-2020;3;754
UKM76;14-Sep-2020;2;756
UKM76;15-Sep-2020;8;764
UKM76;16-Sep-2020;8;772
UKM76;17-Sep-2020;5;777
UKM76;18-Sep-2020;4;781
UKM76;19-Sep-2020;4;785
UKM76;20-Sep-2020;4;789
UKM76;21-Sep-2020;5;794
UKM76;22-Sep-2020;9;803
UKM76;23-Sep-2020;6;809
UKM76;24-Sep-2020;5;814
UKM76;25-Sep-2020;4;818
UKM76;26-Sep-2020;9;827
UKM76;27-Sep-2020;4;831
UKM76;28-Sep-2020;6;837
UKM76;29-Sep-2020;12;849
UKM76;30-Sep-2020;13;862
UKM76;01-Oct-2020;20;882
UKM76;02-Oct-2020;26;908
UKM76;03-Oct-2020;23;931
UKM76;04-Oct-2020;27;958
UKM76;05-Oct-2020;20;978
UKM76;06-Oct-2020;31;1009
UKM76;07-Oct-2020;28;1037
UKM76;08-Oct-2020;15;1052
UKM76;09-Oct-2020;19;1071
UKM76;10-Oct-2020;19;1090
UKM76;11-Oct-2020;25;1115
UKM76;12-Oct-2020;19;1134
UKM76;13-Oct-2020;26;1160
UKM76;14-Oct-2020;19;1179
UKM76;15-Oct-2020;19;1198
UKM76;16-Oct-2020;17;1215
UKM76;17-Oct-2020;14;1229
UKM76;18-Oct-2020;19;1248
UKM76;19-Oct-2020;20;1268
UKM76;20-Oct-2020;35;1303
UKM76;21-Oct-2020;22;1325
UKM76;22-Oct-2020;36;1361
UKM76;23-Oct-2020;21;1382
UKM76;24-Oct-2020;20;1402
UKM76;25-Oct-2020;23;1425
UKM76;26-Oct-2020;38;1463
UKM76;27-Oct-2020;42;1505
UKM76;28-Oct-2020;29;1534
UKM76;29-Oct-2020;18;1552
UKM76;30-Oct-2020;15;1567
UKM76;31-Oct-2020;13;1580
UKM76;01-Nov-2020;12;1592
UKM76;02-Nov-2020;24;1616
UKM76;03-Nov-2020;14;1630
UKM76;04-Nov-2020;19;1649
UKM76;05-Nov-2020;18;1667
UKM76;06-Nov-2020;12;1679
UKM76;07-Nov-2020;7;1686
UKM76;08-Nov-2020;21;1707
UKM76;09-Nov-2020;23;1730
UKM76;10-Nov-2020;20;1750
UKM76;11-Nov-2020;30;1780
UKM76;12-Nov-2020;19;1799
UKM76;13-Nov-2020;22;1821
UKM76;14-Nov-2020;14;1835
UKM76;15-Nov-2020;18;1853
UKM76;16-Nov-2020;29;1882
UKM76;17-Nov-2020;21;1903
UKM76;18-Nov-2020;12;1915
UKM76;19-Nov-2020;23;1938
UKM76;20-Nov-2020;16;1954
UKM76;21-Nov-2020;8;1962
UKM76;22-Nov-2020;8;1970
UKM76;23-Nov-2020;7;1977
UKM77;28-Feb-2020;0;0
UKM77;29-Feb-2020;0;0
UKM77;01-Mar-2020;0;0
UKM77;02-Mar-2020;0;0
UKM77;03-Mar-2020;0;0
UKM77;04-Mar-2020;0;0
UKM77;05-Mar-2020;0;0
UKM77;06-Mar-2020;0;0
UKM77;07-Mar-2020;0;0
UKM77;08-Mar-2020;0;0
UKM77;09-Mar-2020;0;0
UKM77;10-Mar-2020;4;4
UKM77;11-Mar-2020;0;4
UKM77;12-Mar-2020;1;5
UKM77;13-Mar-2020;3;8
UKM77;14-Mar-2020;1;9
UKM77;15-Mar-2020;2;11
UKM77;16-Mar-2020;0;11
UKM77;17-Mar-2020;3;14
UKM77;18-Mar-2020;3;17
UKM77;19-Mar-2020;2;19
UKM77;20-Mar-2020;4;23
UKM77;21-Mar-2020;3;26
UKM77;22-Mar-2020;0;26
UKM77;23-Mar-2020;5;31
UKM77;24-Mar-2020;10;41
UKM77;25-Mar-2020;15;56
UKM77;26-Mar-2020;10;66
UKM77;27-Mar-2020;15;81
UKM77;28-Mar-2020;10;91
UKM77;29-Mar-2020;7;98
UKM77;30-Mar-2020;10;108
UKM77;31-Mar-2020;12;120
UKM77;01-Apr-2020;10;130
UKM77;02-Apr-2020;18;148
UKM77;03-Apr-2020;12;160
UKM77;04-Apr-2020;10;170
UKM77;05-Apr-2020;4;174
UKM77;06-Apr-2020;28;202
UKM77;07-Apr-2020;19;221
UKM77;08-Apr-2020;19;240
UKM77;09-Apr-2020;7;247
UKM77;10-Apr-2020;12;259
UKM77;11-Apr-2020;8;267
UKM77;12-Apr-2020;3;270
UKM77;13-Apr-2020;13;283
UKM77;14-Apr-2020;18;301
UKM77;15-Apr-2020;19;320
UKM77;16-Apr-2020;18;338
UKM77;17-Apr-2020;17;355
UKM77;18-Apr-2020;3;358
UKM77;19-Apr-2020;4;362
UKM77;20-Apr-2020;25;387
UKM77;21-Apr-2020;16;403
UKM77;22-Apr-2020;5;408
UKM77;23-Apr-2020;11;419
UKM77;24-Apr-2020;3;422
UKM77;25-Apr-2020;6;428
UKM77;26-Apr-2020;4;432
UKM77;27-Apr-2020;12;444
UKM77;28-Apr-2020;12;456
UKM77;29-Apr-2020;5;461
UKM77;30-Apr-2020;4;465
UKM77;01-May-2020;6;471
UKM77;02-May-2020;7;478
UKM77;03-May-2020;9;487
UKM77;04-May-2020;8;495
UKM77;05-May-2020;2;497
UKM77;06-May-2020;4;501
UKM77;07-May-2020;6;507
UKM77;08-May-2020;3;510
UKM77;09-May-2020;0;510
UKM77;10-May-2020;0;510
UKM77;11-May-2020;4;514
UKM77;12-May-2020;4;518
UKM77;13-May-2020;2;520
UKM77;14-May-2020;2;522
UKM77;15-May-2020;3;525
UKM77;16-May-2020;1;526
UKM77;17-May-2020;2;528
UKM77;18-May-2020;9;537
UKM77;19-May-2020;7;544
UKM77;20-May-2020;1;545
UKM77;21-May-2020;1;546
UKM77;22-May-2020;1;547
UKM77;23-May-2020;0;547
UKM77;24-May-2020;0;547
UKM77;25-May-2020;0;547
UKM77;26-May-2020;3;550
UKM77;27-May-2020;0;550
UKM77;28-May-2020;1;551
UKM77;29-May-2020;3;554
UKM77;30-May-2020;0;554
UKM77;31-May-2020;0;554
UKM77;01-Jun-2020;1;555
UKM77;02-Jun-2020;2;557
UKM77;03-Jun-2020;0;557
UKM77;04-Jun-2020;0;557
UKM77;05-Jun-2020;0;557
UKM77;06-Jun-2020;0;557
UKM77;07-Jun-2020;0;557
UKM77;08-Jun-2020;0;557
UKM77;09-Jun-2020;1;558
UKM77;10-Jun-2020;1;559
UKM77;11-Jun-2020;0;559
UKM77;12-Jun-2020;0;559
UKM77;13-Jun-2020;0;559
UKM77;14-Jun-2020;0;559
UKM77;15-Jun-2020;0;559
UKM77;16-Jun-2020;0;559
UKM77;17-Jun-2020;0;559
UKM77;18-Jun-2020;0;559
UKM77;19-Jun-2020;2;561
UKM77;20-Jun-2020;0;561
UKM77;21-Jun-2020;0;561
UKM77;22-Jun-2020;0;561
UKM77;23-Jun-2020;0;561
UKM77;24-Jun-2020;0;561
UKM77;25-Jun-2020;1;562
UKM77;26-Jun-2020;0;562
UKM77;27-Jun-2020;0;562
UKM77;28-Jun-2020;0;562
UKM77;29-Jun-2020;0;562
UKM77;30-Jun-2020;0;562
UKM77;01-Jul-2020;1;563
UKM77;02-Jul-2020;0;563
UKM77;03-Jul-2020;0;563
UKM77;04-Jul-2020;1;564
UKM77;05-Jul-2020;0;564
UKM77;06-Jul-2020;0;564
UKM77;07-Jul-2020;0;564
UKM77;08-Jul-2020;0;564
UKM77;09-Jul-2020;0;564
UKM77;10-Jul-2020;2;566
UKM77;11-Jul-2020;0;566
UKM77;12-Jul-2020;1;567
UKM77;13-Jul-2020;0;567
UKM77;14-Jul-2020;1;568
UKM77;15-Jul-2020;0;568
UKM77;16-Jul-2020;0;568
UKM77;17-Jul-2020;1;569
UKM77;18-Jul-2020;0;569
UKM77;19-Jul-2020;0;569
UKM77;20-Jul-2020;0;569
UKM77;21-Jul-2020;1;570
UKM77;22-Jul-2020;0;570
UKM77;23-Jul-2020;0;570
UKM77;24-Jul-2020;0;570
UKM77;25-Jul-2020;0;570
UKM77;26-Jul-2020;0;570
UKM77;27-Jul-2020;1;571
UKM77;28-Jul-2020;0;571
UKM77;29-Jul-2020;0;571
UKM77;30-Jul-2020;3;574
UKM77;31-Jul-2020;0;574
UKM77;01-Aug-2020;0;574
UKM77;02-Aug-2020;0;574
UKM77;03-Aug-2020;1;575
UKM77;04-Aug-2020;1;576
UKM77;05-Aug-2020;0;576
UKM77;06-Aug-2020;2;578
UKM77;07-Aug-2020;0;578
UKM77;08-Aug-2020;0;578
UKM77;09-Aug-2020;0;578
UKM77;10-Aug-2020;1;579
UKM77;11-Aug-2020;2;581
UKM77;12-Aug-2020;0;581
UKM77;13-Aug-2020;4;585
UKM77;14-Aug-2020;4;589
UKM77;15-Aug-2020;1;590
UKM77;16-Aug-2020;5;595
UKM77;17-Aug-2020;11;606
UKM77;18-Aug-2020;11;617
UKM77;19-Aug-2020;22;639
UKM77;20-Aug-2020;40;679
UKM77;21-Aug-2020;22;701
UKM77;22-Aug-2020;4;705
UKM77;23-Aug-2020;5;710
UKM77;24-Aug-2020;4;714
UKM77;25-Aug-2020;6;720
UKM77;26-Aug-2020;9;729
UKM77;27-Aug-2020;9;738
UKM77;28-Aug-2020;11;749
UKM77;29-Aug-2020;3;752
UKM77;30-Aug-2020;2;754
UKM77;31-Aug-2020;5;759
UKM77;01-Sep-2020;10;769
UKM77;02-Sep-2020;6;775
UKM77;03-Sep-2020;12;787
UKM77;04-Sep-2020;8;795
UKM77;05-Sep-2020;2;797
UKM77;06-Sep-2020;5;802
UKM77;07-Sep-2020;0;802
UKM77;08-Sep-2020;2;804
UKM77;09-Sep-2020;1;805
UKM77;10-Sep-2020;5;810
UKM77;11-Sep-2020;5;815
UKM77;12-Sep-2020;5;820
UKM77;13-Sep-2020;4;824
UKM77;14-Sep-2020;2;826
UKM77;15-Sep-2020;5;831
UKM77;16-Sep-2020;5;836
UKM77;17-Sep-2020;8;844
UKM77;18-Sep-2020;11;855
UKM77;19-Sep-2020;13;868
UKM77;20-Sep-2020;13;881
UKM77;21-Sep-2020;19;900
UKM77;22-Sep-2020;4;904
UKM77;23-Sep-2020;7;911
UKM77;24-Sep-2020;24;935
UKM77;25-Sep-2020;8;943
UKM77;26-Sep-2020;11;954
UKM77;27-Sep-2020;8;962
UKM77;28-Sep-2020;22;984
UKM77;29-Sep-2020;15;999
UKM77;30-Sep-2020;17;1016
UKM77;01-Oct-2020;7;1023
UKM77;02-Oct-2020;15;1038
UKM77;03-Oct-2020;11;1049
UKM77;04-Oct-2020;12;1061
UKM77;05-Oct-2020;16;1077
UKM77;06-Oct-2020;19;1096
UKM77;07-Oct-2020;17;1113
UKM77;08-Oct-2020;23;1136
UKM77;09-Oct-2020;19;1155
UKM77;10-Oct-2020;15;1170
UKM77;11-Oct-2020;15;1185
UKM77;12-Oct-2020;25;1210
UKM77;13-Oct-2020;17;1227
UKM77;14-Oct-2020;16;1243
UKM77;15-Oct-2020;17;1260
UKM77;16-Oct-2020;15;1275
UKM77;17-Oct-2020;13;1288
UKM77;18-Oct-2020;18;1306
UKM77;19-Oct-2020;29;1335
UKM77;20-Oct-2020;41;1376
UKM77;21-Oct-2020;24;1400
UKM77;22-Oct-2020;27;1427
UKM77;23-Oct-2020;34;1461
UKM77;24-Oct-2020;20;1481
UKM77;25-Oct-2020;17;1498
UKM77;26-Oct-2020;32;1530
UKM77;27-Oct-2020;28;1558
UKM77;28-Oct-2020;29;1587
UKM77;29-Oct-2020;27;1614
UKM77;30-Oct-2020;31;1645
UKM77;31-Oct-2020;16;1661
UKM77;01-Nov-2020;21;1682
UKM77;02-Nov-2020;44;1726
UKM77;03-Nov-2020;78;1804
UKM77;04-Nov-2020;31;1835
UKM77;05-Nov-2020;56;1891
UKM77;06-Nov-2020;32;1923
UKM77;07-Nov-2020;40;1963
UKM77;08-Nov-2020;28;1991
UKM77;09-Nov-2020;45;2036
UKM77;10-Nov-2020;40;2076
UKM77;11-Nov-2020;41;2117
UKM77;12-Nov-2020;51;2168
UKM77;13-Nov-2020;49;2217
UKM77;14-Nov-2020;69;2286
UKM77;15-Nov-2020;50;2336
UKM77;16-Nov-2020;66;2402
UKM77;17-Nov-2020;42;2444
UKM77;18-Nov-2020;58;2502
UKM77;19-Nov-2020;36;2538
UKM77;20-Nov-2020;38;2576
UKM77;21-Nov-2020;28;2604
UKM77;22-Nov-2020;28;2632
UKM77;23-Nov-2020;14;2646
UKM78;28-Feb-2020;0;0
UKM78;29-Feb-2020;0;0
UKM78;01-Mar-2020;0;0
UKM78;02-Mar-2020;0;0
UKM78;03-Mar-2020;0;0
UKM78;04-Mar-2020;0;0
UKM78;05-Mar-2020;0;0
UKM78;06-Mar-2020;0;0
UKM78;07-Mar-2020;0;0
UKM78;08-Mar-2020;0;0
UKM78;09-Mar-2020;1;1
UKM78;10-Mar-2020;1;2
UKM78;11-Mar-2020;0;2
UKM78;12-Mar-2020;0;2
UKM78;13-Mar-2020;0;2
UKM78;14-Mar-2020;0;2
UKM78;15-Mar-2020;1;3
UKM78;16-Mar-2020;0;3
UKM78;17-Mar-2020;2;5
UKM78;18-Mar-2020;1;6
UKM78;19-Mar-2020;0;6
UKM78;20-Mar-2020;3;9
UKM78;21-Mar-2020;1;10
UKM78;22-Mar-2020;4;14
UKM78;23-Mar-2020;4;18
UKM78;24-Mar-2020;1;19
UKM78;25-Mar-2020;1;20
UKM78;26-Mar-2020;6;26
UKM78;27-Mar-2020;9;35
UKM78;28-Mar-2020;9;44
UKM78;29-Mar-2020;1;45
UKM78;30-Mar-2020;7;52
UKM78;31-Mar-2020;15;67
UKM78;01-Apr-2020;12;79
UKM78;02-Apr-2020;8;87
UKM78;03-Apr-2020;10;97
UKM78;04-Apr-2020;8;105
UKM78;05-Apr-2020;6;111
UKM78;06-Apr-2020;4;115
UKM78;07-Apr-2020;10;125
UKM78;08-Apr-2020;5;130
UKM78;09-Apr-2020;4;134
UKM78;10-Apr-2020;4;138
UKM78;11-Apr-2020;2;140
UKM78;12-Apr-2020;1;141
UKM78;13-Apr-2020;7;148
UKM78;14-Apr-2020;7;155
UKM78;15-Apr-2020;5;160
UKM78;16-Apr-2020;8;168
UKM78;17-Apr-2020;9;177
UKM78;18-Apr-2020;9;186
UKM78;19-Apr-2020;6;192
UKM78;20-Apr-2020;35;227
UKM78;21-Apr-2020;10;237
UKM78;22-Apr-2020;9;246
UKM78;23-Apr-2020;5;251
UKM78;24-Apr-2020;6;257
UKM78;25-Apr-2020;7;264
UKM78;26-Apr-2020;4;268
UKM78;27-Apr-2020;14;282
UKM78;28-Apr-2020;9;291
UKM78;29-Apr-2020;9;300
UKM78;30-Apr-2020;6;306
UKM78;01-May-2020;8;314
UKM78;02-May-2020;1;315
UKM78;03-May-2020;5;320
UKM78;04-May-2020;17;337
UKM78;05-May-2020;7;344
UKM78;06-May-2020;7;351
UKM78;07-May-2020;9;360
UKM78;08-May-2020;15;375
UKM78;09-May-2020;5;380
UKM78;10-May-2020;5;385
UKM78;11-May-2020;9;394
UKM78;12-May-2020;10;404
UKM78;13-May-2020;4;408
UKM78;14-May-2020;18;426
UKM78;15-May-2020;8;434
UKM78;16-May-2020;3;437
UKM78;17-May-2020;0;437
UKM78;18-May-2020;2;439
UKM78;19-May-2020;6;445
UKM78;20-May-2020;7;452
UKM78;21-May-2020;4;456
UKM78;22-May-2020;4;460
UKM78;23-May-2020;0;460
UKM78;24-May-2020;1;461
UKM78;25-May-2020;1;462
UKM78;26-May-2020;0;462
UKM78;27-May-2020;3;465
UKM78;28-May-2020;0;465
UKM78;29-May-2020;2;467
UKM78;30-May-2020;4;471
UKM78;31-May-2020;0;471
UKM78;01-Jun-2020;1;472
UKM78;02-Jun-2020;11;483
UKM78;03-Jun-2020;1;484
UKM78;04-Jun-2020;2;486
UKM78;05-Jun-2020;1;487
UKM78;06-Jun-2020;1;488
UKM78;07-Jun-2020;0;488
UKM78;08-Jun-2020;0;488
UKM78;09-Jun-2020;0;488
UKM78;10-Jun-2020;0;488
UKM78;11-Jun-2020;2;490
UKM78;12-Jun-2020;0;490
UKM78;13-Jun-2020;6;496
UKM78;14-Jun-2020;0;496
UKM78;15-Jun-2020;0;496
UKM78;16-Jun-2020;0;496
UKM78;17-Jun-2020;4;500
UKM78;18-Jun-2020;0;500
UKM78;19-Jun-2020;0;500
UKM78;20-Jun-2020;1;501
UKM78;21-Jun-2020;0;501
UKM78;22-Jun-2020;0;501
UKM78;23-Jun-2020;0;501
UKM78;24-Jun-2020;0;501
UKM78;25-Jun-2020;0;501
UKM78;26-Jun-2020;0;501
UKM78;27-Jun-2020;0;501
UKM78;28-Jun-2020;0;501
UKM78;29-Jun-2020;0;501
UKM78;30-Jun-2020;0;501
UKM78;01-Jul-2020;0;501
UKM78;02-Jul-2020;0;501
UKM78;03-Jul-2020;0;501
UKM78;04-Jul-2020;0;501
UKM78;05-Jul-2020;0;501
UKM78;06-Jul-2020;0;501
UKM78;07-Jul-2020;0;501
UKM78;08-Jul-2020;0;501
UKM78;09-Jul-2020;0;501
UKM78;10-Jul-2020;0;501
UKM78;11-Jul-2020;0;501
UKM78;12-Jul-2020;0;501
UKM78;13-Jul-2020;0;501
UKM78;14-Jul-2020;0;501
UKM78;15-Jul-2020;0;501
UKM78;16-Jul-2020;0;501
UKM78;17-Jul-2020;0;501
UKM78;18-Jul-2020;1;502
UKM78;19-Jul-2020;1;503
UKM78;20-Jul-2020;0;503
UKM78;21-Jul-2020;0;503
UKM78;22-Jul-2020;0;503
UKM78;23-Jul-2020;0;503
UKM78;24-Jul-2020;0;503
UKM78;25-Jul-2020;0;503
UKM78;26-Jul-2020;0;503
UKM78;27-Jul-2020;2;505
UKM78;28-Jul-2020;0;505
UKM78;29-Jul-2020;1;506
UKM78;30-Jul-2020;2;508
UKM78;31-Jul-2020;0;508
UKM78;01-Aug-2020;0;508
UKM78;02-Aug-2020;1;509
UKM78;03-Aug-2020;1;510
UKM78;04-Aug-2020;1;511
UKM78;05-Aug-2020;0;511
UKM78;06-Aug-2020;0;511
UKM78;07-Aug-2020;0;511
UKM78;08-Aug-2020;0;511
UKM78;09-Aug-2020;1;512
UKM78;10-Aug-2020;1;513
UKM78;11-Aug-2020;0;513
UKM78;12-Aug-2020;0;513
UKM78;13-Aug-2020;0;513
UKM78;14-Aug-2020;1;514
UKM78;15-Aug-2020;0;514
UKM78;16-Aug-2020;0;514
UKM78;17-Aug-2020;1;515
UKM78;18-Aug-2020;1;516
UKM78;19-Aug-2020;0;516
UKM78;20-Aug-2020;2;518
UKM78;21-Aug-2020;6;524
UKM78;22-Aug-2020;0;524
UKM78;23-Aug-2020;2;526
UKM78;24-Aug-2020;0;526
UKM78;25-Aug-2020;1;527
UKM78;26-Aug-2020;2;529
UKM78;27-Aug-2020;2;531
UKM78;28-Aug-2020;5;536
UKM78;29-Aug-2020;4;540
UKM78;30-Aug-2020;2;542
UKM78;31-Aug-2020;0;542
UKM78;01-Sep-2020;4;546
UKM78;02-Sep-2020;6;552
UKM78;03-Sep-2020;2;554
UKM78;04-Sep-2020;3;557
UKM78;05-Sep-2020;2;559
UKM78;06-Sep-2020;1;560
UKM78;07-Sep-2020;8;568
UKM78;08-Sep-2020;0;568
UKM78;09-Sep-2020;1;569
UKM78;10-Sep-2020;5;574
UKM78;11-Sep-2020;2;576
UKM78;12-Sep-2020;4;580
UKM78;13-Sep-2020;5;585
UKM78;14-Sep-2020;3;588
UKM78;15-Sep-2020;8;596
UKM78;16-Sep-2020;5;601
UKM78;17-Sep-2020;7;608
UKM78;18-Sep-2020;8;616
UKM78;19-Sep-2020;3;619
UKM78;20-Sep-2020;7;626
UKM78;21-Sep-2020;13;639
UKM78;22-Sep-2020;14;653
UKM78;23-Sep-2020;16;669
UKM78;24-Sep-2020;17;686
UKM78;25-Sep-2020;21;707
UKM78;26-Sep-2020;11;718
UKM78;27-Sep-2020;14;732
UKM78;28-Sep-2020;21;753
UKM78;29-Sep-2020;25;778
UKM78;30-Sep-2020;30;808
UKM78;01-Oct-2020;45;853
UKM78;02-Oct-2020;22;875
UKM78;03-Oct-2020;21;896
UKM78;04-Oct-2020;20;916
UKM78;05-Oct-2020;41;957
UKM78;06-Oct-2020;41;998
UKM78;07-Oct-2020;41;1039
UKM78;08-Oct-2020;52;1091
UKM78;09-Oct-2020;42;1133
UKM78;10-Oct-2020;36;1169
UKM78;11-Oct-2020;32;1201
UKM78;12-Oct-2020;48;1249
UKM78;13-Oct-2020;61;1310
UKM78;14-Oct-2020;43;1353
UKM78;15-Oct-2020;56;1409
UKM78;16-Oct-2020;35;1444
UKM78;17-Oct-2020;55;1499
UKM78;18-Oct-2020;30;1529
UKM78;19-Oct-2020;72;1601
UKM78;20-Oct-2020;100;1701
UKM78;21-Oct-2020;77;1778
UKM78;22-Oct-2020;67;1845
UKM78;23-Oct-2020;59;1904
UKM78;24-Oct-2020;30;1934
UKM78;25-Oct-2020;48;1982
UKM78;26-Oct-2020;39;2021
UKM78;27-Oct-2020;42;2063
UKM78;28-Oct-2020;70;2133
UKM78;29-Oct-2020;45;2178
UKM78;30-Oct-2020;43;2221
UKM78;31-Oct-2020;32;2253
UKM78;01-Nov-2020;28;2281
UKM78;02-Nov-2020;54;2335
UKM78;03-Nov-2020;46;2381
UKM78;04-Nov-2020;64;2445
UKM78;05-Nov-2020;54;2499
UKM78;06-Nov-2020;59;2558
UKM78;07-Nov-2020;38;2596
UKM78;08-Nov-2020;30;2626
UKM78;09-Nov-2020;51;2677
UKM78;10-Nov-2020;47;2724
UKM78;11-Nov-2020;37;2761
UKM78;12-Nov-2020;51;2812
UKM78;13-Nov-2020;40;2852
UKM78;14-Nov-2020;45;2897
UKM78;15-Nov-2020;34;2931
UKM78;16-Nov-2020;78;3009
UKM78;17-Nov-2020;77;3086
UKM78;18-Nov-2020;51;3137
UKM78;19-Nov-2020;36;3173
UKM78;20-Nov-2020;19;3192
UKM78;21-Nov-2020;19;3211
UKM78;22-Nov-2020;32;3243
UKM78;23-Nov-2020;11;3254
UKM81;28-Feb-2020;0;0
UKM81;29-Feb-2020;0;0
UKM81;01-Mar-2020;0;0
UKM81;02-Mar-2020;0;0
UKM81;03-Mar-2020;1;1
UKM81;04-Mar-2020;0;1
UKM81;05-Mar-2020;0;1
UKM81;06-Mar-2020;0;1
UKM81;07-Mar-2020;0;1
UKM81;08-Mar-2020;0;1
UKM81;09-Mar-2020;0;1
UKM81;10-Mar-2020;0;1
UKM81;11-Mar-2020;4;5
UKM81;12-Mar-2020;3;8
UKM81;13-Mar-2020;2;10
UKM81;14-Mar-2020;2;12
UKM81;15-Mar-2020;0;12
UKM81;16-Mar-2020;3;15
UKM81;17-Mar-2020;4;19
UKM81;18-Mar-2020;3;22
UKM81;19-Mar-2020;4;26
UKM81;20-Mar-2020;9;35
UKM81;21-Mar-2020;3;38
UKM81;22-Mar-2020;2;40
UKM81;23-Mar-2020;4;44
UKM81;24-Mar-2020;9;53
UKM81;25-Mar-2020;5;58
UKM81;26-Mar-2020;11;69
UKM81;27-Mar-2020;11;80
UKM81;28-Mar-2020;6;86
UKM81;29-Mar-2020;15;101
UKM81;30-Mar-2020;12;113
UKM81;31-Mar-2020;9;122
UKM81;01-Apr-2020;13;135
UKM81;02-Apr-2020;12;147
UKM81;03-Apr-2020;10;157
UKM81;04-Apr-2020;6;163
UKM81;05-Apr-2020;12;175
UKM81;06-Apr-2020;9;184
UKM81;07-Apr-2020;11;195
UKM81;08-Apr-2020;11;206
UKM81;09-Apr-2020;8;214
UKM81;10-Apr-2020;16;230
UKM81;11-Apr-2020;10;240
UKM81;12-Apr-2020;12;252
UKM81;13-Apr-2020;15;267
UKM81;14-Apr-2020;8;275
UKM81;15-Apr-2020;14;289
UKM81;16-Apr-2020;10;299
UKM81;17-Apr-2020;14;313
UKM81;18-Apr-2020;9;322
UKM81;19-Apr-2020;11;333
UKM81;20-Apr-2020;27;360
UKM81;21-Apr-2020;25;385
UKM81;22-Apr-2020;17;402
UKM81;23-Apr-2020;14;416
UKM81;24-Apr-2020;13;429
UKM81;25-Apr-2020;17;446
UKM81;26-Apr-2020;5;451
UKM81;27-Apr-2020;21;472
UKM81;28-Apr-2020;23;495
UKM81;29-Apr-2020;32;527
UKM81;30-Apr-2020;28;555
UKM81;01-May-2020;26;581
UKM81;02-May-2020;21;602
UKM81;03-May-2020;11;613
UKM81;04-May-2020;29;642
UKM81;05-May-2020;13;655
UKM81;06-May-2020;26;681
UKM81;07-May-2020;27;708
UKM81;08-May-2020;22;730
UKM81;09-May-2020;15;745
UKM81;10-May-2020;7;752
UKM81;11-May-2020;22;774
UKM81;12-May-2020;22;796
UKM81;13-May-2020;12;808
UKM81;14-May-2020;14;822
UKM81;15-May-2020;8;830
UKM81;16-May-2020;6;836
UKM81;17-May-2020;10;846
UKM81;18-May-2020;9;855
UKM81;19-May-2020;12;867
UKM81;20-May-2020;9;876
UKM81;21-May-2020;7;883
UKM81;22-May-2020;4;887
UKM81;23-May-2020;6;893
UKM81;24-May-2020;2;895
UKM81;25-May-2020;7;902
UKM81;26-May-2020;1;903
UKM81;27-May-2020;6;909
UKM81;28-May-2020;4;913
UKM81;29-May-2020;2;915
UKM81;30-May-2020;0;915
UKM81;31-May-2020;4;919
UKM81;01-Jun-2020;3;922
UKM81;02-Jun-2020;1;923
UKM81;03-Jun-2020;0;923
UKM81;04-Jun-2020;6;929
UKM81;05-Jun-2020;3;932
UKM81;06-Jun-2020;0;932
UKM81;07-Jun-2020;0;932
UKM81;08-Jun-2020;0;932
UKM81;09-Jun-2020;1;933
UKM81;10-Jun-2020;1;934
UKM81;11-Jun-2020;3;937
UKM81;12-Jun-2020;0;937
UKM81;13-Jun-2020;0;937
UKM81;14-Jun-2020;0;937
UKM81;15-Jun-2020;0;937
UKM81;16-Jun-2020;1;938
UKM81;17-Jun-2020;0;938
UKM81;18-Jun-2020;0;938
UKM81;19-Jun-2020;1;939
UKM81;20-Jun-2020;0;939
UKM81;21-Jun-2020;1;940
UKM81;22-Jun-2020;0;940
UKM81;23-Jun-2020;1;941
UKM81;24-Jun-2020;0;941
UKM81;25-Jun-2020;1;942
UKM81;26-Jun-2020;0;942
UKM81;27-Jun-2020;0;942
UKM81;28-Jun-2020;0;942
UKM81;29-Jun-2020;0;942
UKM81;30-Jun-2020;0;942
UKM81;01-Jul-2020;0;942
UKM81;02-Jul-2020;0;942
UKM81;03-Jul-2020;0;942
UKM81;04-Jul-2020;0;942
UKM81;05-Jul-2020;0;942
UKM81;06-Jul-2020;0;942
UKM81;07-Jul-2020;0;942
UKM81;08-Jul-2020;0;942
UKM81;09-Jul-2020;1;943
UKM81;10-Jul-2020;0;943
UKM81;11-Jul-2020;0;943
UKM81;12-Jul-2020;0;943
UKM81;13-Jul-2020;1;944
UKM81;14-Jul-2020;0;944
UKM81;15-Jul-2020;0;944
UKM81;16-Jul-2020;1;945
UKM81;17-Jul-2020;0;945
UKM81;18-Jul-2020;2;947
UKM81;19-Jul-2020;1;948
UKM81;20-Jul-2020;0;948
UKM81;21-Jul-2020;0;948
UKM81;22-Jul-2020;2;950
UKM81;23-Jul-2020;4;954
UKM81;24-Jul-2020;1;955
UKM81;25-Jul-2020;1;956
UKM81;26-Jul-2020;0;956
UKM81;27-Jul-2020;1;957
UKM81;28-Jul-2020;0;957
UKM81;29-Jul-2020;0;957
UKM81;30-Jul-2020;5;962
UKM81;31-Jul-2020;2;964
UKM81;01-Aug-2020;0;964
UKM81;02-Aug-2020;4;968
UKM81;03-Aug-2020;1;969
UKM81;04-Aug-2020;2;971
UKM81;05-Aug-2020;3;974
UKM81;06-Aug-2020;0;974
UKM81;07-Aug-2020;1;975
UKM81;08-Aug-2020;0;975
UKM81;09-Aug-2020;2;977
UKM81;10-Aug-2020;1;978
UKM81;11-Aug-2020;0;978
UKM81;12-Aug-2020;1;979
UKM81;13-Aug-2020;1;980
UKM81;14-Aug-2020;2;982
UKM81;15-Aug-2020;0;982
UKM81;16-Aug-2020;0;982
UKM81;17-Aug-2020;0;982
UKM81;18-Aug-2020;4;986
UKM81;19-Aug-2020;1;987
UKM81;20-Aug-2020;3;990
UKM81;21-Aug-2020;5;995
UKM81;22-Aug-2020;2;997
UKM81;23-Aug-2020;3;1000
UKM81;24-Aug-2020;4;1004
UKM81;25-Aug-2020;3;1007
UKM81;26-Aug-2020;11;1018
UKM81;27-Aug-2020;5;1023
UKM81;28-Aug-2020;3;1026
UKM81;29-Aug-2020;13;1039
UKM81;30-Aug-2020;3;1042
UKM81;31-Aug-2020;17;1059
UKM81;01-Sep-2020;14;1073
UKM81;02-Sep-2020;15;1088
UKM81;03-Sep-2020;14;1102
UKM81;04-Sep-2020;16;1118
UKM81;05-Sep-2020;16;1134
UKM81;06-Sep-2020;15;1149
UKM81;07-Sep-2020;9;1158
UKM81;08-Sep-2020;8;1166
UKM81;09-Sep-2020;15;1181
UKM81;10-Sep-2020;16;1197
UKM81;11-Sep-2020;23;1220
UKM81;12-Sep-2020;16;1236
UKM81;13-Sep-2020;12;1248
UKM81;14-Sep-2020;15;1263
UKM81;15-Sep-2020;20;1283
UKM81;16-Sep-2020;18;1301
UKM81;17-Sep-2020;10;1311
UKM81;18-Sep-2020;7;1318
UKM81;19-Sep-2020;14;1332
UKM81;20-Sep-2020;19;1351
UKM81;21-Sep-2020;9;1360
UKM81;22-Sep-2020;20;1380
UKM81;23-Sep-2020;22;1402
UKM81;24-Sep-2020;15;1417
UKM81;25-Sep-2020;16;1433
UKM81;26-Sep-2020;18;1451
UKM81;27-Sep-2020;18;1469
UKM81;28-Sep-2020;19;1488
UKM81;29-Sep-2020;21;1509
UKM81;30-Sep-2020;21;1530
UKM81;01-Oct-2020;31;1561
UKM81;02-Oct-2020;38;1599
UKM81;03-Oct-2020;21;1620
UKM81;04-Oct-2020;38;1658
UKM81;05-Oct-2020;61;1719
UKM81;06-Oct-2020;53;1772
UKM81;07-Oct-2020;63;1835
UKM81;08-Oct-2020;57;1892
UKM81;09-Oct-2020;42;1934
UKM81;10-Oct-2020;50;1984
UKM81;11-Oct-2020;32;2016
UKM81;12-Oct-2020;75;2091
UKM81;13-Oct-2020;77;2168
UKM81;14-Oct-2020;66;2234
UKM81;15-Oct-2020;66;2300
UKM81;16-Oct-2020;74;2374
UKM81;17-Oct-2020;44;2418
UKM81;18-Oct-2020;41;2459
UKM81;19-Oct-2020;73;2532
UKM81;20-Oct-2020;84;2616
UKM81;21-Oct-2020;78;2694
UKM81;22-Oct-2020;67;2761
UKM81;23-Oct-2020;52;2813
UKM81;24-Oct-2020;57;2870
UKM81;25-Oct-2020;44;2914
UKM81;26-Oct-2020;84;2998
UKM81;27-Oct-2020;69;3067
UKM81;28-Oct-2020;68;3135
UKM81;29-Oct-2020;53;3188
UKM81;30-Oct-2020;77;3265
UKM81;31-Oct-2020;50;3315
UKM81;01-Nov-2020;37;3352
UKM81;02-Nov-2020;101;3453
UKM81;03-Nov-2020;65;3518
UKM81;04-Nov-2020;67;3585
UKM81;05-Nov-2020;53;3638
UKM81;06-Nov-2020;60;3698
UKM81;07-Nov-2020;36;3734
UKM81;08-Nov-2020;47;3781
UKM81;09-Nov-2020;87;3868
UKM81;10-Nov-2020;70;3938
UKM81;11-Nov-2020;57;3995
UKM81;12-Nov-2020;55;4050
UKM81;13-Nov-2020;54;4104
UKM81;14-Nov-2020;35;4139
UKM81;15-Nov-2020;40;4179
UKM81;16-Nov-2020;52;4231
UKM81;17-Nov-2020;38;4269
UKM81;18-Nov-2020;41;4310
UKM81;19-Nov-2020;35;4345
UKM81;20-Nov-2020;45;4390
UKM81;21-Nov-2020;37;4427
UKM81;22-Nov-2020;21;4448
UKM81;23-Nov-2020;9;4457
UKM82;28-Feb-2020;0;0
UKM82;29-Feb-2020;0;0
UKM82;01-Mar-2020;0;0
UKM82;02-Mar-2020;0;0
UKM82;03-Mar-2020;0;0
UKM82;04-Mar-2020;0;0
UKM82;05-Mar-2020;0;0
UKM82;06-Mar-2020;0;0
UKM82;07-Mar-2020;0;0
UKM82;08-Mar-2020;0;0
UKM82;09-Mar-2020;1;1
UKM82;10-Mar-2020;3;4
UKM82;11-Mar-2020;4;8
UKM82;12-Mar-2020;5;13
UKM82;13-Mar-2020;6;19
UKM82;14-Mar-2020;1;20
UKM82;15-Mar-2020;1;21
UKM82;16-Mar-2020;3;24
UKM82;17-Mar-2020;5;29
UKM82;18-Mar-2020;3;32
UKM82;19-Mar-2020;12;44
UKM82;20-Mar-2020;9;53
UKM82;21-Mar-2020;11;64
UKM82;22-Mar-2020;4;68
UKM82;23-Mar-2020;22;90
UKM82;24-Mar-2020;15;105
UKM82;25-Mar-2020;26;131
UKM82;26-Mar-2020;29;160
UKM82;27-Mar-2020;37;197
UKM82;28-Mar-2020;29;226
UKM82;29-Mar-2020;26;252
UKM82;30-Mar-2020;36;288
UKM82;31-Mar-2020;43;331
UKM82;01-Apr-2020;47;378
UKM82;02-Apr-2020;45;423
UKM82;03-Apr-2020;46;469
UKM82;04-Apr-2020;43;512
UKM82;05-Apr-2020;33;545
UKM82;06-Apr-2020;42;587
UKM82;07-Apr-2020;55;642
UKM82;08-Apr-2020;40;682
UKM82;09-Apr-2020;46;728
UKM82;10-Apr-2020;44;772
UKM82;11-Apr-2020;25;797
UKM82;12-Apr-2020;32;829
UKM82;13-Apr-2020;43;872
UKM82;14-Apr-2020;49;921
UKM82;15-Apr-2020;33;954
UKM82;16-Apr-2020;53;1007
UKM82;17-Apr-2020;40;1047
UKM82;18-Apr-2020;43;1090
UKM82;19-Apr-2020;19;1109
UKM82;20-Apr-2020;93;1202
UKM82;21-Apr-2020;51;1253
UKM82;22-Apr-2020;40;1293
UKM82;23-Apr-2020;47;1340
UKM82;24-Apr-2020;46;1386
UKM82;25-Apr-2020;30;1416
UKM82;26-Apr-2020;22;1438
UKM82;27-Apr-2020;40;1478
UKM82;28-Apr-2020;71;1549
UKM82;29-Apr-2020;59;1608
UKM82;30-Apr-2020;64;1672
UKM82;01-May-2020;75;1747
UKM82;02-May-2020;36;1783
UKM82;03-May-2020;30;1813
UKM82;04-May-2020;58;1871
UKM82;05-May-2020;50;1921
UKM82;06-May-2020;52;1973
UKM82;07-May-2020;62;2035
UKM82;08-May-2020;42;2077
UKM82;09-May-2020;15;2092
UKM82;10-May-2020;12;2104
UKM82;11-May-2020;40;2144
UKM82;12-May-2020;30;2174
UKM82;13-May-2020;24;2198
UKM82;14-May-2020;17;2215
UKM82;15-May-2020;21;2236
UKM82;16-May-2020;15;2251
UKM82;17-May-2020;7;2258
UKM82;18-May-2020;19;2277
UKM82;19-May-2020;24;2301
UKM82;20-May-2020;10;2311
UKM82;21-May-2020;10;2321
UKM82;22-May-2020;21;2342
UKM82;23-May-2020;4;2346
UKM82;24-May-2020;10;2356
UKM82;25-May-2020;22;2378
UKM82;26-May-2020;10;2388
UKM82;27-May-2020;6;2394
UKM82;28-May-2020;6;2400
UKM82;29-May-2020;2;2402
UKM82;30-May-2020;3;2405
UKM82;31-May-2020;4;2409
UKM82;01-Jun-2020;5;2414
UKM82;02-Jun-2020;3;2417
UKM82;03-Jun-2020;6;2423
UKM82;04-Jun-2020;4;2427
UKM82;05-Jun-2020;2;2429
UKM82;06-Jun-2020;7;2436
UKM82;07-Jun-2020;2;2438
UKM82;08-Jun-2020;5;2443
UKM82;09-Jun-2020;3;2446
UKM82;10-Jun-2020;4;2450
UKM82;11-Jun-2020;2;2452
UKM82;12-Jun-2020;2;2454
UKM82;13-Jun-2020;3;2457
UKM82;14-Jun-2020;3;2460
UKM82;15-Jun-2020;2;2462
UKM82;16-Jun-2020;2;2464
UKM82;17-Jun-2020;5;2469
UKM82;18-Jun-2020;1;2470
UKM82;19-Jun-2020;3;2473
UKM82;20-Jun-2020;0;2473
UKM82;21-Jun-2020;2;2475
UKM82;22-Jun-2020;2;2477
UKM82;23-Jun-2020;4;2481
UKM82;24-Jun-2020;3;2484
UKM82;25-Jun-2020;4;2488
UKM82;26-Jun-2020;0;2488
UKM82;27-Jun-2020;1;2489
UKM82;28-Jun-2020;2;2491
UKM82;29-Jun-2020;1;2492
UKM82;30-Jun-2020;2;2494
UKM82;01-Jul-2020;0;2494
UKM82;02-Jul-2020;2;2496
UKM82;03-Jul-2020;0;2496
UKM82;04-Jul-2020;0;2496
UKM82;05-Jul-2020;0;2496
UKM82;06-Jul-2020;1;2497
UKM82;07-Jul-2020;5;2502
UKM82;08-Jul-2020;2;2504
UKM82;09-Jul-2020;0;2504
UKM82;10-Jul-2020;8;2512
UKM82;11-Jul-2020;4;2516
UKM82;12-Jul-2020;0;2516
UKM82;13-Jul-2020;3;2519
UKM82;14-Jul-2020;1;2520
UKM82;15-Jul-2020;5;2525
UKM82;16-Jul-2020;1;2526
UKM82;17-Jul-2020;1;2527
UKM82;18-Jul-2020;0;2527
UKM82;19-Jul-2020;1;2528
UKM82;20-Jul-2020;1;2529
UKM82;21-Jul-2020;5;2534
UKM82;22-Jul-2020;9;2543
UKM82;23-Jul-2020;5;2548
UKM82;24-Jul-2020;5;2553
UKM82;25-Jul-2020;1;2554
UKM82;26-Jul-2020;3;2557
UKM82;27-Jul-2020;2;2559
UKM82;28-Jul-2020;4;2563
UKM82;29-Jul-2020;4;2567
UKM82;30-Jul-2020;1;2568
UKM82;31-Jul-2020;3;2571
UKM82;01-Aug-2020;4;2575
UKM82;02-Aug-2020;0;2575
UKM82;03-Aug-2020;5;2580
UKM82;04-Aug-2020;9;2589
UKM82;05-Aug-2020;8;2597
UKM82;06-Aug-2020;4;2601
UKM82;07-Aug-2020;2;2603
UKM82;08-Aug-2020;1;2604
UKM82;09-Aug-2020;3;2607
UKM82;10-Aug-2020;15;2622
UKM82;11-Aug-2020;11;2633
UKM82;12-Aug-2020;7;2640
UKM82;13-Aug-2020;6;2646
UKM82;14-Aug-2020;2;2648
UKM82;15-Aug-2020;2;2650
UKM82;16-Aug-2020;9;2659
UKM82;17-Aug-2020;14;2673
UKM82;18-Aug-2020;6;2679
UKM82;19-Aug-2020;13;2692
UKM82;20-Aug-2020;14;2706
UKM82;21-Aug-2020;13;2719
UKM82;22-Aug-2020;5;2724
UKM82;23-Aug-2020;3;2727
UKM82;24-Aug-2020;24;2751
UKM82;25-Aug-2020;17;2768
UKM82;26-Aug-2020;15;2783
UKM82;27-Aug-2020;20;2803
UKM82;28-Aug-2020;22;2825
UKM82;29-Aug-2020;22;2847
UKM82;30-Aug-2020;26;2873
UKM82;31-Aug-2020;50;2923
UKM82;01-Sep-2020;56;2979
UKM82;02-Sep-2020;61;3040
UKM82;03-Sep-2020;52;3092
UKM82;04-Sep-2020;44;3136
UKM82;05-Sep-2020;43;3179
UKM82;06-Sep-2020;49;3228
UKM82;07-Sep-2020;60;3288
UKM82;08-Sep-2020;20;3308
UKM82;09-Sep-2020;45;3353
UKM82;10-Sep-2020;72;3425
UKM82;11-Sep-2020;47;3472
UKM82;12-Sep-2020;47;3519
UKM82;13-Sep-2020;42;3561
UKM82;14-Sep-2020;53;3614
UKM82;15-Sep-2020;53;3667
UKM82;16-Sep-2020;55;3722
UKM82;17-Sep-2020;46;3768
UKM82;18-Sep-2020;57;3825
UKM82;19-Sep-2020;67;3892
UKM82;20-Sep-2020;124;4016
UKM82;21-Sep-2020;156;4172
UKM82;22-Sep-2020;171;4343
UKM82;23-Sep-2020;229;4572
UKM82;24-Sep-2020;257;4829
UKM82;25-Sep-2020;175;5004
UKM82;26-Sep-2020;139;5143
UKM82;27-Sep-2020;95;5238
UKM82;28-Sep-2020;150;5388
UKM82;29-Sep-2020;195;5583
UKM82;30-Sep-2020;236;5819
UKM82;01-Oct-2020;226;6045
UKM82;02-Oct-2020;202;6247
UKM82;03-Oct-2020;175;6422
UKM82;04-Oct-2020;184;6606
UKM82;05-Oct-2020;256;6862
UKM82;06-Oct-2020;314;7176
UKM82;07-Oct-2020;328;7504
UKM82;08-Oct-2020;266;7770
UKM82;09-Oct-2020;242;8012
UKM82;10-Oct-2020;203;8215
UKM82;11-Oct-2020;205;8420
UKM82;12-Oct-2020;326;8746
UKM82;13-Oct-2020;282;9028
UKM82;14-Oct-2020;284;9312
UKM82;15-Oct-2020;274;9586
UKM82;16-Oct-2020;278;9864
UKM82;17-Oct-2020;162;10026
UKM82;18-Oct-2020;183;10209
UKM82;19-Oct-2020;299;10508
UKM82;20-Oct-2020;373;10881
UKM82;21-Oct-2020;362;11243
UKM82;22-Oct-2020;342;11585
UKM82;23-Oct-2020;288;11873
UKM82;24-Oct-2020;227;12100
UKM82;25-Oct-2020;199;12299
UKM82;26-Oct-2020;323;12622
UKM82;27-Oct-2020;315;12937
UKM82;28-Oct-2020;287;13224
UKM82;29-Oct-2020;257;13481
UKM82;30-Oct-2020;264;13745
UKM82;31-Oct-2020;151;13896
UKM82;01-Nov-2020;231;14127
UKM82;02-Nov-2020;387;14514
UKM82;03-Nov-2020;330;14844
UKM82;04-Nov-2020;316;15160
UKM82;05-Nov-2020;302;15462
UKM82;06-Nov-2020;260;15722
UKM82;07-Nov-2020;197;15919
UKM82;08-Nov-2020;196;16115
UKM82;09-Nov-2020;307;16422
UKM82;10-Nov-2020;283;16705
UKM82;11-Nov-2020;246;16951
UKM82;12-Nov-2020;284;17235
UKM82;13-Nov-2020;257;17492
UKM82;14-Nov-2020;179;17671
UKM82;15-Nov-2020;153;17824
UKM82;16-Nov-2020;245;18069
UKM82;17-Nov-2020;243;18312
UKM82;18-Nov-2020;224;18536
UKM82;19-Nov-2020;195;18731
UKM82;20-Nov-2020;160;18891
UKM82;21-Nov-2020;142;19033
UKM82;22-Nov-2020;137;19170
UKM82;23-Nov-2020;49;19219
UKM83;28-Feb-2020;0;0
UKM83;29-Feb-2020;0;0
UKM83;01-Mar-2020;0;0
UKM83;02-Mar-2020;0;0
UKM83;03-Mar-2020;0;0
UKM83;04-Mar-2020;0;0
UKM83;05-Mar-2020;0;0
UKM83;06-Mar-2020;1;1
UKM83;07-Mar-2020;0;1
UKM83;08-Mar-2020;0;1
UKM83;09-Mar-2020;1;2
UKM83;10-Mar-2020;1;3
UKM83;11-Mar-2020;3;6
UKM83;12-Mar-2020;2;8
UKM83;13-Mar-2020;3;11
UKM83;14-Mar-2020;2;13
UKM83;15-Mar-2020;0;13
UKM83;16-Mar-2020;2;15
UKM83;17-Mar-2020;4;19
UKM83;18-Mar-2020;1;20
UKM83;19-Mar-2020;5;25
UKM83;20-Mar-2020;12;37
UKM83;21-Mar-2020;10;47
UKM83;22-Mar-2020;11;58
UKM83;23-Mar-2020;14;72
UKM83;24-Mar-2020;12;84
UKM83;25-Mar-2020;13;97
UKM83;26-Mar-2020;22;119
UKM83;27-Mar-2020;19;138
UKM83;28-Mar-2020;18;156
UKM83;29-Mar-2020;15;171
UKM83;30-Mar-2020;25;196
UKM83;31-Mar-2020;23;219
UKM83;01-Apr-2020;27;246
UKM83;02-Apr-2020;33;279
UKM83;03-Apr-2020;23;302
UKM83;04-Apr-2020;17;319
UKM83;05-Apr-2020;22;341
UKM83;06-Apr-2020;31;372
UKM83;07-Apr-2020;35;407
UKM83;08-Apr-2020;21;428
UKM83;09-Apr-2020;10;438
UKM83;10-Apr-2020;18;456
UKM83;11-Apr-2020;14;470
UKM83;12-Apr-2020;20;490
UKM83;13-Apr-2020;15;505
UKM83;14-Apr-2020;24;529
UKM83;15-Apr-2020;23;552
UKM83;16-Apr-2020;22;574
UKM83;17-Apr-2020;26;600
UKM83;18-Apr-2020;20;620
UKM83;19-Apr-2020;15;635
UKM83;20-Apr-2020;51;686
UKM83;21-Apr-2020;24;710
UKM83;22-Apr-2020;19;729
UKM83;23-Apr-2020;22;751
UKM83;24-Apr-2020;24;775
UKM83;25-Apr-2020;12;787
UKM83;26-Apr-2020;12;799
UKM83;27-Apr-2020;29;828
UKM83;28-Apr-2020;26;854
UKM83;29-Apr-2020;41;895
UKM83;30-Apr-2020;21;916
UKM83;01-May-2020;35;951
UKM83;02-May-2020;12;963
UKM83;03-May-2020;17;980
UKM83;04-May-2020;47;1027
UKM83;05-May-2020;26;1053
UKM83;06-May-2020;16;1069
UKM83;07-May-2020;39;1108
UKM83;08-May-2020;22;1130
UKM83;09-May-2020;20;1150
UKM83;10-May-2020;16;1166
UKM83;11-May-2020;28;1194
UKM83;12-May-2020;21;1215
UKM83;13-May-2020;17;1232
UKM83;14-May-2020;10;1242
UKM83;15-May-2020;14;1256
UKM83;16-May-2020;15;1271
UKM83;17-May-2020;8;1279
UKM83;18-May-2020;16;1295
UKM83;19-May-2020;8;1303
UKM83;20-May-2020;8;1311
UKM83;21-May-2020;13;1324
UKM83;22-May-2020;6;1330
UKM83;23-May-2020;2;1332
UKM83;24-May-2020;0;1332
UKM83;25-May-2020;8;1340
UKM83;26-May-2020;4;1344
UKM83;27-May-2020;7;1351
UKM83;28-May-2020;3;1354
UKM83;29-May-2020;0;1354
UKM83;30-May-2020;1;1355
UKM83;31-May-2020;0;1355
UKM83;01-Jun-2020;1;1356
UKM83;02-Jun-2020;2;1358
UKM83;03-Jun-2020;1;1359
UKM83;04-Jun-2020;5;1364
UKM83;05-Jun-2020;0;1364
UKM83;06-Jun-2020;1;1365
UKM83;07-Jun-2020;0;1365
UKM83;08-Jun-2020;1;1366
UKM83;09-Jun-2020;3;1369
UKM83;10-Jun-2020;1;1370
UKM83;11-Jun-2020;1;1371
UKM83;12-Jun-2020;4;1375
UKM83;13-Jun-2020;2;1377
UKM83;14-Jun-2020;1;1378
UKM83;15-Jun-2020;0;1378
UKM83;16-Jun-2020;1;1379
UKM83;17-Jun-2020;1;1380
UKM83;18-Jun-2020;1;1381
UKM83;19-Jun-2020;2;1383
UKM83;20-Jun-2020;1;1384
UKM83;21-Jun-2020;1;1385
UKM83;22-Jun-2020;1;1386
UKM83;23-Jun-2020;1;1387
UKM83;24-Jun-2020;0;1387
UKM83;25-Jun-2020;1;1388
UKM83;26-Jun-2020;0;1388
UKM83;27-Jun-2020;1;1389
UKM83;28-Jun-2020;0;1389
UKM83;29-Jun-2020;1;1390
UKM83;30-Jun-2020;0;1390
UKM83;01-Jul-2020;0;1390
UKM83;02-Jul-2020;2;1392
UKM83;03-Jul-2020;0;1392
UKM83;04-Jul-2020;1;1393
UKM83;05-Jul-2020;0;1393
UKM83;06-Jul-2020;1;1394
UKM83;07-Jul-2020;1;1395
UKM83;08-Jul-2020;1;1396
UKM83;09-Jul-2020;0;1396
UKM83;10-Jul-2020;0;1396
UKM83;11-Jul-2020;1;1397
UKM83;12-Jul-2020;0;1397
UKM83;13-Jul-2020;4;1401
UKM83;14-Jul-2020;1;1402
UKM83;15-Jul-2020;1;1403
UKM83;16-Jul-2020;3;1406
UKM83;17-Jul-2020;3;1409
UKM83;18-Jul-2020;0;1409
UKM83;19-Jul-2020;1;1410
UKM83;20-Jul-2020;2;1412
UKM83;21-Jul-2020;1;1413
UKM83;22-Jul-2020;1;1414
UKM83;23-Jul-2020;0;1414
UKM83;24-Jul-2020;0;1414
UKM83;25-Jul-2020;0;1414
UKM83;26-Jul-2020;1;1415
UKM83;27-Jul-2020;3;1418
UKM83;28-Jul-2020;6;1424
UKM83;29-Jul-2020;2;1426
UKM83;30-Jul-2020;0;1426
UKM83;31-Jul-2020;1;1427
UKM83;01-Aug-2020;3;1430
UKM83;02-Aug-2020;1;1431
UKM83;03-Aug-2020;10;1441
UKM83;04-Aug-2020;3;1444
UKM83;05-Aug-2020;1;1445
UKM83;06-Aug-2020;2;1447
UKM83;07-Aug-2020;1;1448
UKM83;08-Aug-2020;0;1448
UKM83;09-Aug-2020;0;1448
UKM83;10-Aug-2020;0;1448
UKM83;11-Aug-2020;2;1450
UKM83;12-Aug-2020;1;1451
UKM83;13-Aug-2020;1;1452
UKM83;14-Aug-2020;2;1454
UKM83;15-Aug-2020;2;1456
UKM83;16-Aug-2020;2;1458
UKM83;17-Aug-2020;2;1460
UKM83;18-Aug-2020;9;1469
UKM83;19-Aug-2020;4;1473
UKM83;20-Aug-2020;5;1478
UKM83;21-Aug-2020;3;1481
UKM83;22-Aug-2020;3;1484
UKM83;23-Aug-2020;5;1489
UKM83;24-Aug-2020;3;1492
UKM83;25-Aug-2020;3;1495
UKM83;26-Aug-2020;4;1499
UKM83;27-Aug-2020;3;1502
UKM83;28-Aug-2020;19;1521
UKM83;29-Aug-2020;9;1530
UKM83;30-Aug-2020;13;1543
UKM83;31-Aug-2020;11;1554
UKM83;01-Sep-2020;17;1571
UKM83;02-Sep-2020;18;1589
UKM83;03-Sep-2020;18;1607
UKM83;04-Sep-2020;17;1624
UKM83;05-Sep-2020;19;1643
UKM83;06-Sep-2020;12;1655
UKM83;07-Sep-2020;22;1677
UKM83;08-Sep-2020;12;1689
UKM83;09-Sep-2020;22;1711
UKM83;10-Sep-2020;21;1732
UKM83;11-Sep-2020;19;1751
UKM83;12-Sep-2020;22;1773
UKM83;13-Sep-2020;15;1788
UKM83;14-Sep-2020;12;1800
UKM83;15-Sep-2020;13;1813
UKM83;16-Sep-2020;18;1831
UKM83;17-Sep-2020;16;1847
UKM83;18-Sep-2020;16;1863
UKM83;19-Sep-2020;11;1874
UKM83;20-Sep-2020;20;1894
UKM83;21-Sep-2020;19;1913
UKM83;22-Sep-2020;33;1946
UKM83;23-Sep-2020;30;1976
UKM83;24-Sep-2020;31;2007
UKM83;25-Sep-2020;16;2023
UKM83;26-Sep-2020;27;2050
UKM83;27-Sep-2020;13;2063
UKM83;28-Sep-2020;35;2098
UKM83;29-Sep-2020;45;2143
UKM83;30-Sep-2020;65;2208
UKM83;01-Oct-2020;47;2255
UKM83;02-Oct-2020;56;2311
UKM83;03-Oct-2020;39;2350
UKM83;04-Oct-2020;59;2409
UKM83;05-Oct-2020;81;2490
UKM83;06-Oct-2020;100;2590
UKM83;07-Oct-2020;87;2677
UKM83;08-Oct-2020;88;2765
UKM83;09-Oct-2020;88;2853
UKM83;10-Oct-2020;75;2928
UKM83;11-Oct-2020;57;2985
UKM83;12-Oct-2020;99;3084
UKM83;13-Oct-2020;109;3193
UKM83;14-Oct-2020;102;3295
UKM83;15-Oct-2020;114;3409
UKM83;16-Oct-2020;121;3530
UKM83;17-Oct-2020;64;3594
UKM83;18-Oct-2020;72;3666
UKM83;19-Oct-2020;102;3768
UKM83;20-Oct-2020;116;3884
UKM83;21-Oct-2020;121;4005
UKM83;22-Oct-2020;120;4125
UKM83;23-Oct-2020;106;4231
UKM83;24-Oct-2020;74;4305
UKM83;25-Oct-2020;77;4382
UKM83;26-Oct-2020;121;4503
UKM83;27-Oct-2020;104;4607
UKM83;28-Oct-2020;114;4721
UKM83;29-Oct-2020;90;4811
UKM83;30-Oct-2020;75;4886
UKM83;31-Oct-2020;71;4957
UKM83;01-Nov-2020;133;5090
UKM83;02-Nov-2020;119;5209
UKM83;03-Nov-2020;132;5341
UKM83;04-Nov-2020;132;5473
UKM83;05-Nov-2020;147;5620
UKM83;06-Nov-2020;137;5757
UKM83;07-Nov-2020;75;5832
UKM83;08-Nov-2020;79;5911
UKM83;09-Nov-2020;127;6038
UKM83;10-Nov-2020;123;6161
UKM83;11-Nov-2020;119;6280
UKM83;12-Nov-2020;87;6367
UKM83;13-Nov-2020;96;6463
UKM83;14-Nov-2020;71;6534
UKM83;15-Nov-2020;83;6617
UKM83;16-Nov-2020;109;6726
UKM83;17-Nov-2020;172;6898
UKM83;18-Nov-2020;111;7009
UKM83;19-Nov-2020;76;7085
UKM83;20-Nov-2020;87;7172
UKM83;21-Nov-2020;88;7260
UKM83;22-Nov-2020;60;7320
UKM83;23-Nov-2020;37;7357
UKM84;28-Feb-2020;0;0
UKM84;29-Feb-2020;0;0
UKM84;01-Mar-2020;0;0
UKM84;02-Mar-2020;0;0
UKM84;03-Mar-2020;0;0
UKM84;04-Mar-2020;0;0
UKM84;05-Mar-2020;1;1
UKM84;06-Mar-2020;0;1
UKM84;07-Mar-2020;1;2
UKM84;08-Mar-2020;0;2
UKM84;09-Mar-2020;0;2
UKM84;10-Mar-2020;1;3
UKM84;11-Mar-2020;4;7
UKM84;12-Mar-2020;0;7
UKM84;13-Mar-2020;6;13
UKM84;14-Mar-2020;2;15
UKM84;15-Mar-2020;0;15
UKM84;16-Mar-2020;4;19
UKM84;17-Mar-2020;6;25
UKM84;18-Mar-2020;5;30
UKM84;19-Mar-2020;5;35
UKM84;20-Mar-2020;1;36
UKM84;21-Mar-2020;3;39
UKM84;22-Mar-2020;2;41
UKM84;23-Mar-2020;7;48
UKM84;24-Mar-2020;6;54
UKM84;25-Mar-2020;11;65
UKM84;26-Mar-2020;12;77
UKM84;27-Mar-2020;15;92
UKM84;28-Mar-2020;9;101
UKM84;29-Mar-2020;13;114
UKM84;30-Mar-2020;21;135
UKM84;31-Mar-2020;19;154
UKM84;01-Apr-2020;25;179
UKM84;02-Apr-2020;22;201
UKM84;03-Apr-2020;38;239
UKM84;04-Apr-2020;18;257
UKM84;05-Apr-2020;17;274
UKM84;06-Apr-2020;15;289
UKM84;07-Apr-2020;20;309
UKM84;08-Apr-2020;25;334
UKM84;09-Apr-2020;26;360
UKM84;10-Apr-2020;22;382
UKM84;11-Apr-2020;21;403
UKM84;12-Apr-2020;21;424
UKM84;13-Apr-2020;19;443
UKM84;14-Apr-2020;16;459
UKM84;15-Apr-2020;24;483
UKM84;16-Apr-2020;20;503
UKM84;17-Apr-2020;14;517
UKM84;18-Apr-2020;12;529
UKM84;19-Apr-2020;10;539
UKM84;20-Apr-2020;103;642
UKM84;21-Apr-2020;26;668
UKM84;22-Apr-2020;21;689
UKM84;23-Apr-2020;20;709
UKM84;24-Apr-2020;16;725
UKM84;25-Apr-2020;11;736
UKM84;26-Apr-2020;14;750
UKM84;27-Apr-2020;27;777
UKM84;28-Apr-2020;26;803
UKM84;29-Apr-2020;43;846
UKM84;30-Apr-2020;27;873
UKM84;01-May-2020;32;905
UKM84;02-May-2020;19;924
UKM84;03-May-2020;14;938
UKM84;04-May-2020;12;950
UKM84;05-May-2020;28;978
UKM84;06-May-2020;20;998
UKM84;07-May-2020;15;1013
UKM84;08-May-2020;17;1030
UKM84;09-May-2020;14;1044
UKM84;10-May-2020;9;1053
UKM84;11-May-2020;30;1083
UKM84;12-May-2020;16;1099
UKM84;13-May-2020;13;1112
UKM84;14-May-2020;26;1138
UKM84;15-May-2020;12;1150
UKM84;16-May-2020;7;1157
UKM84;17-May-2020;7;1164
UKM84;18-May-2020;17;1181
UKM84;19-May-2020;27;1208
UKM84;20-May-2020;10;1218
UKM84;21-May-2020;12;1230
UKM84;22-May-2020;9;1239
UKM84;23-May-2020;7;1246
UKM84;24-May-2020;11;1257
UKM84;25-May-2020;9;1266
UKM84;26-May-2020;5;1271
UKM84;27-May-2020;11;1282
UKM84;28-May-2020;6;1288
UKM84;29-May-2020;1;1289
UKM84;30-May-2020;4;1293
UKM84;31-May-2020;4;1297
UKM84;01-Jun-2020;4;1301
UKM84;02-Jun-2020;3;1304
UKM84;03-Jun-2020;9;1313
UKM84;04-Jun-2020;1;1314
UKM84;05-Jun-2020;4;1318
UKM84;06-Jun-2020;2;1320
UKM84;07-Jun-2020;2;1322
UKM84;08-Jun-2020;3;1325
UKM84;09-Jun-2020;1;1326
UKM84;10-Jun-2020;5;1331
UKM84;11-Jun-2020;0;1331
UKM84;12-Jun-2020;3;1334
UKM84;13-Jun-2020;0;1334
UKM84;14-Jun-2020;1;1335
UKM84;15-Jun-2020;1;1336
UKM84;16-Jun-2020;3;1339
UKM84;17-Jun-2020;4;1343
UKM84;18-Jun-2020;0;1343
UKM84;19-Jun-2020;5;1348
UKM84;20-Jun-2020;1;1349
UKM84;21-Jun-2020;1;1350
UKM84;22-Jun-2020;0;1350
UKM84;23-Jun-2020;1;1351
UKM84;24-Jun-2020;0;1351
UKM84;25-Jun-2020;1;1352
UKM84;26-Jun-2020;0;1352
UKM84;27-Jun-2020;0;1352
UKM84;28-Jun-2020;0;1352
UKM84;29-Jun-2020;0;1352
UKM84;30-Jun-2020;0;1352
UKM84;01-Jul-2020;2;1354
UKM84;02-Jul-2020;0;1354
UKM84;03-Jul-2020;1;1355
UKM84;04-Jul-2020;0;1355
UKM84;05-Jul-2020;0;1355
UKM84;06-Jul-2020;0;1355
UKM84;07-Jul-2020;0;1355
UKM84;08-Jul-2020;2;1357
UKM84;09-Jul-2020;1;1358
UKM84;10-Jul-2020;0;1358
UKM84;11-Jul-2020;2;1360
UKM84;12-Jul-2020;0;1360
UKM84;13-Jul-2020;2;1362
UKM84;14-Jul-2020;0;1362
UKM84;15-Jul-2020;1;1363
UKM84;16-Jul-2020;0;1363
UKM84;17-Jul-2020;0;1363
UKM84;18-Jul-2020;1;1364
UKM84;19-Jul-2020;8;1372
UKM84;20-Jul-2020;7;1379
UKM84;21-Jul-2020;2;1381
UKM84;22-Jul-2020;0;1381
UKM84;23-Jul-2020;1;1382
UKM84;24-Jul-2020;5;1387
UKM84;25-Jul-2020;1;1388
UKM84;26-Jul-2020;0;1388
UKM84;27-Jul-2020;0;1388
UKM84;28-Jul-2020;0;1388
UKM84;29-Jul-2020;2;1390
UKM84;30-Jul-2020;1;1391
UKM84;31-Jul-2020;1;1392
UKM84;01-Aug-2020;0;1392
UKM84;02-Aug-2020;0;1392
UKM84;03-Aug-2020;0;1392
UKM84;04-Aug-2020;1;1393
UKM84;05-Aug-2020;2;1395
UKM84;06-Aug-2020;2;1397
UKM84;07-Aug-2020;1;1398
UKM84;08-Aug-2020;0;1398
UKM84;09-Aug-2020;0;1398
UKM84;10-Aug-2020;2;1400
UKM84;11-Aug-2020;4;1404
UKM84;12-Aug-2020;1;1405
UKM84;13-Aug-2020;9;1414
UKM84;14-Aug-2020;7;1421
UKM84;15-Aug-2020;1;1422
UKM84;16-Aug-2020;2;1424
UKM84;17-Aug-2020;8;1432
UKM84;18-Aug-2020;3;1435
UKM84;19-Aug-2020;5;1440
UKM84;20-Aug-2020;4;1444
UKM84;21-Aug-2020;5;1449
UKM84;22-Aug-2020;1;1450
UKM84;23-Aug-2020;5;1455
UKM84;24-Aug-2020;4;1459
UKM84;25-Aug-2020;3;1462
UKM84;26-Aug-2020;5;1467
UKM84;27-Aug-2020;9;1476
UKM84;28-Aug-2020;11;1487
UKM84;29-Aug-2020;9;1496
UKM84;30-Aug-2020;12;1508
UKM84;31-Aug-2020;12;1520
UKM84;01-Sep-2020;5;1525
UKM84;02-Sep-2020;14;1539
UKM84;03-Sep-2020;13;1552
UKM84;04-Sep-2020;15;1567
UKM84;05-Sep-2020;9;1576
UKM84;06-Sep-2020;13;1589
UKM84;07-Sep-2020;9;1598
UKM84;08-Sep-2020;10;1608
UKM84;09-Sep-2020;32;1640
UKM84;10-Sep-2020;32;1672
UKM84;11-Sep-2020;33;1705
UKM84;12-Sep-2020;18;1723
UKM84;13-Sep-2020;17;1740
UKM84;14-Sep-2020;21;1761
UKM84;15-Sep-2020;25;1786
UKM84;16-Sep-2020;29;1815
UKM84;17-Sep-2020;34;1849
UKM84;18-Sep-2020;27;1876
UKM84;19-Sep-2020;29;1905
UKM84;20-Sep-2020;35;1940
UKM84;21-Sep-2020;63;2003
UKM84;22-Sep-2020;41;2044
UKM84;23-Sep-2020;32;2076
UKM84;24-Sep-2020;37;2113
UKM84;25-Sep-2020;53;2166
UKM84;26-Sep-2020;29;2195
UKM84;27-Sep-2020;31;2226
UKM84;28-Sep-2020;49;2275
UKM84;29-Sep-2020;50;2325
UKM84;30-Sep-2020;55;2380
UKM84;01-Oct-2020;67;2447
UKM84;02-Oct-2020;68;2515
UKM84;03-Oct-2020;70;2585
UKM84;04-Oct-2020;80;2665
UKM84;05-Oct-2020;113;2778
UKM84;06-Oct-2020;125;2903
UKM84;07-Oct-2020;132;3035
UKM84;08-Oct-2020;109;3144
UKM84;09-Oct-2020;100;3244
UKM84;10-Oct-2020;114;3358
UKM84;11-Oct-2020;124;3482
UKM84;12-Oct-2020;147;3629
UKM84;13-Oct-2020;181;3810
UKM84;14-Oct-2020;181;3991
UKM84;15-Oct-2020;198;4189
UKM84;16-Oct-2020;189;4378
UKM84;17-Oct-2020;125;4503
UKM84;18-Oct-2020;110;4613
UKM84;19-Oct-2020;206;4819
UKM84;20-Oct-2020;212;5031
UKM84;21-Oct-2020;212;5243
UKM84;22-Oct-2020;179;5422
UKM84;23-Oct-2020;156;5578
UKM84;24-Oct-2020;125;5703
UKM84;25-Oct-2020;100;5803
UKM84;26-Oct-2020;160;5963
UKM84;27-Oct-2020;148;6111
UKM84;28-Oct-2020;137;6248
UKM84;29-Oct-2020;131;6379
UKM84;30-Oct-2020;137;6516
UKM84;31-Oct-2020;103;6619
UKM84;01-Nov-2020;113;6732
UKM84;02-Nov-2020;174;6906
UKM84;03-Nov-2020;146;7052
UKM84;04-Nov-2020;130;7182
UKM84;05-Nov-2020;141;7323
UKM84;06-Nov-2020;126;7449
UKM84;07-Nov-2020;98;7547
UKM84;08-Nov-2020;108;7655
UKM84;09-Nov-2020;114;7769
UKM84;10-Nov-2020;156;7925
UKM84;11-Nov-2020;126;8051
UKM84;12-Nov-2020;113;8164
UKM84;13-Nov-2020;102;8266
UKM84;14-Nov-2020;102;8368
UKM84;15-Nov-2020;115;8483
UKM84;16-Nov-2020;129;8612
UKM84;17-Nov-2020;147;8759
UKM84;18-Nov-2020;108;8867
UKM84;19-Nov-2020;102;8969
UKM84;20-Nov-2020;99;9068
UKM84;21-Nov-2020;75;9143
UKM84;22-Nov-2020;57;9200
UKM84;23-Nov-2020;30;9230
UKM91;28-Feb-2020;0;0
UKM91;29-Feb-2020;0;0
UKM91;01-Mar-2020;0;0
UKM91;02-Mar-2020;0;0
UKM91;03-Mar-2020;0;0
UKM91;04-Mar-2020;0;0
UKM91;05-Mar-2020;0;0
UKM91;06-Mar-2020;0;0
UKM91;07-Mar-2020;0;0
UKM91;08-Mar-2020;0;0
UKM91;09-Mar-2020;1;1
UKM91;10-Mar-2020;0;1
UKM91;11-Mar-2020;1;2
UKM91;12-Mar-2020;2;4
UKM91;13-Mar-2020;1;5
UKM91;14-Mar-2020;0;5
UKM91;15-Mar-2020;0;5
UKM91;16-Mar-2020;0;5
UKM91;17-Mar-2020;0;5
UKM91;18-Mar-2020;2;7
UKM91;19-Mar-2020;1;8
UKM91;20-Mar-2020;2;10
UKM91;21-Mar-2020;0;10
UKM91;22-Mar-2020;5;15
UKM91;23-Mar-2020;6;21
UKM91;24-Mar-2020;9;30
UKM91;25-Mar-2020;9;39
UKM91;26-Mar-2020;11;50
UKM91;27-Mar-2020;14;64
UKM91;28-Mar-2020;9;73
UKM91;29-Mar-2020;5;78
UKM91;30-Mar-2020;10;88
UKM91;31-Mar-2020;12;100
UKM91;01-Apr-2020;6;106
UKM91;02-Apr-2020;11;117
UKM91;03-Apr-2020;17;134
UKM91;04-Apr-2020;7;141
UKM91;05-Apr-2020;9;150
UKM91;06-Apr-2020;15;165
UKM91;07-Apr-2020;11;176
UKM91;08-Apr-2020;9;185
UKM91;09-Apr-2020;5;190
UKM91;10-Apr-2020;10;200
UKM91;11-Apr-2020;5;205
UKM91;12-Apr-2020;3;208
UKM91;13-Apr-2020;7;215
UKM91;14-Apr-2020;5;220
UKM91;15-Apr-2020;4;224
UKM91;16-Apr-2020;7;231
UKM91;17-Apr-2020;6;237
UKM91;18-Apr-2020;1;238
UKM91;19-Apr-2020;1;239
UKM91;20-Apr-2020;4;243
UKM91;21-Apr-2020;4;247
UKM91;22-Apr-2020;6;253
UKM91;23-Apr-2020;4;257
UKM91;24-Apr-2020;2;259
UKM91;25-Apr-2020;9;268
UKM91;26-Apr-2020;4;272
UKM91;27-Apr-2020;8;280
UKM91;28-Apr-2020;1;281
UKM91;29-Apr-2020;1;282
UKM91;30-Apr-2020;2;284
UKM91;01-May-2020;2;286
UKM91;02-May-2020;3;289
UKM91;03-May-2020;5;294
UKM91;04-May-2020;1;295
UKM91;05-May-2020;1;296
UKM91;06-May-2020;0;296
UKM91;07-May-2020;2;298
UKM91;08-May-2020;1;299
UKM91;09-May-2020;4;303
UKM91;10-May-2020;2;305
UKM91;11-May-2020;1;306
UKM91;12-May-2020;7;313
UKM91;13-May-2020;2;315
UKM91;14-May-2020;8;323
UKM91;15-May-2020;3;326
UKM91;16-May-2020;1;327
UKM91;17-May-2020;6;333
UKM91;18-May-2020;2;335
UKM91;19-May-2020;0;335
UKM91;20-May-2020;0;335
UKM91;21-May-2020;0;335
UKM91;22-May-2020;0;335
UKM91;23-May-2020;1;336
UKM91;24-May-2020;1;337
UKM91;25-May-2020;0;337
UKM91;26-May-2020;0;337
UKM91;27-May-2020;4;341
UKM91;28-May-2020;0;341
UKM91;29-May-2020;0;341
UKM91;30-May-2020;2;343
UKM91;31-May-2020;0;343
UKM91;01-Jun-2020;0;343
UKM91;02-Jun-2020;0;343
UKM91;03-Jun-2020;1;344
UKM91;04-Jun-2020;0;344
UKM91;05-Jun-2020;0;344
UKM91;06-Jun-2020;0;344
UKM91;07-Jun-2020;0;344
UKM91;08-Jun-2020;0;344
UKM91;09-Jun-2020;1;345
UKM91;10-Jun-2020;0;345
UKM91;11-Jun-2020;0;345
UKM91;12-Jun-2020;0;345
UKM91;13-Jun-2020;0;345
UKM91;14-Jun-2020;0;345
UKM91;15-Jun-2020;0;345
UKM91;16-Jun-2020;0;345
UKM91;17-Jun-2020;0;345
UKM91;18-Jun-2020;0;345
UKM91;19-Jun-2020;0;345
UKM91;20-Jun-2020;0;345
UKM91;21-Jun-2020;0;345
UKM91;22-Jun-2020;0;345
UKM91;23-Jun-2020;0;345
UKM91;24-Jun-2020;0;345
UKM91;25-Jun-2020;0;345
UKM91;26-Jun-2020;0;345
UKM91;27-Jun-2020;0;345
UKM91;28-Jun-2020;0;345
UKM91;29-Jun-2020;0;345
UKM91;30-Jun-2020;0;345
UKM91;01-Jul-2020;0;345
UKM91;02-Jul-2020;0;345
UKM91;03-Jul-2020;0;345
UKM91;04-Jul-2020;0;345
UKM91;05-Jul-2020;0;345
UKM91;06-Jul-2020;0;345
UKM91;07-Jul-2020;0;345
UKM91;08-Jul-2020;0;345
UKM91;09-Jul-2020;0;345
UKM91;10-Jul-2020;0;345
UKM91;11-Jul-2020;0;345
UKM91;12-Jul-2020;0;345
UKM91;13-Jul-2020;0;345
UKM91;14-Jul-2020;0;345
UKM91;15-Jul-2020;0;345
UKM91;16-Jul-2020;1;346
UKM91;17-Jul-2020;0;346
UKM91;18-Jul-2020;0;346
UKM91;19-Jul-2020;0;346
UKM91;20-Jul-2020;0;346
UKM91;21-Jul-2020;0;346
UKM91;22-Jul-2020;0;346
UKM91;23-Jul-2020;1;347
UKM91;24-Jul-2020;0;347
UKM91;25-Jul-2020;0;347
UKM91;26-Jul-2020;0;347
UKM91;27-Jul-2020;0;347
UKM91;28-Jul-2020;0;347
UKM91;29-Jul-2020;0;347
UKM91;30-Jul-2020;0;347
UKM91;31-Jul-2020;0;347
UKM91;01-Aug-2020;0;347
UKM91;02-Aug-2020;0;347
UKM91;03-Aug-2020;0;347
UKM91;04-Aug-2020;0;347
UKM91;05-Aug-2020;0;347
UKM91;06-Aug-2020;1;348
UKM91;07-Aug-2020;0;348
UKM91;08-Aug-2020;0;348
UKM91;09-Aug-2020;0;348
UKM91;10-Aug-2020;2;350
UKM91;11-Aug-2020;0;350
UKM91;12-Aug-2020;0;350
UKM91;13-Aug-2020;0;350
UKM91;14-Aug-2020;0;350
UKM91;15-Aug-2020;0;350
UKM91;16-Aug-2020;0;350
UKM91;17-Aug-2020;0;350
UKM91;18-Aug-2020;0;350
UKM91;19-Aug-2020;0;350
UKM91;20-Aug-2020;3;353
UKM91;21-Aug-2020;0;353
UKM91;22-Aug-2020;3;356
UKM91;23-Aug-2020;3;359
UKM91;24-Aug-2020;0;359
UKM91;25-Aug-2020;1;360
UKM91;26-Aug-2020;4;364
UKM91;27-Aug-2020;2;366
UKM91;28-Aug-2020;1;367
UKM91;29-Aug-2020;3;370
UKM91;30-Aug-2020;1;371
UKM91;31-Aug-2020;3;374
UKM91;01-Sep-2020;1;375
UKM91;02-Sep-2020;6;381
UKM91;03-Sep-2020;3;384
UKM91;04-Sep-2020;3;387
UKM91;05-Sep-2020;0;387
UKM91;06-Sep-2020;2;389
UKM91;07-Sep-2020;1;390
UKM91;08-Sep-2020;3;393
UKM91;09-Sep-2020;5;398
UKM91;10-Sep-2020;14;412
UKM91;11-Sep-2020;5;417
UKM91;12-Sep-2020;2;419
UKM91;13-Sep-2020;2;421
UKM91;14-Sep-2020;6;427
UKM91;15-Sep-2020;7;434
UKM91;16-Sep-2020;20;454
UKM91;17-Sep-2020;8;462
UKM91;18-Sep-2020;5;467
UKM91;19-Sep-2020;2;469
UKM91;20-Sep-2020;4;473
UKM91;21-Sep-2020;1;474
UKM91;22-Sep-2020;5;479
UKM91;23-Sep-2020;8;487
UKM91;24-Sep-2020;6;493
UKM91;25-Sep-2020;8;501
UKM91;26-Sep-2020;5;506
UKM91;27-Sep-2020;0;506
UKM91;28-Sep-2020;6;512
UKM91;29-Sep-2020;2;514
UKM91;30-Sep-2020;5;519
UKM91;01-Oct-2020;6;525
UKM91;02-Oct-2020;5;530
UKM91;03-Oct-2020;9;539
UKM91;04-Oct-2020;6;545
UKM91;05-Oct-2020;4;549
UKM91;06-Oct-2020;13;562
UKM91;07-Oct-2020;0;562
UKM91;08-Oct-2020;7;569
UKM91;09-Oct-2020;2;571
UKM91;10-Oct-2020;4;575
UKM91;11-Oct-2020;8;583
UKM91;12-Oct-2020;5;588
UKM91;13-Oct-2020;11;599
UKM91;14-Oct-2020;3;602
UKM91;15-Oct-2020;10;612
UKM91;16-Oct-2020;12;624
UKM91;17-Oct-2020;5;629
UKM91;18-Oct-2020;2;631
UKM91;19-Oct-2020;10;641
UKM91;20-Oct-2020;7;648
UKM91;21-Oct-2020;5;653
UKM91;22-Oct-2020;9;662
UKM91;23-Oct-2020;5;667
UKM91;24-Oct-2020;3;670
UKM91;25-Oct-2020;7;677
UKM91;26-Oct-2020;6;683
UKM91;27-Oct-2020;11;694
UKM91;28-Oct-2020;7;701
UKM91;29-Oct-2020;7;708
UKM91;30-Oct-2020;9;717
UKM91;31-Oct-2020;17;734
UKM91;01-Nov-2020;3;737
UKM91;02-Nov-2020;8;745
UKM91;03-Nov-2020;16;761
UKM91;04-Nov-2020;11;772
UKM91;05-Nov-2020;14;786
UKM91;06-Nov-2020;6;792
UKM91;07-Nov-2020;7;799
UKM91;08-Nov-2020;4;803
UKM91;09-Nov-2020;16;819
UKM91;10-Nov-2020;11;830
UKM91;11-Nov-2020;8;838
UKM91;12-Nov-2020;9;847
UKM91;13-Nov-2020;15;862
UKM91;14-Nov-2020;18;880
UKM91;15-Nov-2020;6;886
UKM91;16-Nov-2020;10;896
UKM91;17-Nov-2020;12;908
UKM91;18-Nov-2020;9;917
UKM91;19-Nov-2020;12;929
UKM91;20-Nov-2020;12;941
UKM91;21-Nov-2020;7;948
UKM91;22-Nov-2020;4;952
UKM91;23-Nov-2020;4;956
UKM92;28-Feb-2020;0;0
UKM92;29-Feb-2020;0;0
UKM92;01-Mar-2020;0;0
UKM92;02-Mar-2020;0;0
UKM92;03-Mar-2020;0;0
UKM92;04-Mar-2020;0;0
UKM92;05-Mar-2020;0;0
UKM92;06-Mar-2020;0;0
UKM92;07-Mar-2020;0;0
UKM92;08-Mar-2020;0;0
UKM92;09-Mar-2020;0;0
UKM92;10-Mar-2020;0;0
UKM92;11-Mar-2020;0;0
UKM92;12-Mar-2020;0;0
UKM92;13-Mar-2020;0;0
UKM92;14-Mar-2020;0;0
UKM92;15-Mar-2020;1;1
UKM92;16-Mar-2020;2;3
UKM92;17-Mar-2020;3;6
UKM92;18-Mar-2020;3;9
UKM92;19-Mar-2020;4;13
UKM92;20-Mar-2020;4;17
UKM92;21-Mar-2020;1;18
UKM92;22-Mar-2020;4;22
UKM92;23-Mar-2020;5;27
UKM92;24-Mar-2020;8;35
UKM92;25-Mar-2020;8;43
UKM92;26-Mar-2020;11;54
UKM92;27-Mar-2020;10;64
UKM92;28-Mar-2020;11;75
UKM92;29-Mar-2020;10;85
UKM92;30-Mar-2020;11;96
UKM92;31-Mar-2020;7;103
UKM92;01-Apr-2020;15;118
UKM92;02-Apr-2020;9;127
UKM92;03-Apr-2020;12;139
UKM92;04-Apr-2020;4;143
UKM92;05-Apr-2020;7;150
UKM92;06-Apr-2020;9;159
UKM92;07-Apr-2020;4;163
UKM92;08-Apr-2020;11;174
UKM92;09-Apr-2020;5;179
UKM92;10-Apr-2020;7;186
UKM92;11-Apr-2020;7;193
UKM92;12-Apr-2020;6;199
UKM92;13-Apr-2020;7;206
UKM92;14-Apr-2020;2;208
UKM92;15-Apr-2020;6;214
UKM92;16-Apr-2020;14;228
UKM92;17-Apr-2020;6;234
UKM92;18-Apr-2020;4;238
UKM92;19-Apr-2020;3;241
UKM92;20-Apr-2020;4;245
UKM92;21-Apr-2020;1;246
UKM92;22-Apr-2020;1;247
UKM92;23-Apr-2020;1;248
UKM92;24-Apr-2020;5;253
UKM92;25-Apr-2020;0;253
UKM92;26-Apr-2020;1;254
UKM92;27-Apr-2020;3;257
UKM92;28-Apr-2020;2;259
UKM92;29-Apr-2020;2;261
UKM92;30-Apr-2020;2;263
UKM92;01-May-2020;4;267
UKM92;02-May-2020;1;268
UKM92;03-May-2020;0;268
UKM92;04-May-2020;0;268
UKM92;05-May-2020;1;269
UKM92;06-May-2020;0;269
UKM92;07-May-2020;0;269
UKM92;08-May-2020;1;270
UKM92;09-May-2020;0;270
UKM92;10-May-2020;2;272
UKM92;11-May-2020;1;273
UKM92;12-May-2020;0;273
UKM92;13-May-2020;0;273
UKM92;14-May-2020;2;275
UKM92;15-May-2020;0;275
UKM92;16-May-2020;0;275
UKM92;17-May-2020;0;275
UKM92;18-May-2020;1;276
UKM92;19-May-2020;1;277
UKM92;20-May-2020;0;277
UKM92;21-May-2020;1;278
UKM92;22-May-2020;2;280
UKM92;23-May-2020;2;282
UKM92;24-May-2020;0;282
UKM92;25-May-2020;1;283
UKM92;26-May-2020;0;283
UKM92;27-May-2020;0;283
UKM92;28-May-2020;0;283
UKM92;29-May-2020;0;283
UKM92;30-May-2020;0;283
UKM92;31-May-2020;0;283
UKM92;01-Jun-2020;0;283
UKM92;02-Jun-2020;1;284
UKM92;03-Jun-2020;0;284
UKM92;04-Jun-2020;1;285
UKM92;05-Jun-2020;0;285
UKM92;06-Jun-2020;0;285
UKM92;07-Jun-2020;0;285
UKM92;08-Jun-2020;0;285
UKM92;09-Jun-2020;0;285
UKM92;10-Jun-2020;0;285
UKM92;11-Jun-2020;0;285
UKM92;12-Jun-2020;0;285
UKM92;13-Jun-2020;0;285
UKM92;14-Jun-2020;0;285
UKM92;15-Jun-2020;0;285
UKM92;16-Jun-2020;0;285
UKM92;17-Jun-2020;0;285
UKM92;18-Jun-2020;0;285
UKM92;19-Jun-2020;1;286
UKM92;20-Jun-2020;0;286
UKM92;21-Jun-2020;0;286
UKM92;22-Jun-2020;0;286
UKM92;23-Jun-2020;0;286
UKM92;24-Jun-2020;0;286
UKM92;25-Jun-2020;0;286
UKM92;26-Jun-2020;0;286
UKM92;27-Jun-2020;0;286
UKM92;28-Jun-2020;0;286
UKM92;29-Jun-2020;5;291
UKM92;30-Jun-2020;2;293
UKM92;01-Jul-2020;0;293
UKM92;02-Jul-2020;1;294
UKM92;03-Jul-2020;1;295
UKM92;04-Jul-2020;1;296
UKM92;05-Jul-2020;0;296
UKM92;06-Jul-2020;0;296
UKM92;07-Jul-2020;1;297
UKM92;08-Jul-2020;1;298
UKM92;09-Jul-2020;1;299
UKM92;10-Jul-2020;0;299
UKM92;11-Jul-2020;0;299
UKM92;12-Jul-2020;0;299
UKM92;13-Jul-2020;0;299
UKM92;14-Jul-2020;0;299
UKM92;15-Jul-2020;0;299
UKM92;16-Jul-2020;1;300
UKM92;17-Jul-2020;0;300
UKM92;18-Jul-2020;0;300
UKM92;19-Jul-2020;0;300
UKM92;20-Jul-2020;0;300
UKM92;21-Jul-2020;0;300
UKM92;22-Jul-2020;0;300
UKM92;23-Jul-2020;0;300
UKM92;24-Jul-2020;0;300
UKM92;25-Jul-2020;0;300
UKM92;26-Jul-2020;0;300
UKM92;27-Jul-2020;1;301
UKM92;28-Jul-2020;0;301
UKM92;29-Jul-2020;2;303
UKM92;30-Jul-2020;0;303
UKM92;31-Jul-2020;1;304
UKM92;01-Aug-2020;0;304
UKM92;02-Aug-2020;0;304
UKM92;03-Aug-2020;0;304
UKM92;04-Aug-2020;1;305
UKM92;05-Aug-2020;0;305
UKM92;06-Aug-2020;0;305
UKM92;07-Aug-2020;0;305
UKM92;08-Aug-2020;0;305
UKM92;09-Aug-2020;0;305
UKM92;10-Aug-2020;0;305
UKM92;11-Aug-2020;0;305
UKM92;12-Aug-2020;0;305
UKM92;13-Aug-2020;0;305
UKM92;14-Aug-2020;0;305
UKM92;15-Aug-2020;0;305
UKM92;16-Aug-2020;0;305
UKM92;17-Aug-2020;1;306
UKM92;18-Aug-2020;0;306
UKM92;19-Aug-2020;1;307
UKM92;20-Aug-2020;1;308
UKM92;21-Aug-2020;0;308
UKM92;22-Aug-2020;1;309
UKM92;23-Aug-2020;0;309
UKM92;24-Aug-2020;1;310
UKM92;25-Aug-2020;3;313
UKM92;26-Aug-2020;0;313
UKM92;27-Aug-2020;0;313
UKM92;28-Aug-2020;1;314
UKM92;29-Aug-2020;0;314
UKM92;30-Aug-2020;0;314
UKM92;31-Aug-2020;0;314
UKM92;01-Sep-2020;3;317
UKM92;02-Sep-2020;0;317
UKM92;03-Sep-2020;0;317
UKM92;04-Sep-2020;0;317
UKM92;05-Sep-2020;1;318
UKM92;06-Sep-2020;0;318
UKM92;07-Sep-2020;4;322
UKM92;08-Sep-2020;3;325
UKM92;09-Sep-2020;3;328
UKM92;10-Sep-2020;2;330
UKM92;11-Sep-2020;0;330
UKM92;12-Sep-2020;1;331
UKM92;13-Sep-2020;7;338
UKM92;14-Sep-2020;2;340
UKM92;15-Sep-2020;1;341
UKM92;16-Sep-2020;2;343
UKM92;17-Sep-2020;2;345
UKM92;18-Sep-2020;4;349
UKM92;19-Sep-2020;1;350
UKM92;20-Sep-2020;6;356
UKM92;21-Sep-2020;2;358
UKM92;22-Sep-2020;11;369
UKM92;23-Sep-2020;1;370
UKM92;24-Sep-2020;8;378
UKM92;25-Sep-2020;6;384
UKM92;26-Sep-2020;10;394
UKM92;27-Sep-2020;3;397
UKM92;28-Sep-2020;13;410
UKM92;29-Sep-2020;7;417
UKM92;30-Sep-2020;7;424
UKM92;01-Oct-2020;11;435
UKM92;02-Oct-2020;6;441
UKM92;03-Oct-2020;7;448
UKM92;04-Oct-2020;4;452
UKM92;05-Oct-2020;8;460
UKM92;06-Oct-2020;21;481
UKM92;07-Oct-2020;12;493
UKM92;08-Oct-2020;26;519
UKM92;09-Oct-2020;35;554
UKM92;10-Oct-2020;5;559
UKM92;11-Oct-2020;16;575
UKM92;12-Oct-2020;23;598
UKM92;13-Oct-2020;25;623
UKM92;14-Oct-2020;16;639
UKM92;15-Oct-2020;27;666
UKM92;16-Oct-2020;19;685
UKM92;17-Oct-2020;8;693
UKM92;18-Oct-2020;11;704
UKM92;19-Oct-2020;8;712
UKM92;20-Oct-2020;16;728
UKM92;21-Oct-2020;14;742
UKM92;22-Oct-2020;36;778
UKM92;23-Oct-2020;15;793
UKM92;24-Oct-2020;6;799
UKM92;25-Oct-2020;8;807
UKM92;26-Oct-2020;21;828
UKM92;27-Oct-2020;15;843
UKM92;28-Oct-2020;14;857
UKM92;29-Oct-2020;14;871
UKM92;30-Oct-2020;15;886
UKM92;31-Oct-2020;9;895
UKM92;01-Nov-2020;6;901
UKM92;02-Nov-2020;19;920
UKM92;03-Nov-2020;13;933
UKM92;04-Nov-2020;21;954
UKM92;05-Nov-2020;21;975
UKM92;06-Nov-2020;9;984
UKM92;07-Nov-2020;8;992
UKM92;08-Nov-2020;9;1001
UKM92;09-Nov-2020;17;1018
UKM92;10-Nov-2020;15;1033
UKM92;11-Nov-2020;12;1045
UKM92;12-Nov-2020;9;1054
UKM92;13-Nov-2020;6;1060
UKM92;14-Nov-2020;8;1068
UKM92;15-Nov-2020;5;1073
UKM92;16-Nov-2020;4;1077
UKM92;17-Nov-2020;7;1084
UKM92;18-Nov-2020;10;1094
UKM92;19-Nov-2020;5;1099
UKM92;20-Nov-2020;9;1108
UKM92;21-Nov-2020;5;1113
UKM92;22-Nov-2020;1;1114
UKM92;23-Nov-2020;1;1115
UKM93;28-Feb-2020;0;0
UKM93;29-Feb-2020;0;0
UKM93;01-Mar-2020;0;0
UKM93;02-Mar-2020;0;0
UKM93;03-Mar-2020;0;0
UKM93;04-Mar-2020;0;0
UKM93;05-Mar-2020;0;0
UKM93;06-Mar-2020;0;0
UKM93;07-Mar-2020;1;1
UKM93;08-Mar-2020;0;1
UKM93;09-Mar-2020;0;1
UKM93;10-Mar-2020;0;1
UKM93;11-Mar-2020;0;1
UKM93;12-Mar-2020;1;2
UKM93;13-Mar-2020;0;2
UKM93;14-Mar-2020;0;2
UKM93;15-Mar-2020;0;2
UKM93;16-Mar-2020;1;3
UKM93;17-Mar-2020;2;5
UKM93;18-Mar-2020;2;7
UKM93;19-Mar-2020;1;8
UKM93;20-Mar-2020;0;8
UKM93;21-Mar-2020;1;9
UKM93;22-Mar-2020;1;10
UKM93;23-Mar-2020;2;12
UKM93;24-Mar-2020;4;16
UKM93;25-Mar-2020;5;21
UKM93;26-Mar-2020;8;29
UKM93;27-Mar-2020;10;39
UKM93;28-Mar-2020;4;43
UKM93;29-Mar-2020;6;49
UKM93;30-Mar-2020;7;56
UKM93;31-Mar-2020;8;64
UKM93;01-Apr-2020;8;72
UKM93;02-Apr-2020;2;74
UKM93;03-Apr-2020;3;77
UKM93;04-Apr-2020;8;85
UKM93;05-Apr-2020;13;98
UKM93;06-Apr-2020;12;110
UKM93;07-Apr-2020;7;117
UKM93;08-Apr-2020;5;122
UKM93;09-Apr-2020;6;128
UKM93;10-Apr-2020;6;134
UKM93;11-Apr-2020;0;134
UKM93;12-Apr-2020;11;145
UKM93;13-Apr-2020;15;160
UKM93;14-Apr-2020;8;168
UKM93;15-Apr-2020;13;181
UKM93;16-Apr-2020;13;194
UKM93;17-Apr-2020;5;199
UKM93;18-Apr-2020;7;206
UKM93;19-Apr-2020;7;213
UKM93;20-Apr-2020;10;223
UKM93;21-Apr-2020;9;232
UKM93;22-Apr-2020;8;240
UKM93;23-Apr-2020;6;246
UKM93;24-Apr-2020;2;248
UKM93;25-Apr-2020;5;253
UKM93;26-Apr-2020;7;260
UKM93;27-Apr-2020;7;267
UKM93;28-Apr-2020;12;279
UKM93;29-Apr-2020;11;290
UKM93;30-Apr-2020;6;296
UKM93;01-May-2020;8;304
UKM93;02-May-2020;4;308
UKM93;03-May-2020;5;313
UKM93;04-May-2020;16;329
UKM93;05-May-2020;9;338
UKM93;06-May-2020;13;351
UKM93;07-May-2020;4;355
UKM93;08-May-2020;6;361
UKM93;09-May-2020;2;363
UKM93;10-May-2020;0;363
UKM93;11-May-2020;2;365
UKM93;12-May-2020;3;368
UKM93;13-May-2020;5;373
UKM93;14-May-2020;3;376
UKM93;15-May-2020;3;379
UKM93;16-May-2020;1;380
UKM93;17-May-2020;6;386
UKM93;18-May-2020;4;390
UKM93;19-May-2020;2;392
UKM93;20-May-2020;9;401
UKM93;21-May-2020;0;401
UKM93;22-May-2020;2;403
UKM93;23-May-2020;1;404
UKM93;24-May-2020;1;405
UKM93;25-May-2020;1;406
UKM93;26-May-2020;2;408
UKM93;27-May-2020;2;410
UKM93;28-May-2020;8;418
UKM93;29-May-2020;1;419
UKM93;30-May-2020;0;419
UKM93;31-May-2020;3;422
UKM93;01-Jun-2020;3;425
UKM93;02-Jun-2020;0;425
UKM93;03-Jun-2020;0;425
UKM93;04-Jun-2020;1;426
UKM93;05-Jun-2020;1;427
UKM93;06-Jun-2020;1;428
UKM93;07-Jun-2020;0;428
UKM93;08-Jun-2020;0;428
UKM93;09-Jun-2020;0;428
UKM93;10-Jun-2020;1;429
UKM93;11-Jun-2020;1;430
UKM93;12-Jun-2020;1;431
UKM93;13-Jun-2020;0;431
UKM93;14-Jun-2020;0;431
UKM93;15-Jun-2020;1;432
UKM93;16-Jun-2020;0;432
UKM93;17-Jun-2020;2;434
UKM93;18-Jun-2020;0;434
UKM93;19-Jun-2020;0;434
UKM93;20-Jun-2020;0;434
UKM93;21-Jun-2020;0;434
UKM93;22-Jun-2020;0;434
UKM93;23-Jun-2020;1;435
UKM93;24-Jun-2020;1;436
UKM93;25-Jun-2020;0;436
UKM93;26-Jun-2020;1;437
UKM93;27-Jun-2020;1;438
UKM93;28-Jun-2020;0;438
UKM93;29-Jun-2020;0;438
UKM93;30-Jun-2020;0;438
UKM93;01-Jul-2020;0;438
UKM93;02-Jul-2020;0;438
UKM93;03-Jul-2020;0;438
UKM93;04-Jul-2020;0;438
UKM93;05-Jul-2020;0;438
UKM93;06-Jul-2020;0;438
UKM93;07-Jul-2020;1;439
UKM93;08-Jul-2020;0;439
UKM93;09-Jul-2020;0;439
UKM93;10-Jul-2020;0;439
UKM93;11-Jul-2020;0;439
UKM93;12-Jul-2020;0;439
UKM93;13-Jul-2020;1;440
UKM93;14-Jul-2020;0;440
UKM93;15-Jul-2020;0;440
UKM93;16-Jul-2020;1;441
UKM93;17-Jul-2020;0;441
UKM93;18-Jul-2020;0;441
UKM93;19-Jul-2020;0;441
UKM93;20-Jul-2020;0;441
UKM93;21-Jul-2020;1;442
UKM93;22-Jul-2020;0;442
UKM93;23-Jul-2020;1;443
UKM93;24-Jul-2020;0;443
UKM93;25-Jul-2020;0;443
UKM93;26-Jul-2020;0;443
UKM93;27-Jul-2020;0;443
UKM93;28-Jul-2020;1;444
UKM93;29-Jul-2020;0;444
UKM93;30-Jul-2020;1;445
UKM93;31-Jul-2020;0;445
UKM93;01-Aug-2020;0;445
UKM93;02-Aug-2020;0;445
UKM93;03-Aug-2020;0;445
UKM93;04-Aug-2020;0;445
UKM93;05-Aug-2020;0;445
UKM93;06-Aug-2020;2;447
UKM93;07-Aug-2020;0;447
UKM93;08-Aug-2020;1;448
UKM93;09-Aug-2020;0;448
UKM93;10-Aug-2020;2;450
UKM93;11-Aug-2020;0;450
UKM93;12-Aug-2020;0;450
UKM93;13-Aug-2020;0;450
UKM93;14-Aug-2020;0;450
UKM93;15-Aug-2020;0;450
UKM93;16-Aug-2020;0;450
UKM93;17-Aug-2020;0;450
UKM93;18-Aug-2020;0;450
UKM93;19-Aug-2020;1;451
UKM93;20-Aug-2020;2;453
UKM93;21-Aug-2020;0;453
UKM93;22-Aug-2020;0;453
UKM93;23-Aug-2020;0;453
UKM93;24-Aug-2020;0;453
UKM93;25-Aug-2020;1;454
UKM93;26-Aug-2020;5;459
UKM93;27-Aug-2020;4;463
UKM93;28-Aug-2020;3;466
UKM93;29-Aug-2020;0;466
UKM93;30-Aug-2020;1;467
UKM93;31-Aug-2020;2;469
UKM93;01-Sep-2020;3;472
UKM93;02-Sep-2020;6;478
UKM93;03-Sep-2020;1;479
UKM93;04-Sep-2020;4;483
UKM93;05-Sep-2020;4;487
UKM93;06-Sep-2020;2;489
UKM93;07-Sep-2020;2;491
UKM93;08-Sep-2020;2;493
UKM93;09-Sep-2020;6;499
UKM93;10-Sep-2020;1;500
UKM93;11-Sep-2020;2;502
UKM93;12-Sep-2020;3;505
UKM93;13-Sep-2020;1;506
UKM93;14-Sep-2020;1;507
UKM93;15-Sep-2020;2;509
UKM93;16-Sep-2020;2;511
UKM93;17-Sep-2020;6;517
UKM93;18-Sep-2020;2;519
UKM93;19-Sep-2020;4;523
UKM93;20-Sep-2020;2;525
UKM93;21-Sep-2020;4;529
UKM93;22-Sep-2020;5;534
UKM93;23-Sep-2020;8;542
UKM93;24-Sep-2020;10;552
UKM93;25-Sep-2020;12;564
UKM93;26-Sep-2020;7;571
UKM93;27-Sep-2020;4;575
UKM93;28-Sep-2020;7;582
UKM93;29-Sep-2020;12;594
UKM93;30-Sep-2020;15;609
UKM93;01-Oct-2020;14;623
UKM93;02-Oct-2020;16;639
UKM93;03-Oct-2020;11;650
UKM93;04-Oct-2020;14;664
UKM93;05-Oct-2020;33;697
UKM93;06-Oct-2020;35;732
UKM93;07-Oct-2020;38;770
UKM93;08-Oct-2020;57;827
UKM93;09-Oct-2020;28;855
UKM93;10-Oct-2020;43;898
UKM93;11-Oct-2020;37;935
UKM93;12-Oct-2020;43;978
UKM93;13-Oct-2020;44;1022
UKM93;14-Oct-2020;48;1070
UKM93;15-Oct-2020;41;1111
UKM93;16-Oct-2020;32;1143
UKM93;17-Oct-2020;27;1170
UKM93;18-Oct-2020;19;1189
UKM93;19-Oct-2020;36;1225
UKM93;20-Oct-2020;53;1278
UKM93;21-Oct-2020;50;1328
UKM93;22-Oct-2020;50;1378
UKM93;23-Oct-2020;47;1425
UKM93;24-Oct-2020;27;1452
UKM93;25-Oct-2020;33;1485
UKM93;26-Oct-2020;33;1518
UKM93;27-Oct-2020;72;1590
UKM93;28-Oct-2020;36;1626
UKM93;29-Oct-2020;21;1647
UKM93;30-Oct-2020;23;1670
UKM93;31-Oct-2020;18;1688
UKM93;01-Nov-2020;27;1715
UKM93;02-Nov-2020;28;1743
UKM93;03-Nov-2020;33;1776
UKM93;04-Nov-2020;30;1806
UKM93;05-Nov-2020;39;1845
UKM93;06-Nov-2020;36;1881
UKM93;07-Nov-2020;26;1907
UKM93;08-Nov-2020;30;1937
UKM93;09-Nov-2020;30;1967
UKM93;10-Nov-2020;27;1994
UKM93;11-Nov-2020;32;2026
UKM93;12-Nov-2020;43;2069
UKM93;13-Nov-2020;23;2092
UKM93;14-Nov-2020;16;2108
UKM93;15-Nov-2020;16;2124
UKM93;16-Nov-2020;25;2149
UKM93;17-Nov-2020;30;2179
UKM93;18-Nov-2020;33;2212
UKM93;19-Nov-2020;37;2249
UKM93;20-Nov-2020;18;2267
UKM93;21-Nov-2020;21;2288
UKM93;22-Nov-2020;17;2305
UKM93;23-Nov-2020;7;2312
UKM94;28-Feb-2020;0;0
UKM94;29-Feb-2020;0;0
UKM94;01-Mar-2020;0;0
UKM94;02-Mar-2020;0;0
UKM94;03-Mar-2020;0;0
UKM94;04-Mar-2020;0;0
UKM94;05-Mar-2020;0;0
UKM94;06-Mar-2020;0;0
UKM94;07-Mar-2020;0;0
UKM94;08-Mar-2020;0;0
UKM94;09-Mar-2020;1;1
UKM94;10-Mar-2020;0;1
UKM94;11-Mar-2020;0;1
UKM94;12-Mar-2020;2;3
UKM94;13-Mar-2020;1;4
UKM94;14-Mar-2020;0;4
UKM94;15-Mar-2020;0;4
UKM94;16-Mar-2020;0;4
UKM94;17-Mar-2020;2;6
UKM94;18-Mar-2020;0;6
UKM94;19-Mar-2020;1;7
UKM94;20-Mar-2020;2;9
UKM94;21-Mar-2020;4;13
UKM94;22-Mar-2020;4;17
UKM94;23-Mar-2020;2;19
UKM94;24-Mar-2020;9;28
UKM94;25-Mar-2020;8;36
UKM94;26-Mar-2020;6;42
UKM94;27-Mar-2020;9;51
UKM94;28-Mar-2020;6;57
UKM94;29-Mar-2020;6;63
UKM94;30-Mar-2020;10;73
UKM94;31-Mar-2020;7;80
UKM94;01-Apr-2020;6;86
UKM94;02-Apr-2020;6;92
UKM94;03-Apr-2020;7;99
UKM94;04-Apr-2020;5;104
UKM94;05-Apr-2020;3;107
UKM94;06-Apr-2020;8;115
UKM94;07-Apr-2020;8;123
UKM94;08-Apr-2020;10;133
UKM94;09-Apr-2020;3;136
UKM94;10-Apr-2020;6;142
UKM94;11-Apr-2020;1;143
UKM94;12-Apr-2020;5;148
UKM94;13-Apr-2020;6;154
UKM94;14-Apr-2020;9;163
UKM94;15-Apr-2020;9;172
UKM94;16-Apr-2020;8;180
UKM94;17-Apr-2020;14;194
UKM94;18-Apr-2020;3;197
UKM94;19-Apr-2020;5;202
UKM94;20-Apr-2020;13;215
UKM94;21-Apr-2020;5;220
UKM94;22-Apr-2020;3;223
UKM94;23-Apr-2020;4;227
UKM94;24-Apr-2020;3;230
UKM94;25-Apr-2020;4;234
UKM94;26-Apr-2020;5;239
UKM94;27-Apr-2020;5;244
UKM94;28-Apr-2020;7;251
UKM94;29-Apr-2020;4;255
UKM94;30-Apr-2020;5;260
UKM94;01-May-2020;9;269
UKM94;02-May-2020;9;278
UKM94;03-May-2020;3;281
UKM94;04-May-2020;11;292
UKM94;05-May-2020;5;297
UKM94;06-May-2020;10;307
UKM94;07-May-2020;8;315
UKM94;08-May-2020;6;321
UKM94;09-May-2020;11;332
UKM94;10-May-2020;3;335
UKM94;11-May-2020;3;338
UKM94;12-May-2020;5;343
UKM94;13-May-2020;6;349
UKM94;14-May-2020;3;352
UKM94;15-May-2020;6;358
UKM94;16-May-2020;5;363
UKM94;17-May-2020;2;365
UKM94;18-May-2020;2;367
UKM94;19-May-2020;0;367
UKM94;20-May-2020;3;370
UKM94;21-May-2020;2;372
UKM94;22-May-2020;2;374
UKM94;23-May-2020;0;374
UKM94;24-May-2020;2;376
UKM94;25-May-2020;5;381
UKM94;26-May-2020;8;389
UKM94;27-May-2020;2;391
UKM94;28-May-2020;0;391
UKM94;29-May-2020;0;391
UKM94;30-May-2020;1;392
UKM94;31-May-2020;0;392
UKM94;01-Jun-2020;0;392
UKM94;02-Jun-2020;1;393
UKM94;03-Jun-2020;1;394
UKM94;04-Jun-2020;0;394
UKM94;05-Jun-2020;0;394
UKM94;06-Jun-2020;0;394
UKM94;07-Jun-2020;0;394
UKM94;08-Jun-2020;0;394
UKM94;09-Jun-2020;0;394
UKM94;10-Jun-2020;0;394
UKM94;11-Jun-2020;0;394
UKM94;12-Jun-2020;0;394
UKM94;13-Jun-2020;0;394
UKM94;14-Jun-2020;0;394
UKM94;15-Jun-2020;0;394
UKM94;16-Jun-2020;0;394
UKM94;17-Jun-2020;0;394
UKM94;18-Jun-2020;0;394
UKM94;19-Jun-2020;0;394
UKM94;20-Jun-2020;0;394
UKM94;21-Jun-2020;0;394
UKM94;22-Jun-2020;0;394
UKM94;23-Jun-2020;0;394
UKM94;24-Jun-2020;0;394
UKM94;25-Jun-2020;0;394
UKM94;26-Jun-2020;0;394
UKM94;27-Jun-2020;0;394
UKM94;28-Jun-2020;0;394
UKM94;29-Jun-2020;0;394
UKM94;30-Jun-2020;0;394
UKM94;01-Jul-2020;1;395
UKM94;02-Jul-2020;0;395
UKM94;03-Jul-2020;0;395
UKM94;04-Jul-2020;0;395
UKM94;05-Jul-2020;0;395
UKM94;06-Jul-2020;0;395
UKM94;07-Jul-2020;0;395
UKM94;08-Jul-2020;0;395
UKM94;09-Jul-2020;0;395
UKM94;10-Jul-2020;0;395
UKM94;11-Jul-2020;1;396
UKM94;12-Jul-2020;0;396
UKM94;13-Jul-2020;0;396
UKM94;14-Jul-2020;0;396
UKM94;15-Jul-2020;0;396
UKM94;16-Jul-2020;0;396
UKM94;17-Jul-2020;0;396
UKM94;18-Jul-2020;3;399
UKM94;19-Jul-2020;1;400
UKM94;20-Jul-2020;0;400
UKM94;21-Jul-2020;0;400
UKM94;22-Jul-2020;0;400
UKM94;23-Jul-2020;0;400
UKM94;24-Jul-2020;0;400
UKM94;25-Jul-2020;0;400
UKM94;26-Jul-2020;0;400
UKM94;27-Jul-2020;0;400
UKM94;28-Jul-2020;0;400
UKM94;29-Jul-2020;0;400
UKM94;30-Jul-2020;0;400
UKM94;31-Jul-2020;0;400
UKM94;01-Aug-2020;0;400
UKM94;02-Aug-2020;0;400
UKM94;03-Aug-2020;1;401
UKM94;04-Aug-2020;0;401
UKM94;05-Aug-2020;0;401
UKM94;06-Aug-2020;1;402
UKM94;07-Aug-2020;0;402
UKM94;08-Aug-2020;0;402
UKM94;09-Aug-2020;0;402
UKM94;10-Aug-2020;0;402
UKM94;11-Aug-2020;1;403
UKM94;12-Aug-2020;1;404
UKM94;13-Aug-2020;0;404
UKM94;14-Aug-2020;0;404
UKM94;15-Aug-2020;0;404
UKM94;16-Aug-2020;0;404
UKM94;17-Aug-2020;1;405
UKM94;18-Aug-2020;0;405
UKM94;19-Aug-2020;0;405
UKM94;20-Aug-2020;1;406
UKM94;21-Aug-2020;1;407
UKM94;22-Aug-2020;0;407
UKM94;23-Aug-2020;3;410
UKM94;24-Aug-2020;0;410
UKM94;25-Aug-2020;2;412
UKM94;26-Aug-2020;8;420
UKM94;27-Aug-2020;4;424
UKM94;28-Aug-2020;2;426
UKM94;29-Aug-2020;3;429
UKM94;30-Aug-2020;4;433
UKM94;31-Aug-2020;2;435
UKM94;01-Sep-2020;3;438
UKM94;02-Sep-2020;5;443
UKM94;03-Sep-2020;6;449
UKM94;04-Sep-2020;4;453
UKM94;05-Sep-2020;2;455
UKM94;06-Sep-2020;3;458
UKM94;07-Sep-2020;3;461
UKM94;08-Sep-2020;4;465
UKM94;09-Sep-2020;7;472
UKM94;10-Sep-2020;1;473
UKM94;11-Sep-2020;3;476
UKM94;12-Sep-2020;4;480
UKM94;13-Sep-2020;1;481
UKM94;14-Sep-2020;5;486
UKM94;15-Sep-2020;3;489
UKM94;16-Sep-2020;4;493
UKM94;17-Sep-2020;1;494
UKM94;18-Sep-2020;1;495
UKM94;19-Sep-2020;0;495
UKM94;20-Sep-2020;1;496
UKM94;21-Sep-2020;6;502
UKM94;22-Sep-2020;6;508
UKM94;23-Sep-2020;7;515
UKM94;24-Sep-2020;11;526
UKM94;25-Sep-2020;10;536
UKM94;26-Sep-2020;7;543
UKM94;27-Sep-2020;2;545
UKM94;28-Sep-2020;4;549
UKM94;29-Sep-2020;2;551
UKM94;30-Sep-2020;10;561
UKM94;01-Oct-2020;14;575
UKM94;02-Oct-2020;10;585
UKM94;03-Oct-2020;10;595
UKM94;04-Oct-2020;3;598
UKM94;05-Oct-2020;9;607
UKM94;06-Oct-2020;12;619
UKM94;07-Oct-2020;8;627
UKM94;08-Oct-2020;19;646
UKM94;09-Oct-2020;21;667
UKM94;10-Oct-2020;17;684
UKM94;11-Oct-2020;13;697
UKM94;12-Oct-2020;20;717
UKM94;13-Oct-2020;40;757
UKM94;14-Oct-2020;27;784
UKM94;15-Oct-2020;24;808
UKM94;16-Oct-2020;17;825
UKM94;17-Oct-2020;12;837
UKM94;18-Oct-2020;13;850
UKM94;19-Oct-2020;20;870
UKM94;20-Oct-2020;29;899
UKM94;21-Oct-2020;41;940
UKM94;22-Oct-2020;36;976
UKM94;23-Oct-2020;33;1009
UKM94;24-Oct-2020;16;1025
UKM94;25-Oct-2020;16;1041
UKM94;26-Oct-2020;23;1064
UKM94;27-Oct-2020;28;1092
UKM94;28-Oct-2020;16;1108
UKM94;29-Oct-2020;39;1147
UKM94;30-Oct-2020;18;1165
UKM94;31-Oct-2020;28;1193
UKM94;01-Nov-2020;43;1236
UKM94;02-Nov-2020;27;1263
UKM94;03-Nov-2020;38;1301
UKM94;04-Nov-2020;27;1328
UKM94;05-Nov-2020;21;1349
UKM94;06-Nov-2020;24;1373
UKM94;07-Nov-2020;14;1387
UKM94;08-Nov-2020;23;1410
UKM94;09-Nov-2020;40;1450
UKM94;10-Nov-2020;16;1466
UKM94;11-Nov-2020;39;1505
UKM94;12-Nov-2020;17;1522
UKM94;13-Nov-2020;30;1552
UKM94;14-Nov-2020;29;1581
UKM94;15-Nov-2020;14;1595
UKM94;16-Nov-2020;27;1622
UKM94;17-Nov-2020;25;1647
UKM94;18-Nov-2020;31;1678
UKM94;19-Nov-2020;13;1691
UKM94;20-Nov-2020;13;1704
UKM94;21-Nov-2020;18;1722
UKM94;22-Nov-2020;13;1735
UKM94;23-Nov-2020;6;1741
UKM95;28-Feb-2020;0;0
UKM95;29-Feb-2020;0;0
UKM95;01-Mar-2020;0;0
UKM95;02-Mar-2020;0;0
UKM95;03-Mar-2020;0;0
UKM95;04-Mar-2020;0;0
UKM95;05-Mar-2020;0;0
UKM95;06-Mar-2020;1;1
UKM95;07-Mar-2020;0;1
UKM95;08-Mar-2020;0;1
UKM95;09-Mar-2020;0;1
UKM95;10-Mar-2020;1;2
UKM95;11-Mar-2020;1;3
UKM95;12-Mar-2020;0;3
UKM95;13-Mar-2020;3;6
UKM95;14-Mar-2020;2;8
UKM95;15-Mar-2020;0;8
UKM95;16-Mar-2020;1;9
UKM95;17-Mar-2020;1;10
UKM95;18-Mar-2020;2;12
UKM95;19-Mar-2020;1;13
UKM95;20-Mar-2020;3;16
UKM95;21-Mar-2020;4;20
UKM95;22-Mar-2020;9;29
UKM95;23-Mar-2020;9;38
UKM95;24-Mar-2020;14;52
UKM95;25-Mar-2020;9;61
UKM95;26-Mar-2020;12;73
UKM95;27-Mar-2020;11;84
UKM95;28-Mar-2020;13;97
UKM95;29-Mar-2020;10;107
UKM95;30-Mar-2020;26;133
UKM95;31-Mar-2020;15;148
UKM95;01-Apr-2020;31;179
UKM95;02-Apr-2020;18;197
UKM95;03-Apr-2020;34;231
UKM95;04-Apr-2020;13;244
UKM95;05-Apr-2020;17;261
UKM95;06-Apr-2020;17;278
UKM95;07-Apr-2020;30;308
UKM95;08-Apr-2020;21;329
UKM95;09-Apr-2020;25;354
UKM95;10-Apr-2020;18;372
UKM95;11-Apr-2020;18;390
UKM95;12-Apr-2020;15;405
UKM95;13-Apr-2020;20;425
UKM95;14-Apr-2020;15;440
UKM95;15-Apr-2020;23;463
UKM95;16-Apr-2020;22;485
UKM95;17-Apr-2020;16;501
UKM95;18-Apr-2020;12;513
UKM95;19-Apr-2020;14;527
UKM95;20-Apr-2020;88;615
UKM95;21-Apr-2020;20;635
UKM95;22-Apr-2020;20;655
UKM95;23-Apr-2020;6;661
UKM95;24-Apr-2020;14;675
UKM95;25-Apr-2020;17;692
UKM95;26-Apr-2020;14;706
UKM95;27-Apr-2020;24;730
UKM95;28-Apr-2020;22;752
UKM95;29-Apr-2020;28;780
UKM95;30-Apr-2020;17;797
UKM95;01-May-2020;27;824
UKM95;02-May-2020;24;848
UKM95;03-May-2020;17;865
UKM95;04-May-2020;34;899
UKM95;05-May-2020;30;929
UKM95;06-May-2020;44;973
UKM95;07-May-2020;15;988
UKM95;08-May-2020;33;1021
UKM95;09-May-2020;18;1039
UKM95;10-May-2020;18;1057
UKM95;11-May-2020;18;1075
UKM95;12-May-2020;24;1099
UKM95;13-May-2020;21;1120
UKM95;14-May-2020;19;1139
UKM95;15-May-2020;24;1163
UKM95;16-May-2020;9;1172
UKM95;17-May-2020;5;1177
UKM95;18-May-2020;6;1183
UKM95;19-May-2020;17;1200
UKM95;20-May-2020;11;1211
UKM95;21-May-2020;13;1224
UKM95;22-May-2020;7;1231
UKM95;23-May-2020;9;1240
UKM95;24-May-2020;7;1247
UKM95;25-May-2020;5;1252
UKM95;26-May-2020;10;1262
UKM95;27-May-2020;3;1265
UKM95;28-May-2020;4;1269
UKM95;29-May-2020;1;1270
UKM95;30-May-2020;5;1275
UKM95;31-May-2020;3;1278
UKM95;01-Jun-2020;3;1281
UKM95;02-Jun-2020;3;1284
UKM95;03-Jun-2020;4;1288
UKM95;04-Jun-2020;1;1289
UKM95;05-Jun-2020;3;1292
UKM95;06-Jun-2020;3;1295
UKM95;07-Jun-2020;5;1300
UKM95;08-Jun-2020;2;1302
UKM95;09-Jun-2020;5;1307
UKM95;10-Jun-2020;2;1309
UKM95;11-Jun-2020;2;1311
UKM95;12-Jun-2020;5;1316
UKM95;13-Jun-2020;2;1318
UKM95;14-Jun-2020;2;1320
UKM95;15-Jun-2020;3;1323
UKM95;16-Jun-2020;4;1327
UKM95;17-Jun-2020;11;1338
UKM95;18-Jun-2020;4;1342
UKM95;19-Jun-2020;3;1345
UKM95;20-Jun-2020;1;1346
UKM95;21-Jun-2020;0;1346
UKM95;22-Jun-2020;2;1348
UKM95;23-Jun-2020;2;1350
UKM95;24-Jun-2020;0;1350
UKM95;25-Jun-2020;3;1353
UKM95;26-Jun-2020;0;1353
UKM95;27-Jun-2020;1;1354
UKM95;28-Jun-2020;0;1354
UKM95;29-Jun-2020;1;1355
UKM95;30-Jun-2020;1;1356
UKM95;01-Jul-2020;1;1357
UKM95;02-Jul-2020;1;1358
UKM95;03-Jul-2020;0;1358
UKM95;04-Jul-2020;0;1358
UKM95;05-Jul-2020;0;1358
UKM95;06-Jul-2020;0;1358
UKM95;07-Jul-2020;0;1358
UKM95;08-Jul-2020;0;1358
UKM95;09-Jul-2020;1;1359
UKM95;10-Jul-2020;0;1359
UKM95;11-Jul-2020;0;1359
UKM95;12-Jul-2020;0;1359
UKM95;13-Jul-2020;2;1361
UKM95;14-Jul-2020;1;1362
UKM95;15-Jul-2020;0;1362
UKM95;16-Jul-2020;1;1363
UKM95;17-Jul-2020;0;1363
UKM95;18-Jul-2020;2;1365
UKM95;19-Jul-2020;2;1367
UKM95;20-Jul-2020;0;1367
UKM95;21-Jul-2020;2;1369
UKM95;22-Jul-2020;0;1369
UKM95;23-Jul-2020;3;1372
UKM95;24-Jul-2020;0;1372
UKM95;25-Jul-2020;0;1372
UKM95;26-Jul-2020;0;1372
UKM95;27-Jul-2020;0;1372
UKM95;28-Jul-2020;1;1373
UKM95;29-Jul-2020;1;1374
UKM95;30-Jul-2020;0;1374
UKM95;31-Jul-2020;0;1374
UKM95;01-Aug-2020;0;1374
UKM95;02-Aug-2020;0;1374
UKM95;03-Aug-2020;3;1377
UKM95;04-Aug-2020;0;1377
UKM95;05-Aug-2020;0;1377
UKM95;06-Aug-2020;3;1380
UKM95;07-Aug-2020;1;1381
UKM95;08-Aug-2020;0;1381
UKM95;09-Aug-2020;0;1381
UKM95;10-Aug-2020;0;1381
UKM95;11-Aug-2020;1;1382
UKM95;12-Aug-2020;0;1382
UKM95;13-Aug-2020;1;1383
UKM95;14-Aug-2020;1;1384
UKM95;15-Aug-2020;0;1384
UKM95;16-Aug-2020;0;1384
UKM95;17-Aug-2020;2;1386
UKM95;18-Aug-2020;3;1389
UKM95;19-Aug-2020;2;1391
UKM95;20-Aug-2020;6;1397
UKM95;21-Aug-2020;5;1402
UKM95;22-Aug-2020;4;1406
UKM95;23-Aug-2020;7;1413
UKM95;24-Aug-2020;2;1415
UKM95;25-Aug-2020;7;1422
UKM95;26-Aug-2020;5;1427
UKM95;27-Aug-2020;7;1434
UKM95;28-Aug-2020;8;1442
UKM95;29-Aug-2020;7;1449
UKM95;30-Aug-2020;8;1457
UKM95;31-Aug-2020;10;1467
UKM95;01-Sep-2020;19;1486
UKM95;02-Sep-2020;11;1497
UKM95;03-Sep-2020;15;1512
UKM95;04-Sep-2020;17;1529
UKM95;05-Sep-2020;9;1538
UKM95;06-Sep-2020;8;1546
UKM95;07-Sep-2020;12;1558
UKM95;08-Sep-2020;11;1569
UKM95;09-Sep-2020;27;1596
UKM95;10-Sep-2020;18;1614
UKM95;11-Sep-2020;26;1640
UKM95;12-Sep-2020;26;1666
UKM95;13-Sep-2020;14;1680
UKM95;14-Sep-2020;10;1690
UKM95;15-Sep-2020;17;1707
UKM95;16-Sep-2020;17;1724
UKM95;17-Sep-2020;20;1744
UKM95;18-Sep-2020;17;1761
UKM95;19-Sep-2020;14;1775
UKM95;20-Sep-2020;21;1796
UKM95;21-Sep-2020;48;1844
UKM95;22-Sep-2020;43;1887
UKM95;23-Sep-2020;31;1918
UKM95;24-Sep-2020;44;1962
UKM95;25-Sep-2020;37;1999
UKM95;26-Sep-2020;20;2019
UKM95;27-Sep-2020;21;2040
UKM95;28-Sep-2020;29;2069
UKM95;29-Sep-2020;60;2129
UKM95;30-Sep-2020;63;2192
UKM95;01-Oct-2020;62;2254
UKM95;02-Oct-2020;82;2336
UKM95;03-Oct-2020;84;2420
UKM95;04-Oct-2020;78;2498
UKM95;05-Oct-2020;118;2616
UKM95;06-Oct-2020;126;2742
UKM95;07-Oct-2020;153;2895
UKM95;08-Oct-2020;131;3026
UKM95;09-Oct-2020;158;3184
UKM95;10-Oct-2020;122;3306
UKM95;11-Oct-2020;123;3429
UKM95;12-Oct-2020;176;3605
UKM95;13-Oct-2020;198;3803
UKM95;14-Oct-2020;188;3991
UKM95;15-Oct-2020;166;4157
UKM95;16-Oct-2020;164;4321
UKM95;17-Oct-2020;128;4449
UKM95;18-Oct-2020;130;4579
UKM95;19-Oct-2020;186;4765
UKM95;20-Oct-2020;250;5015
UKM95;21-Oct-2020;228;5243
UKM95;22-Oct-2020;179;5422
UKM95;23-Oct-2020;164;5586
UKM95;24-Oct-2020;132;5718
UKM95;25-Oct-2020;127;5845
UKM95;26-Oct-2020;142;5987
UKM95;27-Oct-2020;169;6156
UKM95;28-Oct-2020;140;6296
UKM95;29-Oct-2020;144;6440
UKM95;30-Oct-2020;132;6572
UKM95;31-Oct-2020;82;6654
UKM95;01-Nov-2020;112;6766
UKM95;02-Nov-2020;146;6912
UKM95;03-Nov-2020;176;7088
UKM95;04-Nov-2020;158;7246
UKM95;05-Nov-2020;133;7379
UKM95;06-Nov-2020;122;7501
UKM95;07-Nov-2020;85;7586
UKM95;08-Nov-2020;86;7672
UKM95;09-Nov-2020;120;7792
UKM95;10-Nov-2020;128;7920
UKM95;11-Nov-2020;116;8036
UKM95;12-Nov-2020;115;8151
UKM95;13-Nov-2020;95;8246
UKM95;14-Nov-2020;82;8328
UKM95;15-Nov-2020;92;8420
UKM95;16-Nov-2020;133;8553
UKM95;17-Nov-2020;106;8659
UKM95;18-Nov-2020;111;8770
UKM95;19-Nov-2020;111;8881
UKM95;20-Nov-2020;85;8966
UKM95;21-Nov-2020;75;9041
UKM95;22-Nov-2020;70;9111
UKM95;23-Nov-2020;21;9132
